experiment,evaluation_partition,orientation,model,protocol,duration_s,surface_id,family_group,query_speed_mm_s,query_direction_deg,query_nominal_force_N,log_power_mae,modeled_band_total_rms_error
familiar,selection,forward,conditions_only,direction,0.5,10,specimen_10,20,0,1.0,0.32794032805340095,0.15926397493714434
familiar,selection,forward,conditions_only,direction,0.5,10,specimen_10,20,45,0.5,0.2417778009092324,0.13727544354997645
familiar,selection,forward,conditions_only,direction,0.5,10,specimen_10,20,45,1.0,0.2249904026712617,0.10684540755364025
familiar,selection,forward,conditions_only,direction,0.5,10,specimen_10,20,90,0.5,0.36020783542618734,0.21319742216049886
familiar,selection,forward,conditions_only,direction,0.5,10,specimen_10,20,90,1.0,0.31898691850813515,0.2769699685331838
familiar,selection,forward,conditions_only,direction,0.5,10,specimen_10,20,135,0.5,0.19752051639313248,0.23279304664336192
familiar,selection,forward,conditions_only,direction,0.5,10,specimen_10,20,135,1.0,0.20570432942334502,0.24247891999602478
familiar,selection,forward,conditions_only,direction,0.5,10,specimen_10,20,180,0.5,0.3062500010893408,0.09301626303580024
familiar,selection,forward,conditions_only,direction,0.5,10,specimen_10,20,180,1.0,0.2901654394536792,0.013733365730083602
familiar,selection,forward,conditions_only,direction,0.5,10,specimen_10,20,225,0.5,0.20698328356113485,0.2963930280554105
familiar,selection,forward,conditions_only,direction,0.5,10,specimen_10,20,225,1.0,0.20474748346118873,0.30480448844369923
familiar,selection,forward,conditions_only,direction,0.5,10,specimen_10,20,270,0.5,0.28258874622951047,0.20764272542995504
familiar,selection,forward,conditions_only,direction,0.5,10,specimen_10,20,270,1.0,0.3217236340523122,0.038112722782365105
familiar,selection,forward,conditions_only,direction,0.5,10,specimen_10,20,315,0.5,0.21855956935997634,0.2565589801317093
familiar,selection,forward,conditions_only,direction,0.5,10,specimen_10,20,315,1.0,0.20426527940200004,0.45440703168447016
familiar,selection,forward,conditions_only,direction,0.5,10,specimen_10,40,45,0.5,0.24492726298785908,0.47834094219340906
familiar,selection,forward,conditions_only,direction,0.5,10,specimen_10,40,45,1.0,0.24084027223760854,0.40282477874492273
familiar,selection,forward,conditions_only,direction,0.5,10,specimen_10,40,90,1.0,0.4032834903948703,1.4891387147789166
familiar,selection,forward,conditions_only,direction,0.5,10,specimen_10,40,135,0.5,0.31408652119572,0.9919330222797802
familiar,selection,forward,conditions_only,direction,0.5,10,specimen_10,40,135,1.0,0.35476347881303405,0.9740077501970595
familiar,selection,forward,conditions_only,direction,0.5,10,specimen_10,40,180,0.5,0.4368299140388588,0.01394158251611921
familiar,selection,forward,conditions_only,direction,0.5,10,specimen_10,40,180,1.0,0.5005486255915536,0.16609908630343984
familiar,selection,forward,conditions_only,direction,0.5,10,specimen_10,40,225,0.5,0.23422022882583335,0.7704893253666713
familiar,selection,forward,conditions_only,direction,0.5,10,specimen_10,40,225,1.0,0.30346535714407824,0.5308095173446024
familiar,selection,forward,conditions_only,direction,0.5,10,specimen_10,40,270,0.5,0.3868887258498943,1.3646649738808723
familiar,selection,forward,conditions_only,direction,0.5,10,specimen_10,40,270,1.0,0.3180978360965841,0.741258974637564
familiar,selection,forward,conditions_only,direction,0.5,10,specimen_10,40,315,0.5,0.2824493933965736,0.6682279948103642
familiar,selection,forward,conditions_only,direction,0.5,10,specimen_10,40,315,1.0,0.36316617347907254,0.8306120415330724
familiar,selection,forward,conditions_only,direction,0.5,10,specimen_10,60,0,0.5,0.5824887462896197,0.18787027478726492
familiar,selection,forward,conditions_only,direction,0.5,10,specimen_10,60,0,1.0,0.5755564644917454,0.004758144765846795
familiar,selection,forward,conditions_only,direction,0.5,10,specimen_10,60,45,0.5,0.29688059159113594,0.7842475581692951
familiar,selection,forward,conditions_only,direction,0.5,10,specimen_10,60,45,1.0,0.3704084553015253,0.846566276273407
familiar,selection,forward,conditions_only,direction,0.5,10,specimen_10,60,90,0.5,0.3737087615327663,0.8082051912621713
familiar,selection,forward,conditions_only,direction,0.5,10,specimen_10,60,90,1.0,0.3845185448477475,1.1420127384371503
familiar,selection,forward,conditions_only,direction,0.5,10,specimen_10,60,135,0.5,0.4514416964480503,1.2550376379688502
familiar,selection,forward,conditions_only,direction,0.5,10,specimen_10,60,135,1.0,0.4753091873648187,1.0538545054498591
familiar,selection,forward,conditions_only,direction,0.5,10,specimen_10,60,180,0.5,0.4801597359499074,0.08578603810403607
familiar,selection,forward,conditions_only,direction,0.5,10,specimen_10,60,180,1.0,0.5748532165816417,0.21551238612269918
familiar,selection,forward,conditions_only,direction,0.5,10,specimen_10,60,225,0.5,0.3765006949257132,1.0571021553699265
familiar,selection,forward,conditions_only,direction,0.5,10,specimen_10,60,225,1.0,0.39541544633581255,0.9183802878717293
familiar,selection,forward,conditions_only,direction,0.5,10,specimen_10,60,270,0.5,0.39588741691797774,1.1659171744514398
familiar,selection,forward,conditions_only,direction,0.5,10,specimen_10,60,270,1.0,0.39374072789573056,0.8618816097388468
familiar,selection,forward,conditions_only,direction,0.5,10,specimen_10,60,315,0.5,0.3386977052117313,0.6247224448833324
familiar,selection,forward,conditions_only,direction,0.5,10,specimen_10,60,315,1.0,0.43051366223559834,0.9007836493588225
familiar,selection,forward,conditions_only,direction,0.5,57,specimen_57,20,0,1.0,0.6335563555614738,0.3889487279028717
familiar,selection,forward,conditions_only,direction,0.5,57,specimen_57,20,45,0.5,0.38299445141847605,0.11227135728542348
familiar,selection,forward,conditions_only,direction,0.5,57,specimen_57,20,45,1.0,0.39500027401570587,0.08535626137098085
familiar,selection,forward,conditions_only,direction,0.5,57,specimen_57,20,90,0.5,0.4305918139789712,0.11378827670938041
familiar,selection,forward,conditions_only,direction,0.5,57,specimen_57,20,90,1.0,0.474970716725096,0.06487371238273654
familiar,selection,forward,conditions_only,direction,0.5,57,specimen_57,20,135,0.5,0.3200657366791561,0.14874493741675826
familiar,selection,forward,conditions_only,direction,0.5,57,specimen_57,20,135,1.0,0.33302279208784086,0.11009439711460856
familiar,selection,forward,conditions_only,direction,0.5,57,specimen_57,20,180,0.5,0.4481777571472885,0.21369192309392196
familiar,selection,forward,conditions_only,direction,0.5,57,specimen_57,20,180,1.0,0.42823116547538526,0.20847392922329888
familiar,selection,forward,conditions_only,direction,0.5,57,specimen_57,20,225,0.5,0.2940420483287049,0.1898691290504017
familiar,selection,forward,conditions_only,direction,0.5,57,specimen_57,20,225,1.0,0.31881589336507893,0.16482543075176137
familiar,selection,forward,conditions_only,direction,0.5,57,specimen_57,20,270,0.5,0.33470145508642296,0.19243391308895824
familiar,selection,forward,conditions_only,direction,0.5,57,specimen_57,20,270,1.0,0.41827364899392516,0.008333092265114916
familiar,selection,forward,conditions_only,direction,0.5,57,specimen_57,20,315,0.5,0.36297557665265057,0.12616193999628744
familiar,selection,forward,conditions_only,direction,0.5,57,specimen_57,20,315,1.0,0.3547191937635099,0.03625943193745962
familiar,selection,forward,conditions_only,direction,0.5,57,specimen_57,40,45,0.5,0.4190414049689953,0.2647342692215935
familiar,selection,forward,conditions_only,direction,0.5,57,specimen_57,40,45,1.0,0.40123058962087604,0.16683059274504153
familiar,selection,forward,conditions_only,direction,0.5,57,specimen_57,40,90,1.0,0.37660398068852174,1.3249059245914516
familiar,selection,forward,conditions_only,direction,0.5,57,specimen_57,40,135,0.5,0.3851662294736129,0.7916588783964245
familiar,selection,forward,conditions_only,direction,0.5,57,specimen_57,40,135,1.0,0.4016465595254286,0.6835455988232596
familiar,selection,forward,conditions_only,direction,0.5,57,specimen_57,40,180,0.5,0.5363506994628275,0.11663717139945728
familiar,selection,forward,conditions_only,direction,0.5,57,specimen_57,40,180,1.0,0.4792683105887205,0.17698184584390386
familiar,selection,forward,conditions_only,direction,0.5,57,specimen_57,40,225,0.5,0.37826729283931293,0.5650235457471359
familiar,selection,forward,conditions_only,direction,0.5,57,specimen_57,40,225,1.0,0.36359587330328264,0.4766510616189805
familiar,selection,forward,conditions_only,direction,0.5,57,specimen_57,40,270,0.5,0.3409174223955092,1.6686300508579572
familiar,selection,forward,conditions_only,direction,0.5,57,specimen_57,40,270,1.0,0.34946437402598973,1.576879498677277
familiar,selection,forward,conditions_only,direction,0.5,57,specimen_57,40,315,0.5,0.36344044610832577,1.5816091728083248
familiar,selection,forward,conditions_only,direction,0.5,57,specimen_57,40,315,1.0,0.41480633819434826,1.3326211806225718
familiar,selection,forward,conditions_only,direction,0.5,57,specimen_57,60,0,0.5,0.8259776809916329,0.638539423747629
familiar,selection,forward,conditions_only,direction,0.5,57,specimen_57,60,0,1.0,0.814449620769245,0.661033024251407
familiar,selection,forward,conditions_only,direction,0.5,57,specimen_57,60,45,0.5,0.37555666777377317,0.8465906657414481
familiar,selection,forward,conditions_only,direction,0.5,57,specimen_57,60,45,1.0,0.3564454438369311,0.699623395878572
familiar,selection,forward,conditions_only,direction,0.5,57,specimen_57,60,90,0.5,0.38061504903252613,1.1095560612201087
familiar,selection,forward,conditions_only,direction,0.5,57,specimen_57,60,90,1.0,0.3829893565358331,1.0893806048807975
familiar,selection,forward,conditions_only,direction,0.5,57,specimen_57,60,135,0.5,0.39446220119106346,1.4222856549242506
familiar,selection,forward,conditions_only,direction,0.5,57,specimen_57,60,135,1.0,0.37581464782853846,1.3134007328005888
familiar,selection,forward,conditions_only,direction,0.5,57,specimen_57,60,180,0.5,0.6562968061281178,0.3983377632497863
familiar,selection,forward,conditions_only,direction,0.5,57,specimen_57,60,180,1.0,0.575100843637569,0.35753398886579096
familiar,selection,forward,conditions_only,direction,0.5,57,specimen_57,60,225,0.5,0.32299163178075035,0.9155549537777852
familiar,selection,forward,conditions_only,direction,0.5,57,specimen_57,60,225,1.0,0.34854401677903607,0.899223127648235
familiar,selection,forward,conditions_only,direction,0.5,57,specimen_57,60,270,0.5,0.3598471094496187,1.340023367603798
familiar,selection,forward,conditions_only,direction,0.5,57,specimen_57,60,270,1.0,0.3691379698099945,1.2061096332113532
familiar,selection,forward,conditions_only,direction,0.5,57,specimen_57,60,315,0.5,0.3148828142998557,1.0825353819392174
familiar,selection,forward,conditions_only,direction,0.5,57,specimen_57,60,315,1.0,0.33371318041021175,1.3721385730364046
familiar,selection,forward,conditions_only,repeat,0.5,10,specimen_10,20,0,1.0,0.32794032805340095,0.15926397493714434
familiar,selection,forward,conditions_only,repeat,0.5,10,specimen_10,20,45,0.5,0.2417778009092324,0.13727544354997645
familiar,selection,forward,conditions_only,repeat,0.5,10,specimen_10,20,45,1.0,0.2249904026712617,0.10684540755364025
familiar,selection,forward,conditions_only,repeat,0.5,10,specimen_10,20,90,0.5,0.36020783542618734,0.21319742216049886
familiar,selection,forward,conditions_only,repeat,0.5,10,specimen_10,20,90,1.0,0.31898691850813515,0.2769699685331838
familiar,selection,forward,conditions_only,repeat,0.5,10,specimen_10,20,135,0.5,0.19752051639313248,0.23279304664336192
familiar,selection,forward,conditions_only,repeat,0.5,10,specimen_10,20,135,1.0,0.20570432942334502,0.24247891999602478
familiar,selection,forward,conditions_only,repeat,0.5,10,specimen_10,20,180,0.5,0.3062500010893408,0.09301626303580024
familiar,selection,forward,conditions_only,repeat,0.5,10,specimen_10,20,180,1.0,0.2901654394536792,0.013733365730083602
familiar,selection,forward,conditions_only,repeat,0.5,10,specimen_10,20,225,0.5,0.20698328356113485,0.2963930280554105
familiar,selection,forward,conditions_only,repeat,0.5,10,specimen_10,20,225,1.0,0.20474748346118873,0.30480448844369923
familiar,selection,forward,conditions_only,repeat,0.5,10,specimen_10,20,270,0.5,0.28258874622951047,0.20764272542995504
familiar,selection,forward,conditions_only,repeat,0.5,10,specimen_10,20,270,1.0,0.3217236340523122,0.038112722782365105
familiar,selection,forward,conditions_only,repeat,0.5,10,specimen_10,20,315,0.5,0.21855956935997634,0.2565589801317093
familiar,selection,forward,conditions_only,repeat,0.5,10,specimen_10,20,315,1.0,0.20426527940200004,0.45440703168447016
familiar,selection,forward,conditions_only,repeat,0.5,10,specimen_10,40,45,0.5,0.24492726298785908,0.47834094219340906
familiar,selection,forward,conditions_only,repeat,0.5,10,specimen_10,40,45,1.0,0.24084027223760854,0.40282477874492273
familiar,selection,forward,conditions_only,repeat,0.5,10,specimen_10,40,90,1.0,0.4032834903948703,1.4891387147789166
familiar,selection,forward,conditions_only,repeat,0.5,10,specimen_10,40,135,0.5,0.31408652119572,0.9919330222797802
familiar,selection,forward,conditions_only,repeat,0.5,10,specimen_10,40,135,1.0,0.35476347881303405,0.9740077501970595
familiar,selection,forward,conditions_only,repeat,0.5,10,specimen_10,40,180,0.5,0.4368299140388588,0.01394158251611921
familiar,selection,forward,conditions_only,repeat,0.5,10,specimen_10,40,180,1.0,0.5005486255915536,0.16609908630343984
familiar,selection,forward,conditions_only,repeat,0.5,10,specimen_10,40,225,0.5,0.23422022882583335,0.7704893253666713
familiar,selection,forward,conditions_only,repeat,0.5,10,specimen_10,40,225,1.0,0.30346535714407824,0.5308095173446024
familiar,selection,forward,conditions_only,repeat,0.5,10,specimen_10,40,270,0.5,0.3868887258498943,1.3646649738808723
familiar,selection,forward,conditions_only,repeat,0.5,10,specimen_10,40,270,1.0,0.3180978360965841,0.741258974637564
familiar,selection,forward,conditions_only,repeat,0.5,10,specimen_10,40,315,0.5,0.2824493933965736,0.6682279948103642
familiar,selection,forward,conditions_only,repeat,0.5,10,specimen_10,40,315,1.0,0.36316617347907254,0.8306120415330724
familiar,selection,forward,conditions_only,repeat,0.5,10,specimen_10,60,0,0.5,0.5824887462896197,0.18787027478726492
familiar,selection,forward,conditions_only,repeat,0.5,10,specimen_10,60,0,1.0,0.5755564644917454,0.004758144765846795
familiar,selection,forward,conditions_only,repeat,0.5,10,specimen_10,60,45,0.5,0.29688059159113594,0.7842475581692951
familiar,selection,forward,conditions_only,repeat,0.5,10,specimen_10,60,45,1.0,0.3704084553015253,0.846566276273407
familiar,selection,forward,conditions_only,repeat,0.5,10,specimen_10,60,90,0.5,0.3737087615327663,0.8082051912621713
familiar,selection,forward,conditions_only,repeat,0.5,10,specimen_10,60,90,1.0,0.3845185448477475,1.1420127384371503
familiar,selection,forward,conditions_only,repeat,0.5,10,specimen_10,60,135,0.5,0.4514416964480503,1.2550376379688502
familiar,selection,forward,conditions_only,repeat,0.5,10,specimen_10,60,135,1.0,0.4753091873648187,1.0538545054498591
familiar,selection,forward,conditions_only,repeat,0.5,10,specimen_10,60,180,0.5,0.4801597359499074,0.08578603810403607
familiar,selection,forward,conditions_only,repeat,0.5,10,specimen_10,60,180,1.0,0.5748532165816417,0.21551238612269918
familiar,selection,forward,conditions_only,repeat,0.5,10,specimen_10,60,225,0.5,0.3765006949257132,1.0571021553699265
familiar,selection,forward,conditions_only,repeat,0.5,10,specimen_10,60,225,1.0,0.39541544633581255,0.9183802878717293
familiar,selection,forward,conditions_only,repeat,0.5,10,specimen_10,60,270,0.5,0.39588741691797774,1.1659171744514398
familiar,selection,forward,conditions_only,repeat,0.5,10,specimen_10,60,270,1.0,0.39374072789573056,0.8618816097388468
familiar,selection,forward,conditions_only,repeat,0.5,10,specimen_10,60,315,0.5,0.3386977052117313,0.6247224448833324
familiar,selection,forward,conditions_only,repeat,0.5,10,specimen_10,60,315,1.0,0.43051366223559834,0.9007836493588225
familiar,selection,forward,conditions_only,repeat,0.5,57,specimen_57,20,0,1.0,0.6335563555614738,0.3889487279028717
familiar,selection,forward,conditions_only,repeat,0.5,57,specimen_57,20,45,0.5,0.38299445141847605,0.11227135728542348
familiar,selection,forward,conditions_only,repeat,0.5,57,specimen_57,20,45,1.0,0.39500027401570587,0.08535626137098085
familiar,selection,forward,conditions_only,repeat,0.5,57,specimen_57,20,90,0.5,0.4305918139789712,0.11378827670938041
familiar,selection,forward,conditions_only,repeat,0.5,57,specimen_57,20,90,1.0,0.474970716725096,0.06487371238273654
familiar,selection,forward,conditions_only,repeat,0.5,57,specimen_57,20,135,0.5,0.3200657366791561,0.14874493741675826
familiar,selection,forward,conditions_only,repeat,0.5,57,specimen_57,20,135,1.0,0.33302279208784086,0.11009439711460856
familiar,selection,forward,conditions_only,repeat,0.5,57,specimen_57,20,180,0.5,0.4481777571472885,0.21369192309392196
familiar,selection,forward,conditions_only,repeat,0.5,57,specimen_57,20,180,1.0,0.42823116547538526,0.20847392922329888
familiar,selection,forward,conditions_only,repeat,0.5,57,specimen_57,20,225,0.5,0.2940420483287049,0.1898691290504017
familiar,selection,forward,conditions_only,repeat,0.5,57,specimen_57,20,225,1.0,0.31881589336507893,0.16482543075176137
familiar,selection,forward,conditions_only,repeat,0.5,57,specimen_57,20,270,0.5,0.33470145508642296,0.19243391308895824
familiar,selection,forward,conditions_only,repeat,0.5,57,specimen_57,20,270,1.0,0.41827364899392516,0.008333092265114916
familiar,selection,forward,conditions_only,repeat,0.5,57,specimen_57,20,315,0.5,0.36297557665265057,0.12616193999628744
familiar,selection,forward,conditions_only,repeat,0.5,57,specimen_57,20,315,1.0,0.3547191937635099,0.03625943193745962
familiar,selection,forward,conditions_only,repeat,0.5,57,specimen_57,40,45,0.5,0.4190414049689953,0.2647342692215935
familiar,selection,forward,conditions_only,repeat,0.5,57,specimen_57,40,45,1.0,0.40123058962087604,0.16683059274504153
familiar,selection,forward,conditions_only,repeat,0.5,57,specimen_57,40,90,1.0,0.37660398068852174,1.3249059245914516
familiar,selection,forward,conditions_only,repeat,0.5,57,specimen_57,40,135,0.5,0.3851662294736129,0.7916588783964245
familiar,selection,forward,conditions_only,repeat,0.5,57,specimen_57,40,135,1.0,0.4016465595254286,0.6835455988232596
familiar,selection,forward,conditions_only,repeat,0.5,57,specimen_57,40,180,0.5,0.5363506994628275,0.11663717139945728
familiar,selection,forward,conditions_only,repeat,0.5,57,specimen_57,40,180,1.0,0.4792683105887205,0.17698184584390386
familiar,selection,forward,conditions_only,repeat,0.5,57,specimen_57,40,225,0.5,0.37826729283931293,0.5650235457471359
familiar,selection,forward,conditions_only,repeat,0.5,57,specimen_57,40,225,1.0,0.36359587330328264,0.4766510616189805
familiar,selection,forward,conditions_only,repeat,0.5,57,specimen_57,40,270,0.5,0.3409174223955092,1.6686300508579572
familiar,selection,forward,conditions_only,repeat,0.5,57,specimen_57,40,270,1.0,0.34946437402598973,1.576879498677277
familiar,selection,forward,conditions_only,repeat,0.5,57,specimen_57,40,315,0.5,0.36344044610832577,1.5816091728083248
familiar,selection,forward,conditions_only,repeat,0.5,57,specimen_57,40,315,1.0,0.41480633819434826,1.3326211806225718
familiar,selection,forward,conditions_only,repeat,0.5,57,specimen_57,60,0,0.5,0.8259776809916329,0.638539423747629
familiar,selection,forward,conditions_only,repeat,0.5,57,specimen_57,60,0,1.0,0.814449620769245,0.661033024251407
familiar,selection,forward,conditions_only,repeat,0.5,57,specimen_57,60,45,0.5,0.37555666777377317,0.8465906657414481
familiar,selection,forward,conditions_only,repeat,0.5,57,specimen_57,60,45,1.0,0.3564454438369311,0.699623395878572
familiar,selection,forward,conditions_only,repeat,0.5,57,specimen_57,60,90,0.5,0.38061504903252613,1.1095560612201087
familiar,selection,forward,conditions_only,repeat,0.5,57,specimen_57,60,90,1.0,0.3829893565358331,1.0893806048807975
familiar,selection,forward,conditions_only,repeat,0.5,57,specimen_57,60,135,0.5,0.39446220119106346,1.4222856549242506
familiar,selection,forward,conditions_only,repeat,0.5,57,specimen_57,60,135,1.0,0.37581464782853846,1.3134007328005888
familiar,selection,forward,conditions_only,repeat,0.5,57,specimen_57,60,180,0.5,0.6562968061281178,0.3983377632497863
familiar,selection,forward,conditions_only,repeat,0.5,57,specimen_57,60,180,1.0,0.575100843637569,0.35753398886579096
familiar,selection,forward,conditions_only,repeat,0.5,57,specimen_57,60,225,0.5,0.32299163178075035,0.9155549537777852
familiar,selection,forward,conditions_only,repeat,0.5,57,specimen_57,60,225,1.0,0.34854401677903607,0.899223127648235
familiar,selection,forward,conditions_only,repeat,0.5,57,specimen_57,60,270,0.5,0.3598471094496187,1.340023367603798
familiar,selection,forward,conditions_only,repeat,0.5,57,specimen_57,60,270,1.0,0.3691379698099945,1.2061096332113532
familiar,selection,forward,conditions_only,repeat,0.5,57,specimen_57,60,315,0.5,0.3148828142998557,1.0825353819392174
familiar,selection,forward,conditions_only,repeat,0.5,57,specimen_57,60,315,1.0,0.33371318041021175,1.3721385730364046
familiar,selection,forward,conditions_only,single,0.5,10,specimen_10,20,0,1.0,0.32794032805340095,0.15926397493714434
familiar,selection,forward,conditions_only,single,0.5,10,specimen_10,20,45,0.5,0.2417778009092324,0.13727544354997645
familiar,selection,forward,conditions_only,single,0.5,10,specimen_10,20,45,1.0,0.2249904026712617,0.10684540755364025
familiar,selection,forward,conditions_only,single,0.5,10,specimen_10,20,90,0.5,0.36020783542618734,0.21319742216049886
familiar,selection,forward,conditions_only,single,0.5,10,specimen_10,20,90,1.0,0.31898691850813515,0.2769699685331838
familiar,selection,forward,conditions_only,single,0.5,10,specimen_10,20,135,0.5,0.19752051639313248,0.23279304664336192
familiar,selection,forward,conditions_only,single,0.5,10,specimen_10,20,135,1.0,0.20570432942334502,0.24247891999602478
familiar,selection,forward,conditions_only,single,0.5,10,specimen_10,20,180,0.5,0.3062500010893408,0.09301626303580024
familiar,selection,forward,conditions_only,single,0.5,10,specimen_10,20,180,1.0,0.2901654394536792,0.013733365730083602
familiar,selection,forward,conditions_only,single,0.5,10,specimen_10,20,225,0.5,0.20698328356113485,0.2963930280554105
familiar,selection,forward,conditions_only,single,0.5,10,specimen_10,20,225,1.0,0.20474748346118873,0.30480448844369923
familiar,selection,forward,conditions_only,single,0.5,10,specimen_10,20,270,0.5,0.28258874622951047,0.20764272542995504
familiar,selection,forward,conditions_only,single,0.5,10,specimen_10,20,270,1.0,0.3217236340523122,0.038112722782365105
familiar,selection,forward,conditions_only,single,0.5,10,specimen_10,20,315,0.5,0.21855956935997634,0.2565589801317093
familiar,selection,forward,conditions_only,single,0.5,10,specimen_10,20,315,1.0,0.20426527940200004,0.45440703168447016
familiar,selection,forward,conditions_only,single,0.5,10,specimen_10,40,45,0.5,0.24492726298785908,0.47834094219340906
familiar,selection,forward,conditions_only,single,0.5,10,specimen_10,40,45,1.0,0.24084027223760854,0.40282477874492273
familiar,selection,forward,conditions_only,single,0.5,10,specimen_10,40,90,1.0,0.4032834903948703,1.4891387147789166
familiar,selection,forward,conditions_only,single,0.5,10,specimen_10,40,135,0.5,0.31408652119572,0.9919330222797802
familiar,selection,forward,conditions_only,single,0.5,10,specimen_10,40,135,1.0,0.35476347881303405,0.9740077501970595
familiar,selection,forward,conditions_only,single,0.5,10,specimen_10,40,180,0.5,0.4368299140388588,0.01394158251611921
familiar,selection,forward,conditions_only,single,0.5,10,specimen_10,40,180,1.0,0.5005486255915536,0.16609908630343984
familiar,selection,forward,conditions_only,single,0.5,10,specimen_10,40,225,0.5,0.23422022882583335,0.7704893253666713
familiar,selection,forward,conditions_only,single,0.5,10,specimen_10,40,225,1.0,0.30346535714407824,0.5308095173446024
familiar,selection,forward,conditions_only,single,0.5,10,specimen_10,40,270,0.5,0.3868887258498943,1.3646649738808723
familiar,selection,forward,conditions_only,single,0.5,10,specimen_10,40,270,1.0,0.3180978360965841,0.741258974637564
familiar,selection,forward,conditions_only,single,0.5,10,specimen_10,40,315,0.5,0.2824493933965736,0.6682279948103642
familiar,selection,forward,conditions_only,single,0.5,10,specimen_10,40,315,1.0,0.36316617347907254,0.8306120415330724
familiar,selection,forward,conditions_only,single,0.5,10,specimen_10,60,0,0.5,0.5824887462896197,0.18787027478726492
familiar,selection,forward,conditions_only,single,0.5,10,specimen_10,60,0,1.0,0.5755564644917454,0.004758144765846795
familiar,selection,forward,conditions_only,single,0.5,10,specimen_10,60,45,0.5,0.29688059159113594,0.7842475581692951
familiar,selection,forward,conditions_only,single,0.5,10,specimen_10,60,45,1.0,0.3704084553015253,0.846566276273407
familiar,selection,forward,conditions_only,single,0.5,10,specimen_10,60,90,0.5,0.3737087615327663,0.8082051912621713
familiar,selection,forward,conditions_only,single,0.5,10,specimen_10,60,90,1.0,0.3845185448477475,1.1420127384371503
familiar,selection,forward,conditions_only,single,0.5,10,specimen_10,60,135,0.5,0.4514416964480503,1.2550376379688502
familiar,selection,forward,conditions_only,single,0.5,10,specimen_10,60,135,1.0,0.4753091873648187,1.0538545054498591
familiar,selection,forward,conditions_only,single,0.5,10,specimen_10,60,180,0.5,0.4801597359499074,0.08578603810403607
familiar,selection,forward,conditions_only,single,0.5,10,specimen_10,60,180,1.0,0.5748532165816417,0.21551238612269918
familiar,selection,forward,conditions_only,single,0.5,10,specimen_10,60,225,0.5,0.3765006949257132,1.0571021553699265
familiar,selection,forward,conditions_only,single,0.5,10,specimen_10,60,225,1.0,0.39541544633581255,0.9183802878717293
familiar,selection,forward,conditions_only,single,0.5,10,specimen_10,60,270,0.5,0.39588741691797774,1.1659171744514398
familiar,selection,forward,conditions_only,single,0.5,10,specimen_10,60,270,1.0,0.39374072789573056,0.8618816097388468
familiar,selection,forward,conditions_only,single,0.5,10,specimen_10,60,315,0.5,0.3386977052117313,0.6247224448833324
familiar,selection,forward,conditions_only,single,0.5,10,specimen_10,60,315,1.0,0.43051366223559834,0.9007836493588225
familiar,selection,forward,conditions_only,single,0.5,57,specimen_57,20,0,1.0,0.6335563555614738,0.3889487279028717
familiar,selection,forward,conditions_only,single,0.5,57,specimen_57,20,45,0.5,0.38299445141847605,0.11227135728542348
familiar,selection,forward,conditions_only,single,0.5,57,specimen_57,20,45,1.0,0.39500027401570587,0.08535626137098085
familiar,selection,forward,conditions_only,single,0.5,57,specimen_57,20,90,0.5,0.4305918139789712,0.11378827670938041
familiar,selection,forward,conditions_only,single,0.5,57,specimen_57,20,90,1.0,0.474970716725096,0.06487371238273654
familiar,selection,forward,conditions_only,single,0.5,57,specimen_57,20,135,0.5,0.3200657366791561,0.14874493741675826
familiar,selection,forward,conditions_only,single,0.5,57,specimen_57,20,135,1.0,0.33302279208784086,0.11009439711460856
familiar,selection,forward,conditions_only,single,0.5,57,specimen_57,20,180,0.5,0.4481777571472885,0.21369192309392196
familiar,selection,forward,conditions_only,single,0.5,57,specimen_57,20,180,1.0,0.42823116547538526,0.20847392922329888
familiar,selection,forward,conditions_only,single,0.5,57,specimen_57,20,225,0.5,0.2940420483287049,0.1898691290504017
familiar,selection,forward,conditions_only,single,0.5,57,specimen_57,20,225,1.0,0.31881589336507893,0.16482543075176137
familiar,selection,forward,conditions_only,single,0.5,57,specimen_57,20,270,0.5,0.33470145508642296,0.19243391308895824
familiar,selection,forward,conditions_only,single,0.5,57,specimen_57,20,270,1.0,0.41827364899392516,0.008333092265114916
familiar,selection,forward,conditions_only,single,0.5,57,specimen_57,20,315,0.5,0.36297557665265057,0.12616193999628744
familiar,selection,forward,conditions_only,single,0.5,57,specimen_57,20,315,1.0,0.3547191937635099,0.03625943193745962
familiar,selection,forward,conditions_only,single,0.5,57,specimen_57,40,45,0.5,0.4190414049689953,0.2647342692215935
familiar,selection,forward,conditions_only,single,0.5,57,specimen_57,40,45,1.0,0.40123058962087604,0.16683059274504153
familiar,selection,forward,conditions_only,single,0.5,57,specimen_57,40,90,1.0,0.37660398068852174,1.3249059245914516
familiar,selection,forward,conditions_only,single,0.5,57,specimen_57,40,135,0.5,0.3851662294736129,0.7916588783964245
familiar,selection,forward,conditions_only,single,0.5,57,specimen_57,40,135,1.0,0.4016465595254286,0.6835455988232596
familiar,selection,forward,conditions_only,single,0.5,57,specimen_57,40,180,0.5,0.5363506994628275,0.11663717139945728
familiar,selection,forward,conditions_only,single,0.5,57,specimen_57,40,180,1.0,0.4792683105887205,0.17698184584390386
familiar,selection,forward,conditions_only,single,0.5,57,specimen_57,40,225,0.5,0.37826729283931293,0.5650235457471359
familiar,selection,forward,conditions_only,single,0.5,57,specimen_57,40,225,1.0,0.36359587330328264,0.4766510616189805
familiar,selection,forward,conditions_only,single,0.5,57,specimen_57,40,270,0.5,0.3409174223955092,1.6686300508579572
familiar,selection,forward,conditions_only,single,0.5,57,specimen_57,40,270,1.0,0.34946437402598973,1.576879498677277
familiar,selection,forward,conditions_only,single,0.5,57,specimen_57,40,315,0.5,0.36344044610832577,1.5816091728083248
familiar,selection,forward,conditions_only,single,0.5,57,specimen_57,40,315,1.0,0.41480633819434826,1.3326211806225718
familiar,selection,forward,conditions_only,single,0.5,57,specimen_57,60,0,0.5,0.8259776809916329,0.638539423747629
familiar,selection,forward,conditions_only,single,0.5,57,specimen_57,60,0,1.0,0.814449620769245,0.661033024251407
familiar,selection,forward,conditions_only,single,0.5,57,specimen_57,60,45,0.5,0.37555666777377317,0.8465906657414481
familiar,selection,forward,conditions_only,single,0.5,57,specimen_57,60,45,1.0,0.3564454438369311,0.699623395878572
familiar,selection,forward,conditions_only,single,0.5,57,specimen_57,60,90,0.5,0.38061504903252613,1.1095560612201087
familiar,selection,forward,conditions_only,single,0.5,57,specimen_57,60,90,1.0,0.3829893565358331,1.0893806048807975
familiar,selection,forward,conditions_only,single,0.5,57,specimen_57,60,135,0.5,0.39446220119106346,1.4222856549242506
familiar,selection,forward,conditions_only,single,0.5,57,specimen_57,60,135,1.0,0.37581464782853846,1.3134007328005888
familiar,selection,forward,conditions_only,single,0.5,57,specimen_57,60,180,0.5,0.6562968061281178,0.3983377632497863
familiar,selection,forward,conditions_only,single,0.5,57,specimen_57,60,180,1.0,0.575100843637569,0.35753398886579096
familiar,selection,forward,conditions_only,single,0.5,57,specimen_57,60,225,0.5,0.32299163178075035,0.9155549537777852
familiar,selection,forward,conditions_only,single,0.5,57,specimen_57,60,225,1.0,0.34854401677903607,0.899223127648235
familiar,selection,forward,conditions_only,single,0.5,57,specimen_57,60,270,0.5,0.3598471094496187,1.340023367603798
familiar,selection,forward,conditions_only,single,0.5,57,specimen_57,60,270,1.0,0.3691379698099945,1.2061096332113532
familiar,selection,forward,conditions_only,single,0.5,57,specimen_57,60,315,0.5,0.3148828142998557,1.0825353819392174
familiar,selection,forward,conditions_only,single,0.5,57,specimen_57,60,315,1.0,0.33371318041021175,1.3721385730364046
familiar,selection,forward,copy,direction,0.5,10,specimen_10,20,0,1.0,0.6767884467751708,1.1872185653309035
familiar,selection,forward,copy,direction,0.5,10,specimen_10,20,45,0.5,0.6688973616352231,0.9016324366679356
familiar,selection,forward,copy,direction,0.5,10,specimen_10,20,45,1.0,0.6419809508558286,0.9239311933203485
familiar,selection,forward,copy,direction,0.5,10,specimen_10,20,90,0.5,0.7381707548812945,0.8776763691910412
familiar,selection,forward,copy,direction,0.5,10,specimen_10,20,90,1.0,0.6568109243380936,0.804285074449145
familiar,selection,forward,copy,direction,0.5,10,specimen_10,20,135,0.5,0.5552698600689941,0.9217697953749051
familiar,selection,forward,copy,direction,0.5,10,specimen_10,20,135,1.0,0.5136279246525156,0.902223783966558
familiar,selection,forward,copy,direction,0.5,10,specimen_10,20,180,0.5,0.790978721337862,1.289471700916055
familiar,selection,forward,copy,direction,0.5,10,specimen_10,20,180,1.0,0.6788052696583026,1.1739020072239645
familiar,selection,forward,copy,direction,0.5,10,specimen_10,20,225,0.5,0.6842526987193097,0.900646685947322
familiar,selection,forward,copy,direction,0.5,10,specimen_10,20,225,1.0,0.6699203351025841,0.8845149173251484
familiar,selection,forward,copy,direction,0.5,10,specimen_10,20,270,0.5,0.7597017821313709,0.9453438696374539
familiar,selection,forward,copy,direction,0.5,10,specimen_10,20,270,1.0,0.8645786706075985,1.1077626492532937
familiar,selection,forward,copy,direction,0.5,10,specimen_10,20,315,0.5,0.7536001327638143,0.8281154391227948
familiar,selection,forward,copy,direction,0.5,10,specimen_10,20,315,1.0,0.5697357569000295,0.6235055022330962
familiar,selection,forward,copy,direction,0.5,10,specimen_10,40,45,0.5,0.2707069796105361,0.4068995388592469
familiar,selection,forward,copy,direction,0.5,10,specimen_10,40,45,1.0,0.261159620769188,0.46947671627058596
familiar,selection,forward,copy,direction,0.5,10,specimen_10,40,90,1.0,0.22506258512726926,0.5547545650353618
familiar,selection,forward,copy,direction,0.5,10,specimen_10,40,135,0.5,0.37609064671332265,0.035698956514003344
familiar,selection,forward,copy,direction,0.5,10,specimen_10,40,135,1.0,0.3201699816233006,0.03883227923747401
familiar,selection,forward,copy,direction,0.5,10,specimen_10,40,180,0.5,0.58912297657045,1.0655945500794277
familiar,selection,forward,copy,direction,0.5,10,specimen_10,40,180,1.0,0.5491090351398126,0.9000374585096341
familiar,selection,forward,copy,direction,0.5,10,specimen_10,40,225,0.5,0.4829375028766086,0.3089224060595408
familiar,selection,forward,copy,direction,0.5,10,specimen_10,40,225,1.0,0.3890999767787637,0.5364888218172752
familiar,selection,forward,copy,direction,0.5,10,specimen_10,40,270,0.5,0.30674137850961286,0.3411880703730079
familiar,selection,forward,copy,direction,0.5,10,specimen_10,40,270,1.0,0.3973016559647277,0.27062292746683947
familiar,selection,forward,copy,direction,0.5,10,specimen_10,40,315,0.5,0.4000263661499168,0.27094840983612367
familiar,selection,forward,copy,direction,0.5,10,specimen_10,40,315,1.0,0.33096215480846275,0.09722020891991878
familiar,selection,forward,copy,direction,0.5,10,specimen_10,60,0,0.5,0.5941725296697563,0.8423139994982072
familiar,selection,forward,copy,direction,0.5,10,specimen_10,60,0,1.0,0.5635554245597172,0.631264757437661
familiar,selection,forward,copy,direction,0.5,10,specimen_10,60,45,0.5,0.29600513145157814,0.12084512540960857
familiar,selection,forward,copy,direction,0.5,10,specimen_10,60,45,1.0,0.35759978759397876,0.2031013257550427
familiar,selection,forward,copy,direction,0.5,10,specimen_10,60,90,0.5,0.47717730531129926,0.06384000838025061
familiar,selection,forward,copy,direction,0.5,10,specimen_10,60,90,1.0,0.4572623784929615,0.41947431678539293
familiar,selection,forward,copy,direction,0.5,10,specimen_10,60,135,0.5,0.3671975936549223,0.4108332670536028
familiar,selection,forward,copy,direction,0.5,10,specimen_10,60,135,1.0,0.41122235514670075,0.23143711613429363
familiar,selection,forward,copy,direction,0.5,10,specimen_10,60,180,0.5,0.6273523157689866,0.9957637531199213
familiar,selection,forward,copy,direction,0.5,10,specimen_10,60,180,1.0,0.6588078288207483,0.6745191854139683
familiar,selection,forward,copy,direction,0.5,10,specimen_10,60,225,0.5,0.3698230717304393,0.14893857121671794
familiar,selection,forward,copy,direction,0.5,10,specimen_10,60,225,1.0,0.41820037637843027,0.028713767315078798
familiar,selection,forward,copy,direction,0.5,10,specimen_10,60,270,0.5,0.4995272918720998,0.3312225591739044
familiar,selection,forward,copy,direction,0.5,10,specimen_10,60,270,1.0,0.44033523470382324,0.045409353805820674
familiar,selection,forward,copy,direction,0.5,10,specimen_10,60,315,0.5,0.33718154676504625,0.10293039315854524
familiar,selection,forward,copy,direction,0.5,10,specimen_10,60,315,1.0,0.3807193962575683,0.19132017169898963
familiar,selection,forward,copy,direction,0.5,57,specimen_57,20,0,1.0,0.7977154678433602,1.2725751138022752
familiar,selection,forward,copy,direction,0.5,57,specimen_57,20,45,0.5,0.5238180797400206,0.7823083184381329
familiar,selection,forward,copy,direction,0.5,57,specimen_57,20,45,1.0,0.5303127735164579,0.8010921350086522
familiar,selection,forward,copy,direction,0.5,57,specimen_57,20,90,0.5,0.5326241784102214,0.832757310147804
familiar,selection,forward,copy,direction,0.5,57,specimen_57,20,90,1.0,0.5684487319657823,0.8720531261052366
familiar,selection,forward,copy,direction,0.5,57,specimen_57,20,135,0.5,0.535474682792552,0.8614897001071531
familiar,selection,forward,copy,direction,0.5,57,specimen_57,20,135,1.0,0.5702026261085903,0.8902801023536185
familiar,selection,forward,copy,direction,0.5,57,specimen_57,20,180,0.5,0.7779019136063732,1.2658191564798211
familiar,selection,forward,copy,direction,0.5,57,specimen_57,20,180,1.0,0.72739522026485,1.2517810976829913
familiar,selection,forward,copy,direction,0.5,57,specimen_57,20,225,0.5,0.5399252981431579,0.8628423804579751
familiar,selection,forward,copy,direction,0.5,57,specimen_57,20,225,1.0,0.5554425038913403,0.8801657705227306
familiar,selection,forward,copy,direction,0.5,57,specimen_57,20,270,0.5,0.5522246614178785,0.816224477484095
familiar,selection,forward,copy,direction,0.5,57,specimen_57,20,270,1.0,0.6655762995283133,1.009880259806418
familiar,selection,forward,copy,direction,0.5,57,specimen_57,20,315,0.5,0.6019639770663069,0.814184274763861
familiar,selection,forward,copy,direction,0.5,57,specimen_57,20,315,1.0,0.580088472485699,0.8973248974857511
familiar,selection,forward,copy,direction,0.5,57,specimen_57,40,45,0.5,0.4348860417478095,0.4761780073367068
familiar,selection,forward,copy,direction,0.5,57,specimen_57,40,45,1.0,0.42170320078883466,0.5611426977761115
familiar,selection,forward,copy,direction,0.5,57,specimen_57,40,90,1.0,0.20509385719062215,0.5348499793422523
familiar,selection,forward,copy,direction,0.5,57,specimen_57,40,135,0.5,0.43393143245618643,0.0916448959030034
familiar,selection,forward,copy,direction,0.5,57,specimen_57,40,135,1.0,0.46070229114739014,0.18496622611691826
familiar,selection,forward,copy,direction,0.5,57,specimen_57,40,180,0.5,0.6614095307389111,1.0518450995006485
familiar,selection,forward,copy,direction,0.5,57,specimen_57,40,180,1.0,0.6206857223358548,1.0987901861626221
familiar,selection,forward,copy,direction,0.5,57,specimen_57,40,225,0.5,0.5479527295254534,0.3700599811847205
familiar,selection,forward,copy,direction,0.5,57,specimen_57,40,225,1.0,0.5137183335675654,0.44631907304854135
familiar,selection,forward,copy,direction,0.5,57,specimen_57,40,270,0.5,0.2034061461867859,0.7894813518444486
familiar,selection,forward,copy,direction,0.5,57,specimen_57,40,270,1.0,0.2354612221041238,0.7093258010672292
familiar,selection,forward,copy,direction,0.5,57,specimen_57,40,315,0.5,0.4917186704048014,0.7867609726561926
familiar,selection,forward,copy,direction,0.5,57,specimen_57,40,315,1.0,0.524508996439074,0.5491171346639363
familiar,selection,forward,copy,direction,0.5,57,specimen_57,60,0,0.5,0.7361903025689359,1.1486549439642155
familiar,selection,forward,copy,direction,0.5,57,specimen_57,60,0,1.0,0.7035858056678622,1.152727721960559
familiar,selection,forward,copy,direction,0.5,57,specimen_57,60,45,0.5,0.40518840924939054,0.32751643747611725
familiar,selection,forward,copy,direction,0.5,57,specimen_57,60,45,1.0,0.38953976190764883,0.20048664985456344
familiar,selection,forward,copy,direction,0.5,57,specimen_57,60,90,0.5,0.4819751054601702,0.5095190828325438
familiar,selection,forward,copy,direction,0.5,57,specimen_57,60,90,1.0,0.4660517954724903,0.5111703877233957
familiar,selection,forward,copy,direction,0.5,57,specimen_57,60,135,0.5,0.3784003724755299,0.722409488503359
familiar,selection,forward,copy,direction,0.5,57,specimen_57,60,135,1.0,0.42186431213674364,0.6353115479793789
familiar,selection,forward,copy,direction,0.5,57,specimen_57,60,180,0.5,0.6851684174790531,1.163987273771316
familiar,selection,forward,copy,direction,0.5,57,specimen_57,60,180,1.0,0.5911229462617721,1.1032373559081028
familiar,selection,forward,copy,direction,0.5,57,specimen_57,60,225,0.5,0.37132472505201086,0.15171957411893233
familiar,selection,forward,copy,direction,0.5,57,specimen_57,60,225,1.0,0.3666575369211591,0.15388481158594014
familiar,selection,forward,copy,direction,0.5,57,specimen_57,60,270,0.5,0.46799633210761393,0.6496569568206185
familiar,selection,forward,copy,direction,0.5,57,specimen_57,60,270,1.0,0.46906897842848244,0.5339655817726829
familiar,selection,forward,copy,direction,0.5,57,specimen_57,60,315,0.5,0.358188816067716,0.49921074839169544
familiar,selection,forward,copy,direction,0.5,57,specimen_57,60,315,1.0,0.3596550988626799,0.8070032998709276
familiar,selection,forward,copy,repeat,0.5,10,specimen_10,20,0,1.0,0.4405042379981614,0.3318979889549401
familiar,selection,forward,copy,repeat,0.5,10,specimen_10,20,45,0.5,0.6963868625182817,0.04631186029197221
familiar,selection,forward,copy,repeat,0.5,10,specimen_10,20,45,1.0,0.6742437113495218,0.06861061694438508
familiar,selection,forward,copy,repeat,0.5,10,specimen_10,20,90,0.5,0.8615389665370198,0.022355792815077824
familiar,selection,forward,copy,repeat,0.5,10,specimen_10,20,90,1.0,0.8060552080748794,0.05103550192681838
familiar,selection,forward,copy,repeat,0.5,10,specimen_10,20,135,0.5,0.6381121500635628,0.06644921899894174
familiar,selection,forward,copy,repeat,0.5,10,specimen_10,20,135,1.0,0.5951053339833056,0.04690320759059463
familiar,selection,forward,copy,repeat,0.5,10,specimen_10,20,180,0.5,0.5523700497588123,0.4341511245400917
familiar,selection,forward,copy,repeat,0.5,10,specimen_10,20,180,1.0,0.4424996577037574,0.3185814308480011
familiar,selection,forward,copy,repeat,0.5,10,specimen_10,20,225,0.5,0.6446934013146302,0.04532610957135863
familiar,selection,forward,copy,repeat,0.5,10,specimen_10,20,225,1.0,0.6333935967307627,0.02919434094918505
familiar,selection,forward,copy,repeat,0.5,10,specimen_10,20,270,0.5,0.840739102690467,0.0900232932614905
familiar,selection,forward,copy,repeat,0.5,10,specimen_10,20,270,1.0,0.8760541407253917,0.25244207287733034
familiar,selection,forward,copy,repeat,0.5,10,specimen_10,20,315,0.5,0.7415390521100925,0.027205137253168532
familiar,selection,forward,copy,repeat,0.5,10,specimen_10,20,315,1.0,0.6624523333686386,0.23181507414286717
familiar,selection,forward,copy,repeat,0.5,10,specimen_10,40,45,0.5,0.4580336056713838,0.44842103751671647
familiar,selection,forward,copy,repeat,0.5,10,specimen_10,40,45,1.0,0.45426312520299933,0.3858438601053774
familiar,selection,forward,copy,repeat,0.5,10,specimen_10,40,90,1.0,0.6743974610320554,1.4100751414113253
familiar,selection,forward,copy,repeat,0.5,10,specimen_10,40,135,0.5,0.5134212835708544,0.81962161986196
familiar,selection,forward,copy,repeat,0.5,10,specimen_10,40,135,1.0,0.4932686544200362,0.8164882971384894
familiar,selection,forward,copy,repeat,0.5,10,specimen_10,40,180,0.5,0.31814507567535416,0.21027397370346435
familiar,selection,forward,copy,repeat,0.5,10,specimen_10,40,180,1.0,0.2730788009804545,0.044716882133670754
familiar,selection,forward,copy,repeat,0.5,10,specimen_10,40,225,0.5,0.544595008754844,0.5463981703164226
familiar,selection,forward,copy,repeat,0.5,10,specimen_10,40,225,1.0,0.4701347617465825,0.3188317545586882
familiar,selection,forward,copy,repeat,0.5,10,specimen_10,40,270,0.5,0.7201749876429413,1.1965086467489714
familiar,selection,forward,copy,repeat,0.5,10,specimen_10,40,270,1.0,0.7480404912142261,0.5846976489091239
familiar,selection,forward,copy,repeat,0.5,10,specimen_10,40,315,0.5,0.5729212358726421,0.5843721665398397
familiar,selection,forward,copy,repeat,0.5,10,specimen_10,40,315,1.0,0.49944444176546815,0.7581003674560446
familiar,selection,forward,copy,repeat,0.5,10,specimen_10,60,0,0.5,0.2532746373556132,0.013006576877756193
familiar,selection,forward,copy,repeat,0.5,10,specimen_10,60,0,1.0,0.3711169978746454,0.2240558189383024
familiar,selection,forward,copy,repeat,0.5,10,specimen_10,60,45,0.5,0.5051579522904958,0.9761657017855719
familiar,selection,forward,copy,repeat,0.5,10,specimen_10,60,45,1.0,0.5461439129400033,1.058421902131006
familiar,selection,forward,copy,repeat,0.5,10,specimen_10,60,90,0.5,0.7426355545869177,0.919160584756214
familiar,selection,forward,copy,repeat,0.5,10,specimen_10,60,90,1.0,0.735823646544155,1.2747948931613564
familiar,selection,forward,copy,repeat,0.5,10,specimen_10,60,135,0.5,0.5874811337868542,1.2661538434295663
familiar,selection,forward,copy,repeat,0.5,10,specimen_10,60,135,1.0,0.6028530701077477,1.0867576925102571
familiar,selection,forward,copy,repeat,0.5,10,specimen_10,60,180,0.5,0.358919632192207,0.1404431767439579
familiar,selection,forward,copy,repeat,0.5,10,specimen_10,60,180,1.0,0.43531356071532423,0.1808013909619951
familiar,selection,forward,copy,repeat,0.5,10,specimen_10,60,225,0.5,0.48654790855524427,1.0042591475926814
familiar,selection,forward,copy,repeat,0.5,10,specimen_10,60,225,1.0,0.48013057080505933,0.8840343436910422
familiar,selection,forward,copy,repeat,0.5,10,specimen_10,60,270,0.5,0.7815364385515903,1.1865431355498677
familiar,selection,forward,copy,repeat,0.5,10,specimen_10,60,270,1.0,0.7153615086831464,0.900729930181784
familiar,selection,forward,copy,repeat,0.5,10,specimen_10,60,315,0.5,0.54556609788163,0.7523901832174181
familiar,selection,forward,copy,repeat,0.5,10,specimen_10,60,315,1.0,0.5556306722456285,1.046640748074953
familiar,selection,forward,copy,repeat,0.5,57,specimen_57,20,0,1.0,0.21067915743846943,0.11445381639341717
familiar,selection,forward,copy,repeat,0.5,57,specimen_57,20,45,0.5,0.45980996067754143,0.37581297897072513
familiar,selection,forward,copy,repeat,0.5,57,specimen_57,20,45,1.0,0.4619023346785906,0.3570291624002058
familiar,selection,forward,copy,repeat,0.5,57,specimen_57,20,90,0.5,0.45083191104357345,0.32536398726105403
familiar,selection,forward,copy,repeat,0.5,57,specimen_57,20,90,1.0,0.46330873426418284,0.28606817130362144
familiar,selection,forward,copy,repeat,0.5,57,specimen_57,20,135,0.5,0.49057692393176827,0.2966315973017049
familiar,selection,forward,copy,repeat,0.5,57,specimen_57,20,135,1.0,0.4712720812665829,0.26784119505523946
familiar,selection,forward,copy,repeat,0.5,57,specimen_57,20,180,0.5,0.2952103620600959,0.1076978590709631
familiar,selection,forward,copy,repeat,0.5,57,specimen_57,20,180,1.0,0.2557529077180414,0.09365980027413329
familiar,selection,forward,copy,repeat,0.5,57,specimen_57,20,225,0.5,0.4501999379893866,0.2952789169508829
familiar,selection,forward,copy,repeat,0.5,57,specimen_57,20,225,1.0,0.4582006991098701,0.2779555268861274
familiar,selection,forward,copy,repeat,0.5,57,specimen_57,20,270,0.5,0.4539112742693982,0.341896819924763
familiar,selection,forward,copy,repeat,0.5,57,specimen_57,20,270,1.0,0.4599413843150928,0.14824103760243995
familiar,selection,forward,copy,repeat,0.5,57,specimen_57,20,315,0.5,0.47369557603607926,0.343937022644997
familiar,selection,forward,copy,repeat,0.5,57,specimen_57,20,315,1.0,0.46404963364131985,0.26079639992310694
familiar,selection,forward,copy,repeat,0.5,57,specimen_57,40,45,0.5,0.5204220556728925,0.6819432900721512
familiar,selection,forward,copy,repeat,0.5,57,specimen_57,40,45,1.0,0.5364633350431672,0.5969785996327466
familiar,selection,forward,copy,repeat,0.5,57,specimen_57,40,90,1.0,0.8604396500234381,1.6929712767511103
familiar,selection,forward,copy,repeat,0.5,57,specimen_57,40,135,0.5,0.5873849028264554,1.0664764015058545
familiar,selection,forward,copy,repeat,0.5,57,specimen_57,40,135,1.0,0.5533302219710992,0.9731550712919397
familiar,selection,forward,copy,repeat,0.5,57,specimen_57,40,180,0.5,0.2620055756783663,0.10627619790820947
familiar,selection,forward,copy,repeat,0.5,57,specimen_57,40,180,1.0,0.26514338355238826,0.05933111124623586
familiar,selection,forward,copy,repeat,0.5,57,specimen_57,40,225,0.5,0.5236936297758646,0.7880613162241374
familiar,selection,forward,copy,repeat,0.5,57,specimen_57,40,225,1.0,0.5145216131565344,0.7118022243603166
familiar,selection,forward,copy,repeat,0.5,57,specimen_57,40,270,0.5,0.7884233307897807,1.9476026492533065
familiar,selection,forward,copy,repeat,0.5,57,specimen_57,40,270,1.0,0.7781547150050558,1.8674470984760871
familiar,selection,forward,copy,repeat,0.5,57,specimen_57,40,315,0.5,0.5429196836068426,1.9448822700650505
familiar,selection,forward,copy,repeat,0.5,57,specimen_57,40,315,1.0,0.5013245533786148,1.7072384320727942
familiar,selection,forward,copy,repeat,0.5,57,specimen_57,60,0,0.5,0.23434693968916617,0.009466353444642472
familiar,selection,forward,copy,repeat,0.5,57,specimen_57,60,0,1.0,0.2166515539235704,0.005393575448298937
familiar,selection,forward,copy,repeat,0.5,57,specimen_57,60,45,0.5,0.8167150251387323,1.4856377348849752
familiar,selection,forward,copy,repeat,0.5,57,specimen_57,60,45,1.0,0.8228981730183484,1.3586079472634214
familiar,selection,forward,copy,repeat,0.5,57,specimen_57,60,90,0.5,0.9580237927002279,1.6676403802414017
familiar,selection,forward,copy,repeat,0.5,57,specimen_57,60,90,1.0,0.9610348845972899,1.6692916851322537
familiar,selection,forward,copy,repeat,0.5,57,specimen_57,60,135,0.5,0.8292004549288045,1.880530785912217
familiar,selection,forward,copy,repeat,0.5,57,specimen_57,60,135,1.0,0.8448402256615072,1.7934328453882369
familiar,selection,forward,copy,repeat,0.5,57,specimen_57,60,180,0.5,0.380753394864597,0.0058659763624578365
familiar,selection,forward,copy,repeat,0.5,57,specimen_57,60,180,1.0,0.36564946804693294,0.05488394150075526
familiar,selection,forward,copy,repeat,0.5,57,specimen_57,60,225,0.5,0.6724822701642837,1.3098408715277903
familiar,selection,forward,copy,repeat,0.5,57,specimen_57,60,225,1.0,0.7143676116784525,1.312006108994798
familiar,selection,forward,copy,repeat,0.5,57,specimen_57,60,270,0.5,0.8766850384714436,1.8077782542294765
familiar,selection,forward,copy,repeat,0.5,57,specimen_57,60,270,1.0,0.8253143613545951,1.6920868791815409
familiar,selection,forward,copy,repeat,0.5,57,specimen_57,60,315,0.5,0.7029162840257702,1.6573320458005534
familiar,selection,forward,copy,repeat,0.5,57,specimen_57,60,315,1.0,0.7235109216814847,1.9651245972797855
familiar,selection,forward,copy,single,0.5,10,specimen_10,20,0,1.0,0.4196267087540771,0.2801255445757323
familiar,selection,forward,copy,single,0.5,10,specimen_10,20,45,0.5,0.6739689035718945,0.005460584087235598
familiar,selection,forward,copy,single,0.5,10,specimen_10,20,45,1.0,0.6506568498492116,0.01683817256517728
familiar,selection,forward,copy,single,0.5,10,specimen_10,20,90,0.5,0.839776278149453,0.02941665156412998
familiar,selection,forward,copy,single,0.5,10,specimen_10,20,90,1.0,0.7876438344173534,0.10280794630602619
familiar,selection,forward,copy,single,0.5,10,specimen_10,20,135,0.5,0.6150197291217349,0.014676774619733934
familiar,selection,forward,copy,single,0.5,10,specimen_10,20,135,1.0,0.5727365348802613,0.004869236788613174
familiar,selection,forward,copy,single,0.5,10,specimen_10,20,180,0.5,0.5128494084909815,0.3823786801608839
familiar,selection,forward,copy,single,0.5,10,specimen_10,20,180,1.0,0.41374149983532965,0.2668089864687933
familiar,selection,forward,copy,single,0.5,10,specimen_10,20,225,0.5,0.6218093973328496,0.0064463348078491745
familiar,selection,forward,copy,single,0.5,10,specimen_10,20,225,1.0,0.6109250190831594,0.022578103430022756
familiar,selection,forward,copy,single,0.5,10,specimen_10,20,270,0.5,0.8226979841579641,0.038250848882282695
familiar,selection,forward,copy,single,0.5,10,specimen_10,20,270,1.0,0.8580209401838066,0.20066962849812253
familiar,selection,forward,copy,single,0.5,10,specimen_10,20,315,0.5,0.7132325520281872,0.07897758163237634
familiar,selection,forward,copy,single,0.5,10,specimen_10,20,315,1.0,0.6430599972511516,0.283587518522075
familiar,selection,forward,copy,single,0.5,10,specimen_10,40,45,0.5,0.44853631841517233,0.5001934818959243
familiar,selection,forward,copy,single,0.5,10,specimen_10,40,45,1.0,0.451202439404943,0.4376163044845852
familiar,selection,forward,copy,single,0.5,10,specimen_10,40,90,1.0,0.6746149210961291,1.461847585790533
familiar,selection,forward,copy,single,0.5,10,specimen_10,40,135,0.5,0.5033519800230813,0.8713940642411678
familiar,selection,forward,copy,single,0.5,10,specimen_10,40,135,1.0,0.488155653942765,0.8682607415176972
familiar,selection,forward,copy,single,0.5,10,specimen_10,40,180,0.5,0.3063408745235928,0.15850152932425654
familiar,selection,forward,copy,single,0.5,10,specimen_10,40,180,1.0,0.2808391625017202,0.00705556224553705
familiar,selection,forward,copy,single,0.5,10,specimen_10,40,225,0.5,0.5259534817117935,0.5981706146956304
familiar,selection,forward,copy,single,0.5,10,specimen_10,40,225,1.0,0.45108011105553275,0.370604198937896
familiar,selection,forward,copy,single,0.5,10,specimen_10,40,270,0.5,0.704282770845253,1.2482810911281792
familiar,selection,forward,copy,single,0.5,10,specimen_10,40,270,1.0,0.7228780889030064,0.6364700932883317
familiar,selection,forward,copy,single,0.5,10,specimen_10,40,315,0.5,0.5558711814248235,0.6361446109190475
familiar,selection,forward,copy,single,0.5,10,specimen_10,40,315,1.0,0.49571459642454513,0.8098728118352524
familiar,selection,forward,copy,single,0.5,10,specimen_10,60,0,0.5,0.2703574321226243,0.064779021256964
familiar,selection,forward,copy,single,0.5,10,specimen_10,60,0,1.0,0.3970548536333503,0.2758282633175102
familiar,selection,forward,copy,single,0.5,10,specimen_10,60,45,0.5,0.5069591116542133,1.0279381461647796
familiar,selection,forward,copy,single,0.5,10,specimen_10,60,45,1.0,0.5704686700811675,1.1101943465102138
familiar,selection,forward,copy,single,0.5,10,specimen_10,60,90,0.5,0.7314199422944018,0.9709330291354218
familiar,selection,forward,copy,single,0.5,10,specimen_10,60,90,1.0,0.7318555721938632,1.3265673375405642
familiar,selection,forward,copy,single,0.5,10,specimen_10,60,135,0.5,0.6159055252978137,1.317926287808774
familiar,selection,forward,copy,single,0.5,10,specimen_10,60,135,1.0,0.6284245152448351,1.138530136889465
familiar,selection,forward,copy,single,0.5,10,specimen_10,60,180,0.5,0.36550186820073866,0.0886707323647501
familiar,selection,forward,copy,single,0.5,10,specimen_10,60,180,1.0,0.4532845696383947,0.2325738353412029
familiar,selection,forward,copy,single,0.5,10,specimen_10,60,225,0.5,0.4886994593436274,1.0560315919718892
familiar,selection,forward,copy,single,0.5,10,specimen_10,60,225,1.0,0.4928135494990809,0.93580678807025
familiar,selection,forward,copy,single,0.5,10,specimen_10,60,270,0.5,0.768688947777619,1.2383155799290755
familiar,selection,forward,copy,single,0.5,10,specimen_10,60,270,1.0,0.7144741074338601,0.9525023745609918
familiar,selection,forward,copy,single,0.5,10,specimen_10,60,315,0.5,0.5549995446355882,0.8041626275966259
familiar,selection,forward,copy,single,0.5,10,specimen_10,60,315,1.0,0.5789889490593213,1.098413192454161
familiar,selection,forward,copy,single,0.5,57,specimen_57,20,0,1.0,0.22750016195109646,0.1068807360785961
familiar,selection,forward,copy,single,0.5,57,specimen_57,20,45,0.5,0.4781559547051976,0.3833860592855462
familiar,selection,forward,copy,single,0.5,57,specimen_57,20,45,1.0,0.4904807121069154,0.3646022427150269
familiar,selection,forward,copy,single,0.5,57,specimen_57,20,90,0.5,0.47139073942963083,0.3329370675758751
familiar,selection,forward,copy,single,0.5,57,specimen_57,20,90,1.0,0.48486958802257335,0.2936412516184425
familiar,selection,forward,copy,single,0.5,57,specimen_57,20,135,0.5,0.5109736857643711,0.304204677616526
familiar,selection,forward,copy,single,0.5,57,specimen_57,20,135,1.0,0.4856921038936512,0.2754142753700605
familiar,selection,forward,copy,single,0.5,57,specimen_57,20,180,0.5,0.3059091169464145,0.10012477875614204
familiar,selection,forward,copy,single,0.5,57,specimen_57,20,180,1.0,0.2658652105555646,0.08608671995931222
familiar,selection,forward,copy,single,0.5,57,specimen_57,20,225,0.5,0.46962003272305824,0.30285199726570394
familiar,selection,forward,copy,single,0.5,57,specimen_57,20,225,1.0,0.4738341194692794,0.28552860720094847
familiar,selection,forward,copy,single,0.5,57,specimen_57,20,270,0.5,0.4765158449010228,0.3494699002395841
familiar,selection,forward,copy,single,0.5,57,specimen_57,20,270,1.0,0.47145144170433867,0.15581411791726102
familiar,selection,forward,copy,single,0.5,57,specimen_57,20,315,0.5,0.490690479732477,0.35151010295981805
familiar,selection,forward,copy,single,0.5,57,specimen_57,20,315,1.0,0.47973752129996106,0.268369480237928
familiar,selection,forward,copy,single,0.5,57,specimen_57,40,45,0.5,0.5558960999699003,0.6895163703869722
familiar,selection,forward,copy,single,0.5,57,specimen_57,40,45,1.0,0.5685074116549539,0.6045516799475676
familiar,selection,forward,copy,single,0.5,57,specimen_57,40,90,1.0,0.8893013983678877,1.7005443570659313
familiar,selection,forward,copy,single,0.5,57,specimen_57,40,135,0.5,0.6092082256337563,1.0740494818206756
familiar,selection,forward,copy,single,0.5,57,specimen_57,40,135,1.0,0.5791975604153671,0.9807281516067607
familiar,selection,forward,copy,single,0.5,57,specimen_57,40,180,0.5,0.2817411234821315,0.11384927822303054
familiar,selection,forward,copy,single,0.5,57,specimen_57,40,180,1.0,0.2805836736209519,0.06690419156105692
familiar,selection,forward,copy,single,0.5,57,specimen_57,40,225,0.5,0.5479322063625253,0.7956343965389585
familiar,selection,forward,copy,single,0.5,57,specimen_57,40,225,1.0,0.5380947204868872,0.7193753046751377
familiar,selection,forward,copy,single,0.5,57,specimen_57,40,270,0.5,0.8159141270189028,1.9551757295681276
familiar,selection,forward,copy,single,0.5,57,specimen_57,40,270,1.0,0.8056923857321028,1.8750201787909082
familiar,selection,forward,copy,single,0.5,57,specimen_57,40,315,0.5,0.5718044158573826,1.9524553503798716
familiar,selection,forward,copy,single,0.5,57,specimen_57,40,315,1.0,0.526341024379284,1.7148115123876153
familiar,selection,forward,copy,single,0.5,57,specimen_57,60,0,0.5,0.24809591758730107,0.01703943375946354
familiar,selection,forward,copy,single,0.5,57,specimen_57,60,0,1.0,0.24151026281058052,0.012966655763120005
familiar,selection,forward,copy,single,0.5,57,specimen_57,60,45,0.5,0.8535569867552691,1.4932108151997963
familiar,selection,forward,copy,single,0.5,57,specimen_57,60,45,1.0,0.8549762704330378,1.3661810275782424
familiar,selection,forward,copy,single,0.5,57,specimen_57,60,90,0.5,0.9881531850016394,1.6752134605562228
familiar,selection,forward,copy,single,0.5,57,specimen_57,60,90,1.0,0.9884332137753633,1.6768647654470747
familiar,selection,forward,copy,single,0.5,57,specimen_57,60,135,0.5,0.8607923264626631,1.888103866227038
familiar,selection,forward,copy,single,0.5,57,specimen_57,60,135,1.0,0.8782129959881914,1.801005925703058
familiar,selection,forward,copy,single,0.5,57,specimen_57,60,180,0.5,0.4023075112458884,0.0017071039523632314
familiar,selection,forward,copy,single,0.5,57,specimen_57,60,180,1.0,0.38378583536745703,0.06245702181557633
familiar,selection,forward,copy,single,0.5,57,specimen_57,60,225,0.5,0.6988402057528189,1.3174139518426113
familiar,selection,forward,copy,single,0.5,57,specimen_57,60,225,1.0,0.7405139116825895,1.3195791893096191
familiar,selection,forward,copy,single,0.5,57,specimen_57,60,270,0.5,0.8999315321214633,1.8153513345442975
familiar,selection,forward,copy,single,0.5,57,specimen_57,60,270,1.0,0.8480232108513795,1.699659959496362
familiar,selection,forward,copy,single,0.5,57,specimen_57,60,315,0.5,0.731801283712735,1.6649051261153744
familiar,selection,forward,copy,single,0.5,57,specimen_57,60,315,1.0,0.7463630680535592,1.9726976775946066
familiar,selection,forward,encoder,direction,0.5,10,specimen_10,20,0,1.0,0.3160293996334076,0.12280479762357809
familiar,selection,forward,encoder,direction,0.5,10,specimen_10,20,45,0.5,0.23628098766009012,0.14134128888140138
familiar,selection,forward,encoder,direction,0.5,10,specimen_10,20,45,1.0,0.2053585648536682,0.11357453945166995
familiar,selection,forward,encoder,direction,0.5,10,specimen_10,20,90,0.5,0.3678343892097473,0.16941734409490086
familiar,selection,forward,encoder,direction,0.5,10,specimen_10,20,90,1.0,0.31046480933825177,0.24000579871120017
familiar,selection,forward,encoder,direction,0.5,10,specimen_10,20,135,0.5,0.18373156587282816,0.16588955612894093
familiar,selection,forward,encoder,direction,0.5,10,specimen_10,20,135,1.0,0.1910502314567566,0.18160381551087598
familiar,selection,forward,encoder,direction,0.5,10,specimen_10,20,180,0.5,0.33707211414972943,0.15411091621807213
familiar,selection,forward,encoder,direction,0.5,10,specimen_10,20,180,1.0,0.3142036298910777,0.054092937435879375
familiar,selection,forward,encoder,direction,0.5,10,specimen_10,20,225,0.5,0.21169491608937582,0.24432078527276402
familiar,selection,forward,encoder,direction,0.5,10,specimen_10,20,225,1.0,0.2000099221865336,0.25910618081497644
familiar,selection,forward,encoder,direction,0.5,10,specimen_10,20,270,0.5,0.30607228477795917,0.17324531125094475
familiar,selection,forward,encoder,direction,0.5,10,specimen_10,20,270,1.0,0.32639405131340027,0.032656281084907535
familiar,selection,forward,encoder,direction,0.5,10,specimen_10,20,315,0.5,0.23271802564462027,0.25779480307845687
familiar,selection,forward,encoder,direction,0.5,10,specimen_10,20,315,1.0,0.21974916756153107,0.4617926037860704
familiar,selection,forward,encoder,direction,0.5,10,specimen_10,40,45,0.5,0.23044665157794952,0.48294228997199706
familiar,selection,forward,encoder,direction,0.5,10,specimen_10,40,45,1.0,0.24229796727498373,0.400080999110974
familiar,selection,forward,encoder,direction,0.5,10,specimen_10,40,90,1.0,0.3860849936803182,1.415111192984239
familiar,selection,forward,encoder,direction,0.5,10,specimen_10,40,135,0.5,0.26186685760815936,0.9035759758556053
familiar,selection,forward,encoder,direction,0.5,10,specimen_10,40,135,1.0,0.3071815073490143,0.8787989379921459
familiar,selection,forward,encoder,direction,0.5,10,specimen_10,40,180,0.5,0.44403138756752014,0.05018684636847559
familiar,selection,forward,encoder,direction,0.5,10,specimen_10,40,180,1.0,0.5102468331654867,0.09980729578271912
familiar,selection,forward,encoder,direction,0.5,10,specimen_10,40,225,0.5,0.21557064354419708,0.7203255276075745
familiar,selection,forward,encoder,direction,0.5,10,specimen_10,40,225,1.0,0.26700609425703686,0.48264725668394837
familiar,selection,forward,encoder,direction,0.5,10,specimen_10,40,270,0.5,0.3647258182366689,1.3385564206543226
familiar,selection,forward,encoder,direction,0.5,10,specimen_10,40,270,1.0,0.32756807406743366,0.7104961878717514
familiar,selection,forward,encoder,direction,0.5,10,specimen_10,40,315,0.5,0.24829652408758798,0.6860691829318483
familiar,selection,forward,encoder,direction,0.5,10,specimen_10,40,315,1.0,0.3503183325131734,0.845298426385278
familiar,selection,forward,encoder,direction,0.5,10,specimen_10,60,0,0.5,0.5223712126413981,0.14227234100426256
familiar,selection,forward,encoder,direction,0.5,10,specimen_10,60,0,1.0,0.5381259123484293,0.21034798345833275
familiar,selection,forward,encoder,direction,0.5,10,specimen_10,60,45,0.5,0.28166553874810535,0.7885592480104138
familiar,selection,forward,encoder,direction,0.5,10,specimen_10,60,45,1.0,0.3455951412518819,0.836403897339899
familiar,selection,forward,encoder,direction,0.5,10,specimen_10,60,90,0.5,0.40513332684834796,0.6905853689459015
familiar,selection,forward,encoder,direction,0.5,10,specimen_10,60,90,1.0,0.39627201358477276,1.0118122937610632
familiar,selection,forward,encoder,direction,0.5,10,specimen_10,60,135,0.5,0.34017809728781384,1.1279190355870348
familiar,selection,forward,encoder,direction,0.5,10,specimen_10,60,135,1.0,0.37912605206171673,0.9075545559537007
familiar,selection,forward,encoder,direction,0.5,10,specimen_10,60,180,0.5,0.482594092686971,0.1502874571353624
familiar,selection,forward,encoder,direction,0.5,10,specimen_10,60,180,1.0,0.5710387825965881,0.18086522043285827
familiar,selection,forward,encoder,direction,0.5,10,specimen_10,60,225,0.5,0.3019461929798126,1.0230182520201672
familiar,selection,forward,encoder,direction,0.5,10,specimen_10,60,225,1.0,0.3442481855551402,0.876520337434326
familiar,selection,forward,encoder,direction,0.5,10,specimen_10,60,270,0.5,0.4016883671283722,1.1536876553021969
familiar,selection,forward,encoder,direction,0.5,10,specimen_10,60,270,1.0,0.3781891067822774,0.8408652708125134
familiar,selection,forward,encoder,direction,0.5,10,specimen_10,60,315,0.5,0.2768564174572627,0.6734026861656403
familiar,selection,forward,encoder,direction,0.5,10,specimen_10,60,315,1.0,0.38243521253267926,0.9472130915311725
familiar,selection,forward,encoder,direction,0.5,57,specimen_57,20,0,1.0,0.4531134366989136,0.21507138328030628
familiar,selection,forward,encoder,direction,0.5,57,specimen_57,20,45,0.5,0.27042869726816815,0.2605979875093843
familiar,selection,forward,encoder,direction,0.5,57,specimen_57,20,45,1.0,0.2898225486278534,0.23722998274608428
familiar,selection,forward,encoder,direction,0.5,57,specimen_57,20,90,0.5,0.28862430651982623,0.2149148372635211
familiar,selection,forward,encoder,direction,0.5,57,specimen_57,20,90,1.0,0.2989502052466075,0.16813208013616185
familiar,selection,forward,encoder,direction,0.5,57,specimen_57,20,135,0.5,0.2892608841260274,0.219975890234263
familiar,selection,forward,encoder,direction,0.5,57,specimen_57,20,135,1.0,0.323198934396108,0.1881884327684098
familiar,selection,forward,encoder,direction,0.5,57,specimen_57,20,180,0.5,0.37741995851198834,0.15355959912393338
familiar,selection,forward,encoder,direction,0.5,57,specimen_57,20,180,1.0,0.36409472425778705,0.1419183908162697
familiar,selection,forward,encoder,direction,0.5,57,specimen_57,20,225,0.5,0.2912951111793518,0.2518943029154737
familiar,selection,forward,encoder,direction,0.5,57,specimen_57,20,225,1.0,0.29602034389972687,0.2314748682122035
familiar,selection,forward,encoder,direction,0.5,57,specimen_57,20,270,0.5,0.30304400126139325,0.2771210252657175
familiar,selection,forward,encoder,direction,0.5,57,specimen_57,20,270,1.0,0.34048154950141907,0.08328174973483737
familiar,selection,forward,encoder,direction,0.5,57,specimen_57,20,315,0.5,0.2954680621623993,0.25830406899325853
familiar,selection,forward,encoder,direction,0.5,57,specimen_57,20,315,1.0,0.3090248604615529,0.1742594903970013
familiar,selection,forward,encoder,direction,0.5,57,specimen_57,40,45,0.5,0.22753959894180298,0.47296899771225426
familiar,selection,forward,encoder,direction,0.5,57,specimen_57,40,45,1.0,0.2483672797679901,0.3705526203019068
familiar,selection,forward,encoder,direction,0.5,57,specimen_57,40,90,1.0,0.4743902285893758,1.4619508979201814
familiar,selection,forward,encoder,direction,0.5,57,specimen_57,40,135,0.5,0.26535454392433167,0.9030327427669812
familiar,selection,forward,encoder,direction,0.5,57,specimen_57,40,135,1.0,0.25900663435459137,0.8003719772620826
familiar,selection,forward,encoder,direction,0.5,57,specimen_57,40,180,0.5,0.3535478711128235,0.028119436380903362
familiar,selection,forward,encoder,direction,0.5,57,specimen_57,40,180,1.0,0.35039498408635456,0.06474755638350203
familiar,selection,forward,encoder,direction,0.5,57,specimen_57,40,225,0.5,0.241084486246109,0.6728144658973703
familiar,selection,forward,encoder,direction,0.5,57,specimen_57,40,225,1.0,0.24275205036004385,0.5876746207057929
familiar,selection,forward,encoder,direction,0.5,57,specimen_57,40,270,0.5,0.49250316619873047,1.7960763552139607
familiar,selection,forward,encoder,direction,0.5,57,specimen_57,40,270,1.0,0.47152726848920185,1.707756012987905
familiar,selection,forward,encoder,direction,0.5,57,specimen_57,40,315,0.5,0.2621663510799408,1.7732755600189218
familiar,selection,forward,encoder,direction,0.5,57,specimen_57,40,315,1.0,0.3269781569639842,1.5290372755080146
familiar,selection,forward,encoder,direction,0.5,57,specimen_57,60,0,0.5,0.5514531830946604,0.297006940108961
familiar,selection,forward,encoder,direction,0.5,57,specimen_57,60,0,1.0,0.5383609036604563,0.32563763611633467
familiar,selection,forward,encoder,direction,0.5,57,specimen_57,60,45,0.5,0.3861842254797618,1.1425754194555389
familiar,selection,forward,encoder,direction,0.5,57,specimen_57,60,45,1.0,0.38279523452123004,0.9856182363716611
familiar,selection,forward,encoder,direction,0.5,57,specimen_57,60,90,0.5,0.4435170789559682,1.3107798746202703
familiar,selection,forward,encoder,direction,0.5,57,specimen_57,60,90,1.0,0.44867509603500366,1.2790499898647039
familiar,selection,forward,encoder,direction,0.5,57,specimen_57,60,135,0.5,0.4042813281218211,1.593809365178636
familiar,selection,forward,encoder,direction,0.5,57,specimen_57,60,135,1.0,0.4159212112426758,1.4839716208970561
familiar,selection,forward,encoder,direction,0.5,57,specimen_57,60,180,0.5,0.4268510440985362,0.22280962765721965
familiar,selection,forward,encoder,direction,0.5,57,specimen_57,60,180,1.0,0.36280224720637005,0.17560233767562808
familiar,selection,forward,encoder,direction,0.5,57,specimen_57,60,225,0.5,0.33790507912635803,1.093571693996382
familiar,selection,forward,encoder,direction,0.5,57,specimen_57,60,225,1.0,0.3648204306761424,1.082328458318007
familiar,selection,forward,encoder,direction,0.5,57,specimen_57,60,270,0.5,0.4192774295806885,1.5412111048918289
familiar,selection,forward,encoder,direction,0.5,57,specimen_57,60,270,1.0,0.39862624804178876,1.3999588611895764
familiar,selection,forward,encoder,direction,0.5,57,specimen_57,60,315,0.5,0.3138138949871063,1.368419053051128
familiar,selection,forward,encoder,direction,0.5,57,specimen_57,60,315,1.0,0.3573440909385681,1.6585007380131678
familiar,selection,forward,encoder,repeat,0.5,10,specimen_10,20,0,1.0,0.329182763894399,0.192749401851402
familiar,selection,forward,encoder,repeat,0.5,10,specimen_10,20,45,0.5,0.32841896017392475,0.0690495168778666
familiar,selection,forward,encoder,repeat,0.5,10,specimen_10,20,45,1.0,0.29247843225797016,0.03966917594690422
familiar,selection,forward,encoder,repeat,0.5,10,specimen_10,20,90,0.5,0.4511457284291585,0.09140306593417769
familiar,selection,forward,encoder,repeat,0.5,10,specimen_10,20,90,1.0,0.3756779929002126,0.15993561784716379
familiar,selection,forward,encoder,repeat,0.5,10,specimen_10,20,135,0.5,0.22038201491038004,0.09294746116319293
familiar,selection,forward,encoder,repeat,0.5,10,specimen_10,20,135,1.0,0.20109239717324576,0.10722520456396419
familiar,selection,forward,encoder,repeat,0.5,10,specimen_10,20,180,0.5,0.37439991037050885,0.21726702391973918
familiar,selection,forward,encoder,repeat,0.5,10,specimen_10,20,180,1.0,0.31874901056289673,0.1047452159804762
familiar,selection,forward,encoder,repeat,0.5,10,specimen_10,20,225,0.5,0.23247654736042023,0.18229585240211196
familiar,selection,forward,encoder,repeat,0.5,10,specimen_10,20,225,1.0,0.2243331919113795,0.19810787659348317
familiar,selection,forward,encoder,repeat,0.5,10,specimen_10,20,270,0.5,0.36159316698710126,0.10630293114964089
familiar,selection,forward,encoder,repeat,0.5,10,specimen_10,20,270,1.0,0.41344042619069415,0.05468746816785475
familiar,selection,forward,encoder,repeat,0.5,10,specimen_10,20,315,0.5,0.3113076686859131,0.1900773006706816
familiar,selection,forward,encoder,repeat,0.5,10,specimen_10,20,315,1.0,0.22158456842104593,0.39539554946037225
familiar,selection,forward,encoder,repeat,0.5,10,specimen_10,40,45,0.5,0.2052694708108902,0.3830564999640142
familiar,selection,forward,encoder,repeat,0.5,10,specimen_10,40,45,1.0,0.20767230292161307,0.30103508328961986
familiar,selection,forward,encoder,repeat,0.5,10,specimen_10,40,90,1.0,0.3610456585884094,1.2961474197066865
familiar,selection,forward,encoder,repeat,0.5,10,specimen_10,40,135,0.5,0.2459336668252945,0.795991250657813
familiar,selection,forward,encoder,repeat,0.5,10,specimen_10,40,135,1.0,0.2575253943602244,0.7705639462183848
familiar,selection,forward,encoder,repeat,0.5,10,specimen_10,40,180,0.5,0.42512451608975727,0.1365494597745388
familiar,selection,forward,encoder,repeat,0.5,10,specimen_10,40,180,1.0,0.4799379010995229,0.058848580341723876
familiar,selection,forward,encoder,repeat,0.5,10,specimen_10,40,225,0.5,0.24483132859071097,0.6365755895012232
familiar,selection,forward,encoder,repeat,0.5,10,specimen_10,40,225,1.0,0.21862908701101938,0.39798647675351173
familiar,selection,forward,encoder,repeat,0.5,10,specimen_10,40,270,0.5,0.350821594397227,1.2496082616095245
familiar,selection,forward,encoder,repeat,0.5,10,specimen_10,40,270,1.0,0.3577272395292918,0.6200825194566933
familiar,selection,forward,encoder,repeat,0.5,10,specimen_10,40,315,0.5,0.22456972301006317,0.5984171702503828
familiar,selection,forward,encoder,repeat,0.5,10,specimen_10,40,315,1.0,0.2699478218952815,0.7549037813113882
familiar,selection,forward,encoder,repeat,0.5,10,specimen_10,60,0,0.5,0.5085757374763489,0.20939322413351388
familiar,selection,forward,encoder,repeat,0.5,10,specimen_10,60,0,1.0,0.4996000826358795,0.21539943634232964
familiar,selection,forward,encoder,repeat,0.5,10,specimen_10,60,45,0.5,0.29263177514076233,0.6743746396107593
familiar,selection,forward,encoder,repeat,0.5,10,specimen_10,60,45,1.0,0.29507005711396533,0.729701928744126
familiar,selection,forward,encoder,repeat,0.5,10,specimen_10,60,90,0.5,0.46184588472048443,0.5629205508057501
familiar,selection,forward,encoder,repeat,0.5,10,specimen_10,60,90,1.0,0.4220242698987325,0.8901966286040782
familiar,selection,forward,encoder,repeat,0.5,10,specimen_10,60,135,0.5,0.2835278908411662,0.967735309159429
familiar,selection,forward,encoder,repeat,0.5,10,specimen_10,60,135,1.0,0.3116404761870702,0.7627165485171413
familiar,selection,forward,encoder,repeat,0.5,10,specimen_10,60,180,0.5,0.4961214264233907,0.27951083355515716
familiar,selection,forward,encoder,repeat,0.5,10,specimen_10,60,180,1.0,0.5486947298049927,0.2180033059084259
familiar,selection,forward,encoder,repeat,0.5,10,specimen_10,60,225,0.5,0.27483610312143963,0.9083292075445689
familiar,selection,forward,encoder,repeat,0.5,10,specimen_10,60,225,1.0,0.30816030502319336,0.7534473603299218
familiar,selection,forward,encoder,repeat,0.5,10,specimen_10,60,270,0.5,0.41285539666811627,1.042668280900362
familiar,selection,forward,encoder,repeat,0.5,10,specimen_10,60,270,1.0,0.35793086886405945,0.7257316087447719
familiar,selection,forward,encoder,repeat,0.5,10,specimen_10,60,315,0.5,0.23080281416575113,0.5736621311501929
familiar,selection,forward,encoder,repeat,0.5,10,specimen_10,60,315,1.0,0.2962725708882014,0.8490618309161914
familiar,selection,forward,encoder,repeat,0.5,57,specimen_57,20,0,1.0,0.44905614852905273,0.19530826568646256
familiar,selection,forward,encoder,repeat,0.5,57,specimen_57,20,45,0.5,0.3004285991191864,0.28419702346088954
familiar,selection,forward,encoder,repeat,0.5,57,specimen_57,20,45,1.0,0.318047434091568,0.25908523964102675
familiar,selection,forward,encoder,repeat,0.5,57,specimen_57,20,90,0.5,0.2936168710390727,0.23640466205823865
familiar,selection,forward,encoder,repeat,0.5,57,specimen_57,20,90,1.0,0.3006494144598643,0.19213829408040828
familiar,selection,forward,encoder,repeat,0.5,57,specimen_57,20,135,0.5,0.32270094752311707,0.24053150359516287
familiar,selection,forward,encoder,repeat,0.5,57,specimen_57,20,135,1.0,0.3490566313266754,0.20917283204689122
familiar,selection,forward,encoder,repeat,0.5,57,specimen_57,20,180,0.5,0.3859216074148814,0.13599740124656848
familiar,selection,forward,encoder,repeat,0.5,57,specimen_57,20,180,1.0,0.37564313411712646,0.12323556212943566
familiar,selection,forward,encoder,repeat,0.5,57,specimen_57,20,225,0.5,0.3264593879381816,0.26833012603337464
familiar,selection,forward,encoder,repeat,0.5,57,specimen_57,20,225,1.0,0.33074386914571124,0.24775636444821333
familiar,selection,forward,encoder,repeat,0.5,57,specimen_57,20,270,0.5,0.32717063029607135,0.2936591195815528
familiar,selection,forward,encoder,repeat,0.5,57,specimen_57,20,270,1.0,0.3491535286108653,0.09649201954013382
familiar,selection,forward,encoder,repeat,0.5,57,specimen_57,20,315,0.5,0.31733420491218567,0.2767798432964598
familiar,selection,forward,encoder,repeat,0.5,57,specimen_57,20,315,1.0,0.33200589815775555,0.19175564027153236
familiar,selection,forward,encoder,repeat,0.5,57,specimen_57,40,45,0.5,0.22712519764900208,0.5052425206632032
familiar,selection,forward,encoder,repeat,0.5,57,specimen_57,40,45,1.0,0.25792120893796283,0.4071435884632166
familiar,selection,forward,encoder,repeat,0.5,57,specimen_57,40,90,1.0,0.5303123295307159,1.496981187353212
familiar,selection,forward,encoder,repeat,0.5,57,specimen_57,40,135,0.5,0.27887071172396344,0.9315579073446076
familiar,selection,forward,encoder,repeat,0.5,57,specimen_57,40,135,1.0,0.2651746869087219,0.8296587213469097
familiar,selection,forward,encoder,repeat,0.5,57,specimen_57,40,180,0.5,0.3278874258200328,0.026069001062933934
familiar,selection,forward,encoder,repeat,0.5,57,specimen_57,40,180,1.0,0.35031526287396747,0.039217772770170745
familiar,selection,forward,encoder,repeat,0.5,57,specimen_57,40,225,0.5,0.24037274718284607,0.6945306405948317
familiar,selection,forward,encoder,repeat,0.5,57,specimen_57,40,225,1.0,0.2513465881347656,0.6124629290946446
familiar,selection,forward,encoder,repeat,0.5,57,specimen_57,40,270,0.5,0.5480605661869049,1.8189175353214797
familiar,selection,forward,encoder,repeat,0.5,57,specimen_57,40,270,1.0,0.5225621461868286,1.73158985689454
familiar,selection,forward,encoder,repeat,0.5,57,specimen_57,40,315,0.5,0.27968349556128186,1.8013841223455487
familiar,selection,forward,encoder,repeat,0.5,57,specimen_57,40,315,1.0,0.33213163415590924,1.555308694749722
familiar,selection,forward,encoder,repeat,0.5,57,specimen_57,60,0,0.5,0.49872419238090515,0.256109396758289
familiar,selection,forward,encoder,repeat,0.5,57,specimen_57,60,0,1.0,0.4878963828086853,0.27831619733297647
familiar,selection,forward,encoder,repeat,0.5,57,specimen_57,60,45,0.5,0.4134582777818044,1.1911648227866192
familiar,selection,forward,encoder,repeat,0.5,57,specimen_57,60,45,1.0,0.4224080741405487,1.0408106290735626
familiar,selection,forward,encoder,repeat,0.5,57,specimen_57,60,90,0.5,0.48342641194661456,1.3601868481198505
familiar,selection,forward,encoder,repeat,0.5,57,specimen_57,60,90,1.0,0.49135125676790875,1.3398260493546992
familiar,selection,forward,encoder,repeat,0.5,57,specimen_57,60,135,0.5,0.4311959644158681,1.6314790221547095
familiar,selection,forward,encoder,repeat,0.5,57,specimen_57,60,135,1.0,0.45157939195632935,1.5268882463613538
familiar,selection,forward,encoder,repeat,0.5,57,specimen_57,60,180,0.5,0.37399017810821533,0.18749679448554576
familiar,selection,forward,encoder,repeat,0.5,57,specimen_57,60,180,1.0,0.3268219828605652,0.14021031122700894
familiar,selection,forward,encoder,repeat,0.5,57,specimen_57,60,225,0.5,0.3608849346637726,1.1240325959012074
familiar,selection,forward,encoder,repeat,0.5,57,specimen_57,60,225,1.0,0.39285070697466534,1.1166850582989858
familiar,selection,forward,encoder,repeat,0.5,57,specimen_57,60,270,0.5,0.4510711232821147,1.574142279491718
familiar,selection,forward,encoder,repeat,0.5,57,specimen_57,60,270,1.0,0.4251165986061096,1.4392724073918173
familiar,selection,forward,encoder,repeat,0.5,57,specimen_57,60,315,0.5,0.3418779174486796,1.4060731932547863
familiar,selection,forward,encoder,repeat,0.5,57,specimen_57,60,315,1.0,0.3823872705300649,1.696063230258012
familiar,selection,forward,encoder,single,0.5,10,specimen_10,20,0,1.0,0.3331579267978668,0.19089958748981628
familiar,selection,forward,encoder,single,0.5,10,specimen_10,20,45,0.5,0.3315839370091756,0.06775971704737767
familiar,selection,forward,encoder,single,0.5,10,specimen_10,20,45,1.0,0.2943507830301921,0.03984721898745917
familiar,selection,forward,encoder,single,0.5,10,specimen_10,20,90,0.5,0.45503702759742737,0.08760099994183113
familiar,selection,forward,encoder,single,0.5,10,specimen_10,20,90,1.0,0.37598227461179096,0.1572921132107875
familiar,selection,forward,encoder,single,0.5,10,specimen_10,20,135,0.5,0.2255872885386149,0.09088403971861543
familiar,selection,forward,encoder,single,0.5,10,specimen_10,20,135,1.0,0.20702703297138214,0.10502799860795035
familiar,selection,forward,encoder,single,0.5,10,specimen_10,20,180,0.5,0.3862930436929067,0.21643887817480886
familiar,selection,forward,encoder,single,0.5,10,specimen_10,20,180,1.0,0.3301251331965129,0.10453494391140548
familiar,selection,forward,encoder,single,0.5,10,specimen_10,20,225,0.5,0.24992217620213827,0.18483787335502141
familiar,selection,forward,encoder,single,0.5,10,specimen_10,20,225,1.0,0.23393966257572174,0.2017102484711231
familiar,selection,forward,encoder,single,0.5,10,specimen_10,20,270,0.5,0.3648589352766673,0.11059678930061946
familiar,selection,forward,encoder,single,0.5,10,specimen_10,20,270,1.0,0.41143348813056946,0.056752501512347564
familiar,selection,forward,encoder,single,0.5,10,specimen_10,20,315,0.5,0.3134309301773707,0.19509852676422523
familiar,selection,forward,encoder,single,0.5,10,specimen_10,20,315,1.0,0.2284699579079946,0.3984569678018712
familiar,selection,forward,encoder,single,0.5,10,specimen_10,40,45,0.5,0.21264429887135824,0.3846998571194029
familiar,selection,forward,encoder,single,0.5,10,specimen_10,40,45,1.0,0.20934120317300162,0.3027346106865554
familiar,selection,forward,encoder,single,0.5,10,specimen_10,40,90,1.0,0.3617730438709259,1.2902877487527444
familiar,selection,forward,encoder,single,0.5,10,specimen_10,40,135,0.5,0.2523694982131322,0.7976778466421073
familiar,selection,forward,encoder,single,0.5,10,specimen_10,40,135,1.0,0.26047346989313763,0.7677655307110819
familiar,selection,forward,encoder,single,0.5,10,specimen_10,40,180,0.5,0.4292513231436412,0.13352637032305884
familiar,selection,forward,encoder,single,0.5,10,specimen_10,40,180,1.0,0.48347607254981995,0.06440984373604082
familiar,selection,forward,encoder,single,0.5,10,specimen_10,40,225,0.5,0.2522757202386856,0.6436101953812723
familiar,selection,forward,encoder,single,0.5,10,specimen_10,40,225,1.0,0.22678896288077036,0.40648171616877576
familiar,selection,forward,encoder,single,0.5,10,specimen_10,40,270,0.5,0.3633250296115875,1.251648693708442
familiar,selection,forward,encoder,single,0.5,10,specimen_10,40,270,1.0,0.3596675892670949,0.6243858045915145
familiar,selection,forward,encoder,single,0.5,10,specimen_10,40,315,0.5,0.24102480709552765,0.602825010213991
familiar,selection,forward,encoder,single,0.5,10,specimen_10,40,315,1.0,0.2812740355730057,0.7640815075737732
familiar,selection,forward,encoder,single,0.5,10,specimen_10,60,0,0.5,0.5096927384535471,0.2010885716036891
familiar,selection,forward,encoder,single,0.5,10,specimen_10,60,0,1.0,0.5044187605381012,0.21793566717827084
familiar,selection,forward,encoder,single,0.5,10,specimen_10,60,45,0.5,0.2881600558757782,0.6803972777293504
familiar,selection,forward,encoder,single,0.5,10,specimen_10,60,45,1.0,0.2908158004283905,0.746427658764231
familiar,selection,forward,encoder,single,0.5,10,specimen_10,60,90,0.5,0.45813072721163434,0.5720365454414494
familiar,selection,forward,encoder,single,0.5,10,specimen_10,60,90,1.0,0.41274093588193256,0.9095811399776137
familiar,selection,forward,encoder,single,0.5,10,specimen_10,60,135,0.5,0.2851285586754481,0.9820300618437106
familiar,selection,forward,encoder,single,0.5,10,specimen_10,60,135,1.0,0.3137234300374985,0.783724207897607
familiar,selection,forward,encoder,single,0.5,10,specimen_10,60,180,0.5,0.49427326520284015,0.2678559061042312
familiar,selection,forward,encoder,single,0.5,10,specimen_10,60,180,1.0,0.5529297590255737,0.2262140751881397
familiar,selection,forward,encoder,single,0.5,10,specimen_10,60,225,0.5,0.2796422839164734,0.917008947382187
familiar,selection,forward,encoder,single,0.5,10,specimen_10,60,225,1.0,0.3121573229630788,0.7632036491554487
familiar,selection,forward,encoder,single,0.5,10,specimen_10,60,270,0.5,0.4145680566628774,1.054250752447585
familiar,selection,forward,encoder,single,0.5,10,specimen_10,60,270,1.0,0.360513041416804,0.7467048954808875
familiar,selection,forward,encoder,single,0.5,10,specimen_10,60,315,0.5,0.24378032982349396,0.5856489349302133
familiar,selection,forward,encoder,single,0.5,10,specimen_10,60,315,1.0,0.30633793274561566,0.8683745834833889
familiar,selection,forward,encoder,single,0.5,57,specimen_57,20,0,1.0,0.45460618535677594,0.18584333031470615
familiar,selection,forward,encoder,single,0.5,57,specimen_57,20,45,0.5,0.31997717420260113,0.29507288451784214
familiar,selection,forward,encoder,single,0.5,57,specimen_57,20,45,1.0,0.33765966693560284,0.26865267009676147
familiar,selection,forward,encoder,single,0.5,57,specimen_57,20,90,0.5,0.30038173993428546,0.2463804289197479
familiar,selection,forward,encoder,single,0.5,57,specimen_57,20,90,1.0,0.30504244565963745,0.20055066550141723
familiar,selection,forward,encoder,single,0.5,57,specimen_57,20,135,0.5,0.3407011131445567,0.24937167867016793
familiar,selection,forward,encoder,single,0.5,57,specimen_57,20,135,1.0,0.3664186994234721,0.2183228437371834
familiar,selection,forward,encoder,single,0.5,57,specimen_57,20,180,0.5,0.3994623323281606,0.12553621115991068
familiar,selection,forward,encoder,single,0.5,57,specimen_57,20,180,1.0,0.3896676500638326,0.11340119179745461
familiar,selection,forward,encoder,single,0.5,57,specimen_57,20,225,0.5,0.351636270682017,0.27845246456673295
familiar,selection,forward,encoder,single,0.5,57,specimen_57,20,225,1.0,0.3566363553206126,0.2589425505234155
familiar,selection,forward,encoder,single,0.5,57,specimen_57,20,270,0.5,0.3467824459075928,0.3048459553686072
familiar,selection,forward,encoder,single,0.5,57,specimen_57,20,270,1.0,0.36299929022789,0.10819287578427944
familiar,selection,forward,encoder,single,0.5,57,specimen_57,20,315,0.5,0.33452053864796955,0.2883355482165545
familiar,selection,forward,encoder,single,0.5,57,specimen_57,20,315,1.0,0.35173245271046955,0.20355347591591277
familiar,selection,forward,encoder,single,0.5,57,specimen_57,40,45,0.5,0.23884772260983786,0.5201381701263372
familiar,selection,forward,encoder,single,0.5,57,specimen_57,40,45,1.0,0.27096304794152576,0.41994622003768994
familiar,selection,forward,encoder,single,0.5,57,specimen_57,40,90,1.0,0.5573851962884268,1.5119985371405227
familiar,selection,forward,encoder,single,0.5,57,specimen_57,40,135,0.5,0.28858426213264465,0.9423896700530915
familiar,selection,forward,encoder,single,0.5,57,specimen_57,40,135,1.0,0.27755995591481525,0.842144080202886
familiar,selection,forward,encoder,single,0.5,57,specimen_57,40,180,0.5,0.3255709211031596,0.028964250063711266
familiar,selection,forward,encoder,single,0.5,57,specimen_57,40,180,1.0,0.3589213291803996,0.02671770091355639
familiar,selection,forward,encoder,single,0.5,57,specimen_57,40,225,0.5,0.2543988873561223,0.7078181772728174
familiar,selection,forward,encoder,single,0.5,57,specimen_57,40,225,1.0,0.266746257742246,0.6261018845013923
familiar,selection,forward,encoder,single,0.5,57,specimen_57,40,270,0.5,0.5846360524495443,1.8347346995455354
familiar,selection,forward,encoder,single,0.5,57,specimen_57,40,270,1.0,0.5592812498410543,1.7482741594715596
familiar,selection,forward,encoder,single,0.5,57,specimen_57,40,315,0.5,0.2965400417645772,1.8164662964411145
familiar,selection,forward,encoder,single,0.5,57,specimen_57,40,315,1.0,0.34637977679570514,1.5709197216139958
familiar,selection,forward,encoder,single,0.5,57,specimen_57,60,0,0.5,0.4844130277633667,0.2372196555507069
familiar,selection,forward,encoder,single,0.5,57,specimen_57,60,0,1.0,0.480124572912852,0.26100296971212394
familiar,selection,forward,encoder,single,0.5,57,specimen_57,60,45,0.5,0.4324807624022166,1.208626258598829
familiar,selection,forward,encoder,single,0.5,57,specimen_57,60,45,1.0,0.44253072142601013,1.0586800308018673
familiar,selection,forward,encoder,single,0.5,57,specimen_57,60,90,0.5,0.5047838985919952,1.3789942349220219
familiar,selection,forward,encoder,single,0.5,57,specimen_57,60,90,1.0,0.5099563598632812,1.3611084254581731
familiar,selection,forward,encoder,single,0.5,57,specimen_57,60,135,0.5,0.44882238904635113,1.6464879069856728
familiar,selection,forward,encoder,single,0.5,57,specimen_57,60,135,1.0,0.47336111466089886,1.5425657911732369
familiar,selection,forward,encoder,single,0.5,57,specimen_57,60,180,0.5,0.35390209158261615,0.17177923284433683
familiar,selection,forward,encoder,single,0.5,57,specimen_57,60,180,1.0,0.3147992591063182,0.12405079819840237
familiar,selection,forward,encoder,single,0.5,57,specimen_57,60,225,0.5,0.38503209749857586,1.1433902689750133
familiar,selection,forward,encoder,single,0.5,57,specimen_57,60,225,1.0,0.41611629724502563,1.1364248460261124
familiar,selection,forward,encoder,single,0.5,57,specimen_57,60,270,0.5,0.48039960861206055,1.5990635400054305
familiar,selection,forward,encoder,single,0.5,57,specimen_57,60,270,1.0,0.4496573507785797,1.4656031114836274
familiar,selection,forward,encoder,single,0.5,57,specimen_57,60,315,0.5,0.36306727925936383,1.4264884023289863
familiar,selection,forward,encoder,single,0.5,57,specimen_57,60,315,1.0,0.4052896400292714,1.7193743378469672
familiar,selection,forward,encoder_wrong_support,direction,0.5,10,specimen_10,20,0,1.0,0.4528568883736928,0.023633440116519817
familiar,selection,forward,encoder_wrong_support,direction,0.5,10,specimen_10,20,45,0.5,0.28340501586596173,0.2856020737739373
familiar,selection,forward,encoder_wrong_support,direction,0.5,10,specimen_10,20,45,1.0,0.29236406087875366,0.25871912892874366
familiar,selection,forward,encoder_wrong_support,direction,0.5,10,specimen_10,20,90,0.5,0.33048101266225177,0.3143239827146395
familiar,selection,forward,encoder_wrong_support,direction,0.5,10,specimen_10,20,90,1.0,0.3581758439540863,0.38022833628660907
familiar,selection,forward,encoder_wrong_support,direction,0.5,10,specimen_10,20,135,0.5,0.41452638308207196,0.30402399946086667
familiar,selection,forward,encoder_wrong_support,direction,0.5,10,specimen_10,20,135,1.0,0.4581979016462962,0.320572955649826
familiar,selection,forward,encoder_wrong_support,direction,0.5,10,specimen_10,20,180,0.5,0.4664555887381236,0.057209620760189005
familiar,selection,forward,encoder_wrong_support,direction,0.5,10,specimen_10,20,180,1.0,0.495186189810435,0.0802889041371128
familiar,selection,forward,encoder_wrong_support,direction,0.5,10,specimen_10,20,225,0.5,0.39352449774742126,0.3584182019204825
familiar,selection,forward,encoder_wrong_support,direction,0.5,10,specimen_10,20,225,1.0,0.40295470754305523,0.3714539259041414
familiar,selection,forward,encoder_wrong_support,direction,0.5,10,specimen_10,20,270,0.5,0.34899088740348816,0.2923298376067143
familiar,selection,forward,encoder_wrong_support,direction,0.5,10,specimen_10,20,270,1.0,0.3214024007320404,0.1297275647823174
familiar,selection,forward,encoder_wrong_support,direction,0.5,10,specimen_10,20,315,0.5,0.3149750232696533,0.38870110912868044
familiar,selection,forward,encoder_wrong_support,direction,0.5,10,specimen_10,20,315,1.0,0.44710854689280194,0.5924070901440118
familiar,selection,forward,encoder_wrong_support,direction,0.5,10,specimen_10,40,45,0.5,0.5240233242511749,0.6865756706840699
familiar,selection,forward,encoder_wrong_support,direction,0.5,10,specimen_10,40,45,1.0,0.5366599361101786,0.6065468063017879
familiar,selection,forward,encoder_wrong_support,direction,0.5,10,specimen_10,40,90,1.0,0.6537672281265259,1.6261836881076466
familiar,selection,forward,encoder_wrong_support,direction,0.5,10,specimen_10,40,135,0.5,0.553269604841868,1.1033068866503368
familiar,selection,forward,encoder_wrong_support,direction,0.5,10,specimen_10,40,135,1.0,0.6351945002873739,1.0908341286358825
familiar,selection,forward,encoder_wrong_support,direction,0.5,10,specimen_10,40,180,0.5,0.5968533158302307,0.11947842273617088
familiar,selection,forward,encoder_wrong_support,direction,0.5,10,specimen_10,40,180,1.0,0.7258199055989584,0.2783333757638417
familiar,selection,forward,encoder_wrong_support,direction,0.5,10,specimen_10,40,225,0.5,0.4551957845687866,0.8782802455169056
familiar,selection,forward,encoder_wrong_support,direction,0.5,10,specimen_10,40,225,1.0,0.5623310804367065,0.6418330764314147
familiar,selection,forward,encoder_wrong_support,direction,0.5,10,specimen_10,40,270,0.5,0.5802417198816935,1.4921112782368755
familiar,selection,forward,encoder_wrong_support,direction,0.5,10,specimen_10,40,270,1.0,0.4544869065284729,0.8721354889481923
familiar,selection,forward,encoder_wrong_support,direction,0.5,10,specimen_10,40,315,0.5,0.5030860900878906,0.8598943820209612
familiar,selection,forward,encoder_wrong_support,direction,0.5,10,specimen_10,40,315,1.0,0.6650858521461487,1.0270281364185152
familiar,selection,forward,encoder_wrong_support,direction,0.5,10,specimen_10,60,0,0.5,0.6666191021601359,0.15366220885140303
familiar,selection,forward,encoder_wrong_support,direction,0.5,10,specimen_10,60,0,1.0,0.7357841928799947,0.3401535329009191
familiar,selection,forward,encoder_wrong_support,direction,0.5,10,specimen_10,60,45,0.5,0.5681338210900625,1.0802323118833859
familiar,selection,forward,encoder_wrong_support,direction,0.5,10,specimen_10,60,45,1.0,0.675815592209498,1.1325611167664962
familiar,selection,forward,encoder_wrong_support,direction,0.5,10,specimen_10,60,90,0.5,0.4418195883433024,1.0094290046623327
familiar,selection,forward,encoder_wrong_support,direction,0.5,10,specimen_10,60,90,1.0,0.5298838118712107,1.331682123421057
familiar,selection,forward,encoder_wrong_support,direction,0.5,10,specimen_10,60,135,0.5,0.6989092826843262,1.4265613482232358
familiar,selection,forward,encoder_wrong_support,direction,0.5,10,specimen_10,60,135,1.0,0.7427911559740702,1.2244253935463265
familiar,selection,forward,encoder_wrong_support,direction,0.5,10,specimen_10,60,180,0.5,0.5727502306302389,0.08974209748853058
familiar,selection,forward,encoder_wrong_support,direction,0.5,10,specimen_10,60,180,1.0,0.7482696572939554,0.3974440373128621
familiar,selection,forward,encoder_wrong_support,direction,0.5,10,specimen_10,60,225,0.5,0.5798563361167908,1.2351188955885233
familiar,selection,forward,encoder_wrong_support,direction,0.5,10,specimen_10,60,225,1.0,0.6177946527798971,1.1014856185415012
familiar,selection,forward,encoder_wrong_support,direction,0.5,10,specimen_10,60,270,0.5,0.5424340267976125,1.3671049117394702
familiar,selection,forward,encoder_wrong_support,direction,0.5,10,specimen_10,60,270,1.0,0.5878637333710989,1.0557308377170695
familiar,selection,forward,encoder_wrong_support,direction,0.5,10,specimen_10,60,315,0.5,0.5681312183539072,0.9106061159952431
familiar,selection,forward,encoder_wrong_support,direction,0.5,10,specimen_10,60,315,1.0,0.7042908469835917,1.1871458143355855
familiar,selection,forward,encoder_wrong_support,direction,0.5,57,specimen_57,20,0,1.0,0.5743760069211324,0.3524895505893055
familiar,selection,forward,encoder_wrong_support,direction,0.5,57,specimen_57,20,45,0.5,0.3711194892724355,0.11633720261684839
familiar,selection,forward,encoder_wrong_support,direction,0.5,57,specimen_57,20,45,1.0,0.36154226462046307,0.09208539326901055
familiar,selection,forward,encoder_wrong_support,direction,0.5,57,specimen_57,20,90,0.5,0.456342488527298,0.07000819864378242
familiar,selection,forward,encoder_wrong_support,direction,0.5,57,specimen_57,20,90,1.0,0.46909748514493305,0.027909542560752915
familiar,selection,forward,encoder_wrong_support,direction,0.5,57,specimen_57,20,135,0.5,0.3474887212117513,0.08184144690233729
familiar,selection,forward,encoder_wrong_support,direction,0.5,57,specimen_57,20,135,1.0,0.3478209773699443,0.04921929262945975
familiar,selection,forward,encoder_wrong_support,direction,0.5,57,specimen_57,20,180,0.5,0.49422816435496014,0.27478657627619385
familiar,selection,forward,encoder_wrong_support,direction,0.5,57,specimen_57,20,180,1.0,0.45325177907943726,0.2646835984924134
familiar,selection,forward,encoder_wrong_support,direction,0.5,57,specimen_57,20,225,0.5,0.2994825045267741,0.1377968862677552
familiar,selection,forward,encoder_wrong_support,direction,0.5,57,specimen_57,20,225,1.0,0.2979288697242737,0.11912712312303857
familiar,selection,forward,encoder_wrong_support,direction,0.5,57,specimen_57,20,270,0.5,0.36937394738197327,0.15803649890994795
familiar,selection,forward,encoder_wrong_support,direction,0.5,57,specimen_57,20,270,1.0,0.43653515974680585,0.037368957833336325
familiar,selection,forward,encoder_wrong_support,direction,0.5,57,specimen_57,20,315,0.5,0.3766047954559326,0.12739776294303498
familiar,selection,forward,encoder_wrong_support,direction,0.5,57,specimen_57,20,315,1.0,0.34017911553382874,0.04364500403905982
familiar,selection,forward,encoder_wrong_support,direction,0.5,57,specimen_57,40,45,0.5,0.45640188455581665,0.26933561700018155
familiar,selection,forward,encoder_wrong_support,direction,0.5,57,specimen_57,40,45,1.0,0.41483933726946515,0.16408681311109283
familiar,selection,forward,encoder_wrong_support,direction,0.5,57,specimen_57,40,90,1.0,0.3999026417732239,1.2508784027967736
familiar,selection,forward,encoder_wrong_support,direction,0.5,57,specimen_57,40,135,0.5,0.45236022273699444,0.7033018319722496
familiar,selection,forward,encoder_wrong_support,direction,0.5,57,specimen_57,40,135,1.0,0.4591262141863505,0.588336786618346
familiar,selection,forward,encoder_wrong_support,direction,0.5,57,specimen_57,40,180,0.5,0.6287139058113098,0.18076560028405209
familiar,selection,forward,encoder_wrong_support,direction,0.5,57,specimen_57,40,180,1.0,0.5508466760317484,0.2432736363646246
familiar,selection,forward,encoder_wrong_support,direction,0.5,57,specimen_57,40,225,0.5,0.45120065410931903,0.5148597479880391
familiar,selection,forward,encoder_wrong_support,direction,0.5,57,specimen_57,40,225,1.0,0.4084844986597697,0.42848880095832653
familiar,selection,forward,encoder_wrong_support,direction,0.5,57,specimen_57,40,270,0.5,0.35965906580289203,1.6425214976314073
familiar,selection,forward,encoder_wrong_support,direction,0.5,57,specimen_57,40,270,1.0,0.3739519913991292,1.5461167119114643
familiar,selection,forward,encoder_wrong_support,direction,0.5,57,specimen_57,40,315,0.5,0.42622007926305133,1.599450360929809
familiar,selection,forward,encoder_wrong_support,direction,0.5,57,specimen_57,40,315,1.0,0.455006738503774,1.3473075654747777
familiar,selection,forward,encoder_wrong_support,direction,0.5,57,specimen_57,60,0,0.5,0.8829964598019918,0.5526822569103439
familiar,selection,forward,encoder_wrong_support,direction,0.5,57,specimen_57,60,0,1.0,0.8545688589413961,0.5892062391158449
familiar,selection,forward,encoder_wrong_support,direction,0.5,57,specimen_57,60,45,0.5,0.48425641655921936,0.8509023555825667
familiar,selection,forward,encoder_wrong_support,direction,0.5,57,specimen_57,60,45,1.0,0.4513866702715556,0.689461016945064
familiar,selection,forward,encoder_wrong_support,direction,0.5,57,specimen_57,60,90,0.5,0.477430135011673,0.9919362389038392
familiar,selection,forward,encoder_wrong_support,direction,0.5,57,specimen_57,60,90,1.0,0.47858526309331256,0.9591801602047104
familiar,selection,forward,encoder_wrong_support,direction,0.5,57,specimen_57,60,135,0.5,0.4809655547142029,1.2951670525424352
familiar,selection,forward,encoder_wrong_support,direction,0.5,57,specimen_57,60,135,1.0,0.4525951147079468,1.1671007833044305
familiar,selection,forward,encoder_wrong_support,direction,0.5,57,specimen_57,60,180,0.5,0.7851646145184835,0.46283918228111265
familiar,selection,forward,encoder_wrong_support,direction,0.5,57,specimen_57,60,180,1.0,0.6930242776870728,0.43595956055948654
familiar,selection,forward,encoder_wrong_support,direction,0.5,57,specimen_57,60,225,0.5,0.4148586293061574,0.881471050428026
familiar,selection,forward,encoder_wrong_support,direction,0.5,57,specimen_57,60,225,1.0,0.4109490017096202,0.8573631772108316
familiar,selection,forward,encoder_wrong_support,direction,0.5,57,specimen_57,60,270,0.5,0.43184184034665424,1.3277938484545553
familiar,selection,forward,encoder_wrong_support,direction,0.5,57,specimen_57,60,270,1.0,0.4467545251051585,1.1850932942850199
familiar,selection,forward,encoder_wrong_support,direction,0.5,57,specimen_57,60,315,0.5,0.41310139497121173,1.1312156232215254
familiar,selection,forward,encoder_wrong_support,direction,0.5,57,specimen_57,60,315,1.0,0.42095810174942017,1.4185680152087548
familiar,selection,forward,encoder_wrong_support,repeat,0.5,10,specimen_10,20,0,1.0,0.490312397480011,0.03437648727926481
familiar,selection,forward,encoder_wrong_support,repeat,0.5,10,specimen_10,20,45,0.5,0.33609287937482196,0.3092011097254425
familiar,selection,forward,encoder_wrong_support,repeat,0.5,10,specimen_10,20,45,1.0,0.3416318396727244,0.28057438582368616
familiar,selection,forward,encoder_wrong_support,repeat,0.5,10,specimen_10,20,90,0.5,0.3559941152731578,0.3358138075093571
familiar,selection,forward,encoder_wrong_support,repeat,0.5,10,specimen_10,20,90,1.0,0.40351351102193195,0.4042345502308555
familiar,selection,forward,encoder_wrong_support,repeat,0.5,10,specimen_10,20,135,0.5,0.47650860746701557,0.32457961282176656
familiar,selection,forward,encoder_wrong_support,repeat,0.5,10,specimen_10,20,135,1.0,0.5227990547815958,0.34155735492830747
familiar,selection,forward,encoder_wrong_support,repeat,0.5,10,specimen_10,20,180,0.5,0.5053063134352366,0.05080012010739917
familiar,selection,forward,encoder_wrong_support,repeat,0.5,10,specimen_10,20,180,1.0,0.5414949754873911,0.09897173282394682
familiar,selection,forward,encoder_wrong_support,repeat,0.5,10,specimen_10,20,225,0.5,0.44807782769203186,0.37485402503838344
familiar,selection,forward,encoder_wrong_support,repeat,0.5,10,specimen_10,20,225,1.0,0.45776569843292236,0.3877354221401512
familiar,selection,forward,encoder_wrong_support,repeat,0.5,10,specimen_10,20,270,0.5,0.3901415665944417,0.3088679319225496
familiar,selection,forward,encoder_wrong_support,repeat,0.5,10,specimen_10,20,270,1.0,0.3462473849455516,0.14293783458761386
familiar,selection,forward,encoder_wrong_support,repeat,0.5,10,specimen_10,20,315,0.5,0.3626881142457326,0.40717688343188163
familiar,selection,forward,encoder_wrong_support,repeat,0.5,10,specimen_10,20,315,1.0,0.5015150606632233,0.6099032400185429
familiar,selection,forward,encoder_wrong_support,repeat,0.5,10,specimen_10,40,45,0.5,0.5927687883377075,0.7188491936350188
familiar,selection,forward,encoder_wrong_support,repeat,0.5,10,specimen_10,40,45,1.0,0.6138932108879089,0.6431377744630977
familiar,selection,forward,encoder_wrong_support,repeat,0.5,10,specimen_10,40,90,1.0,0.7248278458913168,1.6612139775406771
familiar,selection,forward,encoder_wrong_support,repeat,0.5,10,specimen_10,40,135,0.5,0.6192166010538737,1.1318320512279634
familiar,selection,forward,encoder_wrong_support,repeat,0.5,10,specimen_10,40,135,1.0,0.7021816174189249,1.1201208727207097
familiar,selection,forward,encoder_wrong_support,repeat,0.5,10,specimen_10,40,180,0.5,0.6352696220080057,0.1442348867948352
familiar,selection,forward,encoder_wrong_support,repeat,0.5,10,specimen_10,40,180,1.0,0.7786924044291178,0.30386315937717295
familiar,selection,forward,encoder_wrong_support,repeat,0.5,10,specimen_10,40,225,0.5,0.5168248315652212,0.8999964202143671
familiar,selection,forward,encoder_wrong_support,repeat,0.5,10,specimen_10,40,225,1.0,0.6321734587351481,0.6666213848202664
familiar,selection,forward,encoder_wrong_support,repeat,0.5,10,specimen_10,40,270,0.5,0.6374347607294718,1.5149524583443947
familiar,selection,forward,encoder_wrong_support,repeat,0.5,10,specimen_10,40,270,1.0,0.5059588948885599,0.8959693328548272
familiar,selection,forward,encoder_wrong_support,repeat,0.5,10,specimen_10,40,315,0.5,0.5704253017902374,0.8880029443475882
familiar,selection,forward,encoder_wrong_support,repeat,0.5,10,specimen_10,40,315,1.0,0.7294691999753317,1.0532995556602227
familiar,selection,forward,encoder_wrong_support,repeat,0.5,10,specimen_10,60,0,0.5,0.7130462924639384,0.19455975220207508
familiar,selection,forward,encoder_wrong_support,repeat,0.5,10,specimen_10,60,0,1.0,0.7889875570933024,0.3874749716842773
familiar,selection,forward,encoder_wrong_support,repeat,0.5,10,specimen_10,60,45,0.5,0.645664761463801,1.1288217152144662
familiar,selection,forward,encoder_wrong_support,repeat,0.5,10,specimen_10,60,45,1.0,0.7613653739293417,1.1877535094683978
familiar,selection,forward,encoder_wrong_support,repeat,0.5,10,specimen_10,60,90,0.5,0.48953994115193683,1.0588359781619128
familiar,selection,forward,encoder_wrong_support,repeat,0.5,10,specimen_10,60,90,1.0,0.5973250170548757,1.3924581829110518
familiar,selection,forward,encoder_wrong_support,repeat,0.5,10,specimen_10,60,135,0.5,0.7667224208513895,1.464231005199309
familiar,selection,forward,encoder_wrong_support,repeat,0.5,10,specimen_10,60,135,1.0,0.8149691422780355,1.2673420190106242
familiar,selection,forward,encoder_wrong_support,repeat,0.5,10,specimen_10,60,180,0.5,0.6077286799748739,0.1250549306602045
familiar,selection,forward,encoder_wrong_support,repeat,0.5,10,specimen_10,60,180,1.0,0.797505776087443,0.4328360637614812
familiar,selection,forward,encoder_wrong_support,repeat,0.5,10,specimen_10,60,225,0.5,0.6450867255528768,1.2655797974933487
familiar,selection,forward,encoder_wrong_support,repeat,0.5,10,specimen_10,60,225,1.0,0.6892672379811605,1.1358422185224804
familiar,selection,forward,encoder_wrong_support,repeat,0.5,10,specimen_10,60,270,0.5,0.5952005088329315,1.4000360863393595
familiar,selection,forward,encoder_wrong_support,repeat,0.5,10,specimen_10,60,270,1.0,0.6551193098227183,1.095044383919311
familiar,selection,forward,encoder_wrong_support,repeat,0.5,10,specimen_10,60,315,0.5,0.6405049959818522,0.9482602561989011
familiar,selection,forward,encoder_wrong_support,repeat,0.5,10,specimen_10,60,315,1.0,0.7745845516522726,1.2247083065804298
familiar,selection,forward,encoder_wrong_support,repeat,0.5,57,specimen_57,20,0,1.0,0.6838995814323425,0.4224341548171293
familiar,selection,forward,encoder_wrong_support,repeat,0.5,57,specimen_57,20,45,0.5,0.4785200158754985,0.04404543061331364
familiar,selection,forward,encoder_wrong_support,repeat,0.5,57,specimen_57,20,45,1.0,0.46162023146947223,0.01818002976424482
familiar,selection,forward,encoder_wrong_support,repeat,0.5,57,specimen_57,20,90,0.5,0.5760931173960367,0.019821815592074927
familiar,selection,forward,encoder_wrong_support,repeat,0.5,57,specimen_57,20,90,1.0,0.5851148962974548,0.05216063830328347
familiar,selection,forward,encoder_wrong_support,repeat,0.5,57,specimen_57,20,135,0.5,0.46043141682942706,0.029247309135266592
familiar,selection,forward,encoder_wrong_support,repeat,0.5,57,specimen_57,20,135,1.0,0.45731749137242633,0.025159318317452033
familiar,selection,forward,encoder_wrong_support,repeat,0.5,57,specimen_57,20,180,0.5,0.6238662004470825,0.3379426839778609
familiar,selection,forward,encoder_wrong_support,repeat,0.5,57,specimen_57,20,180,1.0,0.5687890450159708,0.3269525109338587
familiar,selection,forward,encoder_wrong_support,repeat,0.5,57,specimen_57,20,225,0.5,0.39897583921750385,0.07577195339710315
familiar,selection,forward,encoder_wrong_support,repeat,0.5,57,specimen_57,20,225,1.0,0.3899892568588257,0.05812881890154533
familiar,selection,forward,encoder_wrong_support,repeat,0.5,57,specimen_57,20,270,0.5,0.4732157190640767,0.09109411880864408
familiar,selection,forward,encoder_wrong_support,repeat,0.5,57,specimen_57,20,270,1.0,0.5400840838750204,0.10113328321533477
familiar,selection,forward,encoder_wrong_support,repeat,0.5,57,specimen_57,20,315,0.5,0.48079020778338116,0.05968026053525973
familiar,selection,forward,encoder_wrong_support,repeat,0.5,57,specimen_57,20,315,1.0,0.4383613665898641,0.022752050286638292
familiar,selection,forward,encoder_wrong_support,repeat,0.5,57,specimen_57,40,45,0.5,0.5744449893633524,0.16944982699219857
familiar,selection,forward,encoder_wrong_support,repeat,0.5,57,specimen_57,40,45,1.0,0.5262960394223531,0.13987983589880848
familiar,selection,forward,encoder_wrong_support,repeat,0.5,57,specimen_57,40,90,1.0,0.459394504626592,1.131914629519221
familiar,selection,forward,encoder_wrong_support,repeat,0.5,57,specimen_57,40,135,0.5,0.5860909024874369,0.5957171067744572
familiar,selection,forward,encoder_wrong_support,repeat,0.5,57,specimen_57,40,135,1.0,0.5894838869571686,0.4801017948445849
familiar,selection,forward,encoder_wrong_support,repeat,0.5,57,specimen_57,40,180,0.5,0.7637043396631876,0.2671282136901153
familiar,selection,forward,encoder_wrong_support,repeat,0.5,57,specimen_57,40,180,1.0,0.6777874032656351,0.33135480257616295
familiar,selection,forward,encoder_wrong_support,repeat,0.5,57,specimen_57,40,225,0.5,0.5733388066291809,0.43110980988168784
familiar,selection,forward,encoder_wrong_support,repeat,0.5,57,specimen_57,40,225,1.0,0.5270388325055441,0.3438280210278899
familiar,selection,forward,encoder_wrong_support,repeat,0.5,57,specimen_57,40,270,0.5,0.4055180847644806,1.5535733385866095
familiar,selection,forward,encoder_wrong_support,repeat,0.5,57,specimen_57,40,270,1.0,0.4198933442433675,1.4557030434964062
familiar,selection,forward,encoder_wrong_support,repeat,0.5,57,specimen_57,40,315,0.5,0.536289393901825,1.5117983482483435
familiar,selection,forward,encoder_wrong_support,repeat,0.5,57,specimen_57,40,315,1.0,0.5657209555308024,1.2569129204008875
familiar,selection,forward,encoder_wrong_support,repeat,0.5,57,specimen_57,60,0,0.5,1.0055086414019268,0.6586879252107661
familiar,selection,forward,encoder_wrong_support,repeat,0.5,57,specimen_57,60,0,1.0,0.9708213210105896,0.6855088975174913
familiar,selection,forward,encoder_wrong_support,repeat,0.5,57,specimen_57,60,45,0.5,0.560591479142507,0.7367177471829122
familiar,selection,forward,encoder_wrong_support,repeat,0.5,57,specimen_57,60,45,1.0,0.5271221101284027,0.582759048349291
familiar,selection,forward,encoder_wrong_support,repeat,0.5,57,specimen_57,60,90,0.5,0.549257735411326,0.8642714207636876
familiar,selection,forward,encoder_wrong_support,repeat,0.5,57,specimen_57,60,90,1.0,0.546659251054128,0.8375644950477253
familiar,selection,forward,encoder_wrong_support,repeat,0.5,57,specimen_57,60,135,0.5,0.5724078019460043,1.1349833261148294
familiar,selection,forward,encoder_wrong_support,repeat,0.5,57,specimen_57,60,135,1.0,0.5389992892742157,1.022262775867871
familiar,selection,forward,encoder_wrong_support,repeat,0.5,57,specimen_57,60,180,0.5,0.9301058053970337,0.5920625587009074
familiar,selection,forward,encoder_wrong_support,repeat,0.5,57,specimen_57,60,180,1.0,0.8360806504885355,0.5705923598719558
familiar,selection,forward,encoder_wrong_support,repeat,0.5,57,specimen_57,60,225,0.5,0.5037807921568552,0.7667820059524276
familiar,selection,forward,encoder_wrong_support,repeat,0.5,57,specimen_57,60,225,1.0,0.49485618869463605,0.7342902001064274
familiar,selection,forward,encoder_wrong_support,repeat,0.5,57,specimen_57,60,270,0.5,0.49661338329315186,1.2167744740527204
familiar,selection,forward,encoder_wrong_support,repeat,0.5,57,specimen_57,60,270,1.0,0.5218373338381449,1.0699596322172784
familiar,selection,forward,encoder_wrong_support,repeat,0.5,57,specimen_57,60,315,0.5,0.5015659232934316,1.0314750682060778
familiar,selection,forward,encoder_wrong_support,repeat,0.5,57,specimen_57,60,315,1.0,0.5055438578128815,1.3204167545937737
familiar,selection,forward,encoder_wrong_support,single,0.5,10,specimen_10,20,0,1.0,0.5079749127229055,0.04384142265102122
familiar,selection,forward,encoder_wrong_support,single,0.5,10,specimen_10,20,45,0.5,0.3626185655593872,0.3200769707823951
familiar,selection,forward,encoder_wrong_support,single,0.5,10,specimen_10,20,45,1.0,0.36743828654289246,0.29014181627942087
familiar,selection,forward,encoder_wrong_support,single,0.5,10,specimen_10,20,90,0.5,0.37074318528175354,0.3457895743708663
familiar,selection,forward,encoder_wrong_support,single,0.5,10,specimen_10,20,90,1.0,0.42185890674591064,0.4126469216518645
familiar,selection,forward,encoder_wrong_support,single,0.5,10,specimen_10,20,135,0.5,0.5044667025407156,0.33341978789677157
familiar,selection,forward,encoder_wrong_support,single,0.5,10,specimen_10,20,135,1.0,0.5529281298319498,0.35070736661859964
familiar,selection,forward,encoder_wrong_support,single,0.5,10,specimen_10,20,180,0.5,0.5331994394461314,0.04729381093084562
familiar,selection,forward,encoder_wrong_support,single,0.5,10,specimen_10,20,180,1.0,0.5698026021321615,0.10880610315592787
familiar,selection,forward,encoder_wrong_support,single,0.5,10,specimen_10,20,225,0.5,0.4797557195027669,0.38497636357174175
familiar,selection,forward,encoder_wrong_support,single,0.5,10,specimen_10,20,225,1.0,0.4933597544829051,0.39892160821535344
familiar,selection,forward,encoder_wrong_support,single,0.5,10,specimen_10,20,270,0.5,0.41503629088401794,0.320054767709604
familiar,selection,forward,encoder_wrong_support,single,0.5,10,specimen_10,20,270,1.0,0.37108967701594037,0.15463869083175946
familiar,selection,forward,encoder_wrong_support,single,0.5,10,specimen_10,20,315,0.5,0.38917073607444763,0.41873258835197635
familiar,selection,forward,encoder_wrong_support,single,0.5,10,specimen_10,20,315,1.0,0.5327715973059336,0.6217010756629233
familiar,selection,forward,encoder_wrong_support,single,0.5,10,specimen_10,40,45,0.5,0.6276845932006836,0.7337448430981528
familiar,selection,forward,encoder_wrong_support,single,0.5,10,specimen_10,40,45,1.0,0.6426258285840353,0.6559404060375712
familiar,selection,forward,encoder_wrong_support,single,0.5,10,specimen_10,40,90,1.0,0.7569126884142557,1.6762313273279876
familiar,selection,forward,encoder_wrong_support,single,0.5,10,specimen_10,40,135,0.5,0.6472295522689819,1.1426638139364471
familiar,selection,forward,encoder_wrong_support,single,0.5,10,specimen_10,40,135,1.0,0.7360230485598246,1.132606231576686
familiar,selection,forward,encoder_wrong_support,single,0.5,10,specimen_10,40,180,0.5,0.6605297525723776,0.15613333932477233
familiar,selection,forward,encoder_wrong_support,single,0.5,10,specimen_10,40,180,1.0,0.8094990650812784,0.31636323123378735
familiar,selection,forward,encoder_wrong_support,single,0.5,10,specimen_10,40,225,0.5,0.553086906671524,0.9132839568923528
familiar,selection,forward,encoder_wrong_support,single,0.5,10,specimen_10,40,225,1.0,0.668760359287262,0.6802603402270141
familiar,selection,forward,encoder_wrong_support,single,0.5,10,specimen_10,40,270,0.5,0.6741475860277811,1.5307696225684504
familiar,selection,forward,encoder_wrong_support,single,0.5,10,specimen_10,40,270,1.0,0.5406643052895864,0.9126536354318465
familiar,selection,forward,encoder_wrong_support,single,0.5,10,specimen_10,40,315,0.5,0.6017540891965231,0.9030851184431539
familiar,selection,forward,encoder_wrong_support,single,0.5,10,specimen_10,40,315,1.0,0.762641708056132,1.0689105825244962
familiar,selection,forward,encoder_wrong_support,single,0.5,10,specimen_10,60,0,0.5,0.733610987663269,0.21344949340965713
familiar,selection,forward,encoder_wrong_support,single,0.5,10,specimen_10,60,0,1.0,0.8105387489000956,0.4047881993051298
familiar,selection,forward,encoder_wrong_support,single,0.5,10,specimen_10,60,45,0.5,0.6786603728930155,1.146283151026676
familiar,selection,forward,encoder_wrong_support,single,0.5,10,specimen_10,60,45,1.0,0.7920289834340414,1.2056229111967023
familiar,selection,forward,encoder_wrong_support,single,0.5,10,specimen_10,60,90,0.5,0.5110814869403839,1.0776433649640846
familiar,selection,forward,encoder_wrong_support,single,0.5,10,specimen_10,60,90,1.0,0.6241107285022736,1.413740559014526
familiar,selection,forward,encoder_wrong_support,single,0.5,10,specimen_10,60,135,0.5,0.79879363377889,1.4792398900302726
familiar,selection,forward,encoder_wrong_support,single,0.5,10,specimen_10,60,135,1.0,0.8484718402226766,1.2830195638225073
familiar,selection,forward,encoder_wrong_support,single,0.5,10,specimen_10,60,180,0.5,0.6326107780138651,0.1407724923014134
familiar,selection,forward,encoder_wrong_support,single,0.5,10,specimen_10,60,180,1.0,0.8256252010663351,0.4489955767900877
familiar,selection,forward,encoder_wrong_support,single,0.5,10,specimen_10,60,225,0.5,0.684237023194631,1.2849374705671546
familiar,selection,forward,encoder_wrong_support,single,0.5,10,specimen_10,60,225,1.0,0.7260869145393372,1.155582006249607
familiar,selection,forward,encoder_wrong_support,single,0.5,10,specimen_10,60,270,0.5,0.6363744636376699,1.4249573468530716
familiar,selection,forward,encoder_wrong_support,single,0.5,10,specimen_10,60,270,1.0,0.6955949167410532,1.1213750880111208
familiar,selection,forward,encoder_wrong_support,single,0.5,10,specimen_10,60,315,0.5,0.6749528646469116,0.9686754652731014
familiar,selection,forward,encoder_wrong_support,single,0.5,10,specimen_10,60,315,1.0,0.8136018713315328,1.248019414169385
familiar,selection,forward,encoder_wrong_support,single,0.5,57,specimen_57,20,0,1.0,0.6837008992830912,0.42058434045554366
familiar,selection,forward,encoder_wrong_support,single,0.5,57,specimen_57,20,45,0.5,0.47929630676905316,0.049902504983847774
familiar,selection,forward,encoder_wrong_support,single,0.5,57,specimen_57,20,45,1.0,0.4600460131963094,0.018358072804799768
familiar,selection,forward,encoder_wrong_support,single,0.5,57,specimen_57,20,90,0.5,0.5786347190539042,0.04417462115621943
familiar,selection,forward,encoder_wrong_support,single,0.5,57,specimen_57,20,90,1.0,0.5845940113067627,0.05480414293965974
familiar,selection,forward,encoder_wrong_support,single,0.5,57,specimen_57,20,135,0.5,0.46081090966860455,0.04890222083423442
familiar,selection,forward,encoder_wrong_support,single,0.5,57,specimen_57,20,135,1.0,0.4590297341346741,0.03891973209736795
familiar,selection,forward,encoder_wrong_support,single,0.5,57,specimen_57,20,180,0.5,0.6218938032786051,0.3371145382329306
familiar,selection,forward,encoder_wrong_support,single,0.5,57,specimen_57,20,180,1.0,0.5688349703947703,0.326742238864788
familiar,selection,forward,encoder_wrong_support,single,0.5,57,specimen_57,20,225,0.5,0.3932883044083913,0.09483070996855424
familiar,selection,forward,encoder_wrong_support,single,0.5,57,specimen_57,20,225,1.0,0.3853905399640401,0.07000781511206718
familiar,selection,forward,encoder_wrong_support,single,0.5,57,specimen_57,20,270,0.5,0.4690566162268321,0.09538797695962266
familiar,selection,forward,encoder_wrong_support,single,0.5,57,specimen_57,20,270,1.0,0.5378743906815847,0.09761317036979615
familiar,selection,forward,encoder_wrong_support,single,0.5,57,specimen_57,20,315,0.5,0.47714440027872723,0.07011325410267943
familiar,selection,forward,encoder_wrong_support,single,0.5,57,specimen_57,20,315,1.0,0.4365159869194031,0.03582862174371837
familiar,selection,forward,encoder_wrong_support,single,0.5,57,specimen_57,40,45,0.5,0.5719928642114004,0.17109318414758734
familiar,selection,forward,encoder_wrong_support,single,0.5,57,specimen_57,40,45,1.0,0.522884358962377,0.14949967314096438
familiar,selection,forward,encoder_wrong_support,single,0.5,57,specimen_57,40,90,1.0,0.4535914361476898,1.1260549585652793
familiar,selection,forward,encoder_wrong_support,single,0.5,57,specimen_57,40,135,0.5,0.5789259771505991,0.5974037027587515
familiar,selection,forward,encoder_wrong_support,single,0.5,57,specimen_57,40,135,1.0,0.5838873187700907,0.4773033793372819
familiar,selection,forward,encoder_wrong_support,single,0.5,57,specimen_57,40,180,0.5,0.7528509895006815,0.26410512423863536
familiar,selection,forward,encoder_wrong_support,single,0.5,57,specimen_57,40,180,1.0,0.6661297678947449,0.3260299789552336
familiar,selection,forward,encoder_wrong_support,single,0.5,57,specimen_57,40,225,0.5,0.5595989724000295,0.4381444157617369
familiar,selection,forward,encoder_wrong_support,single,0.5,57,specimen_57,40,225,1.0,0.5121756692727407,0.35232326044315393
familiar,selection,forward,encoder_wrong_support,single,0.5,57,specimen_57,40,270,0.5,0.4054955542087555,1.555613770685527
familiar,selection,forward,encoder_wrong_support,single,0.5,57,specimen_57,40,270,1.0,0.41922850410143536,1.4600063286312277
familiar,selection,forward,encoder_wrong_support,single,0.5,57,specimen_57,40,315,0.5,0.5307218730449677,1.5162061882119515
familiar,selection,forward,encoder_wrong_support,single,0.5,57,specimen_57,40,315,1.0,0.5551469425360361,1.2660906466632726
familiar,selection,forward,encoder_wrong_support,single,0.5,57,specimen_57,60,0,0.5,0.997127095858256,0.6517577205640531
familiar,selection,forward,encoder_wrong_support,single,0.5,57,specimen_57,60,0,1.0,0.9528627792994181,0.6676177194356985
familiar,selection,forward,encoder_wrong_support,single,0.5,57,specimen_57,60,45,0.5,0.5526104768117269,0.7427403853015035
familiar,selection,forward,encoder_wrong_support,single,0.5,57,specimen_57,60,45,1.0,0.5146040121714274,0.5994847783693961
familiar,selection,forward,encoder_wrong_support,single,0.5,57,specimen_57,60,90,0.5,0.5409095784028372,0.873387415399387
familiar,selection,forward,encoder_wrong_support,single,0.5,57,specimen_57,60,90,1.0,0.5351544817288717,0.8569490064212607
familiar,selection,forward,encoder_wrong_support,single,0.5,57,specimen_57,60,135,0.5,0.5608438650767008,1.149278078799111
familiar,selection,forward,encoder_wrong_support,single,0.5,57,specimen_57,60,135,1.0,0.5254492660363516,1.0432704352483366
familiar,selection,forward,encoder_wrong_support,single,0.5,57,specimen_57,60,180,0.5,0.9114611546198527,0.5804076312499814
familiar,selection,forward,encoder_wrong_support,single,0.5,57,specimen_57,60,180,1.0,0.8154112100601196,0.5545924757706241
familiar,selection,forward,encoder_wrong_support,single,0.5,57,specimen_57,60,225,0.5,0.49264724055926007,0.7754617457900456
familiar,selection,forward,encoder_wrong_support,single,0.5,57,specimen_57,60,225,1.0,0.48336829741795856,0.7440464889319541
familiar,selection,forward,encoder_wrong_support,single,0.5,57,specimen_57,60,270,0.5,0.4868837296962738,1.2283569455999437
familiar,selection,forward,encoder_wrong_support,single,0.5,57,specimen_57,60,270,1.0,0.5054230789343516,1.090932918953394
familiar,selection,forward,encoder_wrong_support,single,0.5,57,specimen_57,60,315,0.5,0.4900745451450348,1.0434618719860984
familiar,selection,forward,encoder_wrong_support,single,0.5,57,specimen_57,60,315,1.0,0.4904337227344513,1.3397295071609712
familiar,selection,forward,fixed_features,direction,0.5,10,specimen_10,20,0,1.0,0.3423626693595372,0.19554068486653026
familiar,selection,forward,fixed_features,direction,0.5,10,specimen_10,20,45,0.5,0.30470936772560575,0.10563910497914386
familiar,selection,forward,fixed_features,direction,0.5,10,specimen_10,20,45,1.0,0.29786335064347785,0.06381287902965793
familiar,selection,forward,fixed_features,direction,0.5,10,specimen_10,20,90,0.5,0.4113162954321196,0.18238126878140948
familiar,selection,forward,fixed_features,direction,0.5,10,specimen_10,20,90,1.0,0.36738287639250283,0.23355544898215186
familiar,selection,forward,fixed_features,direction,0.5,10,specimen_10,20,135,0.5,0.2072431337771199,0.20806249296074292
familiar,selection,forward,fixed_features,direction,0.5,10,specimen_10,20,135,1.0,0.18564254675701153,0.20562746417999966
familiar,selection,forward,fixed_features,direction,0.5,10,specimen_10,20,180,0.5,0.30918084341467783,0.1091301604161396
familiar,selection,forward,fixed_features,direction,0.5,10,specimen_10,20,180,1.0,0.27954355261871094,0.0127231335545957
familiar,selection,forward,fixed_features,direction,0.5,10,specimen_10,20,225,0.5,0.20338122385556703,0.28634779621071355
familiar,selection,forward,fixed_features,direction,0.5,10,specimen_10,20,225,1.0,0.2245556902701565,0.28596556455392297
familiar,selection,forward,fixed_features,direction,0.5,10,specimen_10,20,270,0.5,0.30056181227440754,0.1973050176491536
familiar,selection,forward,fixed_features,direction,0.5,10,specimen_10,20,270,1.0,0.37955201801336963,0.019517333268242898
familiar,selection,forward,fixed_features,direction,0.5,10,specimen_10,20,315,0.5,0.27259902401966746,0.2391853049430569
familiar,selection,forward,fixed_features,direction,0.5,10,specimen_10,20,315,1.0,0.20621899988298809,0.4284205436179517
familiar,selection,forward,fixed_features,direction,0.5,10,specimen_10,40,45,0.5,0.1754651179073021,0.32849429830736354
familiar,selection,forward,fixed_features,direction,0.5,10,specimen_10,40,45,1.0,0.17463328761771088,0.2311759015666045
familiar,selection,forward,fixed_features,direction,0.5,10,specimen_10,40,90,1.0,0.3298455460638232,1.3227803232759279
familiar,selection,forward,fixed_features,direction,0.5,10,specimen_10,40,135,0.5,0.23019745015857493,0.8666155736927385
familiar,selection,forward,fixed_features,direction,0.5,10,specimen_10,40,135,1.0,0.21314376762464268,0.8257387937698132
familiar,selection,forward,fixed_features,direction,0.5,10,specimen_10,40,180,0.5,0.38107057738167827,0.09253260000805064
familiar,selection,forward,fixed_features,direction,0.5,10,specimen_10,40,180,1.0,0.4239509131004125,0.03961217813783213
familiar,selection,forward,fixed_features,direction,0.5,10,specimen_10,40,225,0.5,0.23660238991948476,0.6724447278024891
familiar,selection,forward,fixed_features,direction,0.5,10,specimen_10,40,225,1.0,0.19888739346123263,0.41514549337558804
familiar,selection,forward,fixed_features,direction,0.5,10,specimen_10,40,270,0.5,0.32520117329894066,1.2586213057924853
familiar,selection,forward,fixed_features,direction,0.5,10,specimen_10,40,270,1.0,0.3381356055838916,0.6181648105362049
familiar,selection,forward,fixed_features,direction,0.5,10,specimen_10,40,315,0.5,0.20314472313267093,0.5428119469738645
familiar,selection,forward,fixed_features,direction,0.5,10,specimen_10,40,315,1.0,0.24114168238764747,0.6874760133099299
familiar,selection,forward,fixed_features,direction,0.5,10,specimen_10,60,0,0.5,0.5609038893400763,0.5953167981759404
familiar,selection,forward,fixed_features,direction,0.5,10,specimen_10,60,0,1.0,0.5027046488315413,0.44091019732831815
familiar,selection,forward,fixed_features,direction,0.5,10,specimen_10,60,45,0.5,0.21502108284733246,0.37137768732497833
familiar,selection,forward,fixed_features,direction,0.5,10,specimen_10,60,45,1.0,0.230120539184702,0.39211042378499616
familiar,selection,forward,fixed_features,direction,0.5,10,specimen_10,60,90,0.5,0.4473622837084503,0.4191250543314671
familiar,selection,forward,fixed_features,direction,0.5,10,specimen_10,60,90,1.0,0.38454905588309246,0.7086693084604403
familiar,selection,forward,fixed_features,direction,0.5,10,specimen_10,60,135,0.5,0.2536632995666049,0.9077418165899827
familiar,selection,forward,fixed_features,direction,0.5,10,specimen_10,60,135,1.0,0.24718516360726542,0.6637962041654404
familiar,selection,forward,fixed_features,direction,0.5,10,specimen_10,60,180,0.5,0.4760829370043295,0.39464511366885413
familiar,selection,forward,fixed_features,direction,0.5,10,specimen_10,60,180,1.0,0.4876184075615117,0.1313222416469788
familiar,selection,forward,fixed_features,direction,0.5,10,specimen_10,60,225,0.5,0.24958494680213794,0.7581131090935119
familiar,selection,forward,fixed_features,direction,0.5,10,specimen_10,60,225,1.0,0.2679409736090368,0.5848521043451824
familiar,selection,forward,fixed_features,direction,0.5,10,specimen_10,60,270,0.5,0.38342368400708776,0.8393767879648888
familiar,selection,forward,fixed_features,direction,0.5,10,specimen_10,60,270,1.0,0.32905923549256916,0.500891736846153
familiar,selection,forward,fixed_features,direction,0.5,10,specimen_10,60,315,0.5,0.23873261446991023,0.2519133362111836
familiar,selection,forward,fixed_features,direction,0.5,10,specimen_10,60,315,1.0,0.24456743908979597,0.49196371344788936
familiar,selection,forward,fixed_features,direction,0.5,57,specimen_57,20,0,1.0,0.49415198138126765,0.2761794114261425
familiar,selection,forward,fixed_features,direction,0.5,57,specimen_57,20,45,0.5,0.24706305487524527,0.22234925293451113
familiar,selection,forward,fixed_features,direction,0.5,57,specimen_57,20,45,1.0,0.2630978216470404,0.19960542833464656
familiar,selection,forward,fixed_features,direction,0.5,57,specimen_57,20,90,0.5,0.2557863651586974,0.22153384777833507
familiar,selection,forward,fixed_features,direction,0.5,57,specimen_57,20,90,1.0,0.29105692792976035,0.17662424863264198
familiar,selection,forward,fixed_features,direction,0.5,57,specimen_57,20,135,0.5,0.26329889691300273,0.25008693230793044
familiar,selection,forward,fixed_features,direction,0.5,57,specimen_57,20,135,1.0,0.25749109928642266,0.21499448972743296
familiar,selection,forward,fixed_features,direction,0.5,57,specimen_57,20,180,0.5,0.31622227467267955,0.11885411421374861
familiar,selection,forward,fixed_features,direction,0.5,57,specimen_57,20,180,1.0,0.2948237455646596,0.11050414025575639
familiar,selection,forward,fixed_features,direction,0.5,57,specimen_57,20,225,0.5,0.2837518322613664,0.2833474450625417
familiar,selection,forward,fixed_features,direction,0.5,57,specimen_57,20,225,1.0,0.27756916557172184,0.26121806019628613
familiar,selection,forward,fixed_features,direction,0.5,57,specimen_57,20,270,0.5,0.27906133037240016,0.29063824913775566
familiar,selection,forward,fixed_features,direction,0.5,57,specimen_57,20,270,1.0,0.2768270582705195,0.09286248144465636
familiar,selection,forward,fixed_features,direction,0.5,57,specimen_57,20,315,0.5,0.27009236703157474,0.23093152297275849
familiar,selection,forward,fixed_features,direction,0.5,57,specimen_57,20,315,1.0,0.25854257470239517,0.14440163970112652
familiar,selection,forward,fixed_features,direction,0.5,57,specimen_57,40,45,0.5,0.2636356896395902,0.3352297796099074
familiar,selection,forward,fixed_features,direction,0.5,57,specimen_57,40,45,1.0,0.27817366508161906,0.2389601188020105
familiar,selection,forward,fixed_features,direction,0.5,57,specimen_57,40,90,1.0,0.3912217784926255,1.3996362318360704
familiar,selection,forward,fixed_features,direction,0.5,57,specimen_57,40,135,0.5,0.2691372830214909,0.8639885861450499
familiar,selection,forward,fixed_features,direction,0.5,57,specimen_57,40,135,1.0,0.2762485419737126,0.7567548260585463
familiar,selection,forward,fixed_features,direction,0.5,57,specimen_57,40,180,0.5,0.36699922547610114,0.04785411105233939
familiar,selection,forward,fixed_features,direction,0.5,57,specimen_57,40,180,1.0,0.3569406918819167,0.10762232191691007
familiar,selection,forward,fixed_features,direction,0.5,57,specimen_57,40,225,0.5,0.24213425122819912,0.6317638365949368
familiar,selection,forward,fixed_features,direction,0.5,57,specimen_57,40,225,1.0,0.23003194751381106,0.5437507584058106
familiar,selection,forward,fixed_features,direction,0.5,57,specimen_57,40,270,0.5,0.44445500129681204,1.7355946367715704
familiar,selection,forward,fixed_features,direction,0.5,57,specimen_57,40,270,1.0,0.3965044402173761,1.6441343384355291
familiar,selection,forward,fixed_features,direction,0.5,57,specimen_57,40,315,0.5,0.246214103849039,1.6490298686210894
familiar,selection,forward,fixed_features,direction,0.5,57,specimen_57,40,315,1.0,0.32185011862894974,1.4006968077092465
familiar,selection,forward,fixed_features,direction,0.5,57,specimen_57,60,0,0.5,0.7383610699401184,0.6977656946592536
familiar,selection,forward,fixed_features,direction,0.5,57,specimen_57,60,0,1.0,0.7365874876332823,0.7263282160778634
familiar,selection,forward,fixed_features,direction,0.5,57,specimen_57,60,45,0.5,0.3035114019829206,0.7939144522598219
familiar,selection,forward,fixed_features,direction,0.5,57,specimen_57,60,45,1.0,0.2850678880102937,0.6414815633568343
familiar,selection,forward,fixed_features,direction,0.5,57,specimen_57,60,90,0.5,0.3428565720778984,1.0726284576593077
familiar,selection,forward,fixed_features,direction,0.5,57,specimen_57,60,90,1.0,0.34082749025509446,1.046766035482344
familiar,selection,forward,fixed_features,direction,0.5,57,specimen_57,60,135,0.5,0.33628276928004724,1.3980693760322311
familiar,selection,forward,fixed_features,direction,0.5,57,specimen_57,60,135,1.0,0.30977676353621203,1.2832383689975586
familiar,selection,forward,fixed_features,direction,0.5,57,specimen_57,60,180,0.5,0.55764409938255,0.41830016387140967
familiar,selection,forward,fixed_features,direction,0.5,57,specimen_57,60,180,1.0,0.48351362602660625,0.38347162048586664
familiar,selection,forward,fixed_features,direction,0.5,57,specimen_57,60,225,0.5,0.27114636014491716,0.8912389873503597
familiar,selection,forward,fixed_features,direction,0.5,57,specimen_57,60,225,1.0,0.30118446631609636,0.8685557307085798
familiar,selection,forward,fixed_features,direction,0.5,57,specimen_57,60,270,0.5,0.35202002416658235,1.3034864380958626
familiar,selection,forward,fixed_features,direction,0.5,57,specimen_57,60,270,1.0,0.31951521295573987,1.1625552393619474
familiar,selection,forward,fixed_features,direction,0.5,57,specimen_57,60,315,0.5,0.2447119643953183,1.0310453325411393
familiar,selection,forward,fixed_features,direction,0.5,57,specimen_57,60,315,1.0,0.26682064092562907,1.3136632645331665
familiar,selection,forward,fixed_features,repeat,0.5,10,specimen_10,20,0,1.0,0.33698693577812106,0.18725320390660644
familiar,selection,forward,fixed_features,repeat,0.5,10,specimen_10,20,45,0.5,0.30224855346328955,0.1133241350067764
familiar,selection,forward,fixed_features,repeat,0.5,10,specimen_10,20,45,1.0,0.29262041565306335,0.07298168751373946
familiar,selection,forward,fixed_features,repeat,0.5,10,specimen_10,20,90,0.5,0.4073720661547713,0.19014895268312015
familiar,selection,forward,fixed_features,repeat,0.5,10,specimen_10,20,90,1.0,0.3639014115753764,0.24279004150587813
familiar,selection,forward,fixed_features,repeat,0.5,10,specimen_10,20,135,0.5,0.2085601839214175,0.2150701939624507
familiar,selection,forward,fixed_features,repeat,0.5,10,specimen_10,20,135,1.0,0.19048611180166297,0.21395252708118984
familiar,selection,forward,fixed_features,repeat,0.5,10,specimen_10,20,180,0.5,0.3035937800951955,0.1031975892060567
familiar,selection,forward,fixed_features,repeat,0.5,10,specimen_10,20,180,1.0,0.2771849500516098,0.0056511780173339465
familiar,selection,forward,fixed_features,repeat,0.5,10,specimen_10,20,225,0.5,0.20056621771150898,0.2916236997046411
familiar,selection,forward,fixed_features,repeat,0.5,10,specimen_10,20,225,1.0,0.22263090360857385,0.29228402520027513
familiar,selection,forward,fixed_features,repeat,0.5,10,specimen_10,20,270,0.5,0.2985764582585173,0.2026298079376712
familiar,selection,forward,fixed_features,repeat,0.5,10,specimen_10,20,270,1.0,0.37350348605010275,0.025909951212579496
familiar,selection,forward,fixed_features,repeat,0.5,10,specimen_10,20,315,0.5,0.2646789154637592,0.24516142425659226
familiar,selection,forward,fixed_features,repeat,0.5,10,specimen_10,20,315,1.0,0.20418494803387466,0.4355906908244902
familiar,selection,forward,fixed_features,repeat,0.5,10,specimen_10,40,45,0.5,0.1703162870155922,0.339259829152605
familiar,selection,forward,fixed_features,repeat,0.5,10,specimen_10,40,45,1.0,0.16891012347540904,0.2439908406539294
familiar,selection,forward,fixed_features,repeat,0.5,10,specimen_10,40,90,1.0,0.3383450395933319,1.3355917764440828
familiar,selection,forward,fixed_features,repeat,0.5,10,specimen_10,40,135,0.5,0.22664435608410047,0.8764368541252433
familiar,selection,forward,fixed_features,repeat,0.5,10,specimen_10,40,135,1.0,0.21869969613739304,0.837405978739179
familiar,selection,forward,fixed_features,repeat,0.5,10,specimen_10,40,180,0.5,0.37346710232235897,0.084032104212027
familiar,selection,forward,fixed_features,repeat,0.5,10,specimen_10,40,180,1.0,0.4248796135715918,0.04971052945220711
familiar,selection,forward,fixed_features,repeat,0.5,10,specimen_10,40,225,0.5,0.21975603438614266,0.680274621246859
familiar,selection,forward,fixed_features,repeat,0.5,10,specimen_10,40,225,1.0,0.19405277516371636,0.4244343185666357
familiar,selection,forward,fixed_features,repeat,0.5,10,specimen_10,40,270,0.5,0.33175619860486055,1.2667708642298792
familiar,selection,forward,fixed_features,repeat,0.5,10,specimen_10,40,270,1.0,0.3409518320188174,0.6278089973753107
familiar,selection,forward,fixed_features,repeat,0.5,10,specimen_10,40,315,0.5,0.20332760241913164,0.5518931287532639
familiar,selection,forward,fixed_features,repeat,0.5,10,specimen_10,40,315,1.0,0.2376893667785779,0.6982236656687474
familiar,selection,forward,fixed_features,repeat,0.5,10,specimen_10,60,0,0.5,0.5576549037683036,0.5798774066603589
familiar,selection,forward,fixed_features,repeat,0.5,10,specimen_10,60,0,1.0,0.5033916842268847,0.4226733919656115
familiar,selection,forward,fixed_features,repeat,0.5,10,specimen_10,60,45,0.5,0.20938265272103096,0.38688861576954525
familiar,selection,forward,fixed_features,repeat,0.5,10,specimen_10,60,45,1.0,0.22600490206502186,0.4106319775879026
familiar,selection,forward,fixed_features,repeat,0.5,10,specimen_10,60,90,0.5,0.4482736868290475,0.4343714261532441
familiar,selection,forward,fixed_features,repeat,0.5,10,specimen_10,60,90,1.0,0.3901884516298983,0.7269132896212773
familiar,selection,forward,fixed_features,repeat,0.5,10,specimen_10,60,135,0.5,0.25427658208974585,0.9218903740231337
familiar,selection,forward,fixed_features,repeat,0.5,10,specimen_10,60,135,1.0,0.2501069339441007,0.6806654040343834
familiar,selection,forward,fixed_features,repeat,0.5,10,specimen_10,60,180,0.5,0.46613129003004755,0.3819563557129454
familiar,selection,forward,fixed_features,repeat,0.5,10,specimen_10,60,180,1.0,0.4890837074404339,0.11627727884174455
familiar,selection,forward,fixed_features,repeat,0.5,10,specimen_10,60,225,0.5,0.24067030261042807,0.7704064084425444
familiar,selection,forward,fixed_features,repeat,0.5,10,specimen_10,60,225,1.0,0.2617470661926123,0.5993022888287416
familiar,selection,forward,fixed_features,repeat,0.5,10,specimen_10,60,270,0.5,0.387563779513372,0.8526948364338189
familiar,selection,forward,fixed_features,repeat,0.5,10,specimen_10,60,270,1.0,0.33548556073858365,0.5164351140879146
familiar,selection,forward,fixed_features,repeat,0.5,10,specimen_10,60,315,0.5,0.2292557045442424,0.2666416601974986
familiar,selection,forward,fixed_features,repeat,0.5,10,specimen_10,60,315,1.0,0.2435163344911584,0.5091792108731383
familiar,selection,forward,fixed_features,repeat,0.5,57,specimen_57,20,0,1.0,0.46901825124959595,0.253870940008086
familiar,selection,forward,fixed_features,repeat,0.5,57,specimen_57,20,45,0.5,0.2560203119522519,0.242899489006696
familiar,selection,forward,fixed_features,repeat,0.5,57,specimen_57,20,45,1.0,0.26271648153592503,0.22162111987199817
familiar,selection,forward,fixed_features,repeat,0.5,57,specimen_57,20,90,0.5,0.2511161609729502,0.2404046160507396
familiar,selection,forward,fixed_features,repeat,0.5,57,specimen_57,20,90,1.0,0.27168325277744454,0.19703635821954496
familiar,selection,forward,fixed_features,repeat,0.5,57,specimen_57,20,135,0.5,0.288298989346315,0.26681292559240105
familiar,selection,forward,fixed_features,repeat,0.5,57,specimen_57,20,135,1.0,0.2747183565350853,0.23318704642280014
familiar,selection,forward,fixed_features,repeat,0.5,57,specimen_57,20,180,0.5,0.3146998897668025,0.10375750258342012
familiar,selection,forward,fixed_features,repeat,0.5,57,specimen_57,20,180,1.0,0.28848568585094614,0.09411587000650201
familiar,selection,forward,fixed_features,repeat,0.5,57,specimen_57,20,225,0.5,0.30297092673678644,0.2984093697064463
familiar,selection,forward,fixed_features,repeat,0.5,57,specimen_57,20,225,1.0,0.2951051000846576,0.27744654595220924
familiar,selection,forward,fixed_features,repeat,0.5,57,specimen_57,20,270,0.5,0.305609065492005,0.30754822713446023
familiar,selection,forward,fixed_features,repeat,0.5,57,specimen_57,20,270,1.0,0.27975253533379574,0.11092640848295904
familiar,selection,forward,fixed_features,repeat,0.5,57,specimen_57,20,315,0.5,0.28168800388590826,0.25044697238551816
familiar,selection,forward,fixed_features,repeat,0.5,57,specimen_57,20,315,1.0,0.26704967914204986,0.16513532934153874
familiar,selection,forward,fixed_features,repeat,0.5,57,specimen_57,40,45,0.5,0.2323493191614605,0.3681495919976816
familiar,selection,forward,fixed_features,repeat,0.5,57,specimen_57,40,45,1.0,0.24697866526660947,0.2743410450354321
familiar,selection,forward,fixed_features,repeat,0.5,57,specimen_57,40,90,1.0,0.4232853214764942,1.4326243260167537
familiar,selection,forward,fixed_features,repeat,0.5,57,specimen_57,40,135,0.5,0.2673977534422128,0.8912848275066544
familiar,selection,forward,fixed_features,repeat,0.5,57,specimen_57,40,135,1.0,0.2539187432673411,0.7864513562772744
familiar,selection,forward,fixed_features,repeat,0.5,57,specimen_57,40,180,0.5,0.3293378161019494,0.022928420192702303
familiar,selection,forward,fixed_features,repeat,0.5,57,specimen_57,40,180,1.0,0.331125831235347,0.08055764254370956
familiar,selection,forward,fixed_features,repeat,0.5,57,specimen_57,40,225,0.5,0.2299031749166779,0.6568145402369259
familiar,selection,forward,fixed_features,repeat,0.5,57,specimen_57,40,225,1.0,0.21336634454855175,0.5707826797163162
familiar,selection,forward,fixed_features,repeat,0.5,57,specimen_57,40,270,0.5,0.49360602753299004,1.7635976987911324
familiar,selection,forward,fixed_features,repeat,0.5,57,specimen_57,40,270,1.0,0.4405643200838007,1.6741491844592584
familiar,selection,forward,fixed_features,repeat,0.5,57,specimen_57,40,315,0.5,0.24137598851939712,1.680848734200291
familiar,selection,forward,fixed_features,repeat,0.5,57,specimen_57,40,315,1.0,0.30412265836976604,1.4346570958172826
familiar,selection,forward,fixed_features,repeat,0.5,57,specimen_57,60,0,0.5,0.6881151822870338,0.6386986278801393
familiar,selection,forward,fixed_features,repeat,0.5,57,specimen_57,60,0,1.0,0.6856851259444725,0.6632527234403404
familiar,selection,forward,fixed_features,repeat,0.5,57,specimen_57,60,45,0.5,0.29796810266444723,0.8513050205832488
familiar,selection,forward,fixed_features,repeat,0.5,57,specimen_57,60,45,1.0,0.2803954228822594,0.7030372043615954
familiar,selection,forward,fixed_features,repeat,0.5,57,specimen_57,60,90,0.5,0.3670277263990567,1.1256210687230217
familiar,selection,forward,fixed_features,repeat,0.5,57,specimen_57,60,90,1.0,0.3592471027468845,1.1039485456286338
familiar,selection,forward,fixed_features,repeat,0.5,57,specimen_57,60,135,0.5,0.35170697560862685,1.4456996713019623
familiar,selection,forward,fixed_features,repeat,0.5,57,specimen_57,60,135,1.0,0.3191130073752901,1.3348142640002143
familiar,selection,forward,fixed_features,repeat,0.5,57,specimen_57,60,180,0.5,0.5080306367703576,0.3744146570329032
familiar,selection,forward,fixed_features,repeat,0.5,57,specimen_57,60,180,1.0,0.43316462115381277,0.336027339603959
familiar,selection,forward,fixed_features,repeat,0.5,57,specimen_57,60,225,0.5,0.27882461297787264,0.935783569907842
familiar,selection,forward,fixed_features,repeat,0.5,57,specimen_57,60,225,1.0,0.30344328214993777,0.9164789104530947
familiar,selection,forward,fixed_features,repeat,0.5,57,specimen_57,60,270,0.5,0.37750346591359846,1.3533772721288828
familiar,selection,forward,fixed_features,repeat,0.5,57,specimen_57,60,270,1.0,0.324123645211025,1.215964783437484
familiar,selection,forward,fixed_features,repeat,0.5,57,specimen_57,60,315,0.5,0.24816966429660572,1.0873197517813709
familiar,selection,forward,fixed_features,repeat,0.5,57,specimen_57,60,315,1.0,0.25724483296453643,1.373723289365079
familiar,selection,forward,fixed_features,single,0.5,10,specimen_10,20,0,1.0,0.3503064802133585,0.19053229957867585
familiar,selection,forward,fixed_features,single,0.5,10,specimen_10,20,45,0.5,0.3235554001183856,0.11013970387847871
familiar,selection,forward,fixed_features,single,0.5,10,specimen_10,20,45,1.0,0.3160394198225904,0.06845792740437162
familiar,selection,forward,fixed_features,single,0.5,10,specimen_10,20,90,0.5,0.4281878309515905,0.18596180914612948
familiar,selection,forward,fixed_features,single,0.5,10,specimen_10,20,90,1.0,0.38693212879431976,0.23731105665119867
familiar,selection,forward,fixed_features,single,0.5,10,specimen_10,20,135,0.5,0.2178142260067687,0.21075736090663483
familiar,selection,forward,fixed_features,single,0.5,10,specimen_10,20,135,1.0,0.20186478782360573,0.2085092391563687
familiar,selection,forward,fixed_features,single,0.5,10,specimen_10,20,180,0.5,0.3089784064633649,0.10686660836767087
familiar,selection,forward,fixed_features,single,0.5,10,specimen_10,20,180,1.0,0.28602800171782683,0.010293535258067865
familiar,selection,forward,fixed_features,single,0.5,10,specimen_10,20,225,0.5,0.21119588445588344,0.28886515326633183
familiar,selection,forward,fixed_features,single,0.5,10,specimen_10,20,225,1.0,0.23646813163042912,0.2886229907739701
familiar,selection,forward,fixed_features,single,0.5,10,specimen_10,20,270,0.5,0.3148806579358681,0.20068101971125307
familiar,selection,forward,fixed_features,single,0.5,10,specimen_10,20,270,1.0,0.3988960746212234,0.023022944052472738
familiar,selection,forward,fixed_features,single,0.5,10,specimen_10,20,315,0.5,0.2890303344077368,0.24357277262270793
familiar,selection,forward,fixed_features,single,0.5,10,specimen_10,20,315,1.0,0.22113449931796428,0.43293489939027774
familiar,selection,forward,fixed_features,single,0.5,10,specimen_10,40,45,0.5,0.17214999797344344,0.3346972626513307
familiar,selection,forward,fixed_features,single,0.5,10,specimen_10,40,45,1.0,0.1784715158086918,0.23772178704327318
familiar,selection,forward,fixed_features,single,0.5,10,specimen_10,40,90,1.0,0.33918469673235324,1.3279393387892435
familiar,selection,forward,fixed_features,single,0.5,10,specimen_10,40,135,0.5,0.22358618611374906,0.870256353551985
familiar,selection,forward,fixed_features,single,0.5,10,specimen_10,40,135,1.0,0.20555710083545153,0.8297557553962034
familiar,selection,forward,fixed_features,single,0.5,10,specimen_10,40,180,0.5,0.3654373493283214,0.08930242039936609
familiar,selection,forward,fixed_features,single,0.5,10,specimen_10,40,180,1.0,0.41351739982009966,0.04318099228593131
familiar,selection,forward,fixed_features,single,0.5,10,specimen_10,40,225,0.5,0.2330555448530254,0.6763002701548453
familiar,selection,forward,fixed_features,single,0.5,10,specimen_10,40,225,1.0,0.1928270266772363,0.4193065294926609
familiar,selection,forward,fixed_features,single,0.5,10,specimen_10,40,270,0.5,0.3338865497113166,1.263935406669891
familiar,selection,forward,fixed_features,single,0.5,10,specimen_10,40,270,1.0,0.34823572270510345,0.6237887524307677
familiar,selection,forward,fixed_features,single,0.5,10,specimen_10,40,315,0.5,0.19842240230259067,0.5495612617821499
familiar,selection,forward,fixed_features,single,0.5,10,specimen_10,40,315,1.0,0.22746887448521427,0.6945539629805726
familiar,selection,forward,fixed_features,single,0.5,10,specimen_10,60,0,0.5,0.5501012293621521,0.5831370907403906
familiar,selection,forward,fixed_features,single,0.5,10,specimen_10,60,0,1.0,0.4914392698888234,0.42792333206853705
familiar,selection,forward,fixed_features,single,0.5,10,specimen_10,60,45,0.5,0.21666201213108402,0.3814081887361287
familiar,selection,forward,fixed_features,single,0.5,10,specimen_10,60,45,1.0,0.2255344212915941,0.4029255004494723
familiar,selection,forward,fixed_features,single,0.5,10,specimen_10,60,90,0.5,0.4556643639744237,0.42659377655220254
familiar,selection,forward,fixed_features,single,0.5,10,specimen_10,60,90,1.0,0.39440357373983304,0.7169140266949745
familiar,selection,forward,fixed_features,single,0.5,10,specimen_10,60,135,0.5,0.24400067364541023,0.9134850015318705
familiar,selection,forward,fixed_features,single,0.5,10,specimen_10,60,135,1.0,0.23535756940374153,0.6702876231734369
familiar,selection,forward,fixed_features,single,0.5,10,specimen_10,60,180,0.5,0.4640405839084332,0.3892179891823986
familiar,selection,forward,fixed_features,single,0.5,10,specimen_10,60,180,1.0,0.47807757686333163,0.1252169407340442
familiar,selection,forward,fixed_features,single,0.5,10,specimen_10,60,225,0.5,0.23946137978581442,0.7650304019823507
familiar,selection,forward,fixed_features,single,0.5,10,specimen_10,60,225,1.0,0.25577721676127624,0.59241404824418
familiar,selection,forward,fixed_features,single,0.5,10,specimen_10,60,270,0.5,0.3922402113853874,0.8490947592997489
familiar,selection,forward,fixed_features,single,0.5,10,specimen_10,60,270,1.0,0.3374713269797239,0.511307164109823
familiar,selection,forward,fixed_features,single,0.5,10,specimen_10,60,315,0.5,0.2251366583399255,0.2640133632343149
familiar,selection,forward,fixed_features,single,0.5,10,specimen_10,60,315,1.0,0.22610808467161517,0.5048445720925836
familiar,selection,forward,fixed_features,single,0.5,57,specimen_57,20,0,1.0,0.47301699877318226,0.2599800346797395
familiar,selection,forward,fixed_features,single,0.5,57,specimen_57,20,45,0.5,0.2522297219749106,0.23717987993575784
familiar,selection,forward,fixed_features,single,0.5,57,specimen_57,20,45,1.0,0.2607752275733986,0.2157223111371307
familiar,selection,forward,fixed_features,single,0.5,57,specimen_57,20,90,0.5,0.2540386481949174,0.23530317675330842
familiar,selection,forward,fixed_features,single,0.5,57,specimen_57,20,90,1.0,0.2782889586027563,0.1917387058475204
familiar,selection,forward,fixed_features,single,0.5,57,specimen_57,20,135,0.5,0.28003733729470476,0.2623849991792186
familiar,selection,forward,fixed_features,single,0.5,57,specimen_57,20,135,1.0,0.2663269006625304,0.22857122600415608
familiar,selection,forward,fixed_features,single,0.5,57,specimen_57,20,180,0.5,0.30995852259992823,0.1077722305039174
familiar,selection,forward,fixed_features,single,0.5,57,specimen_57,20,180,1.0,0.28509697830876785,0.09829410103873576
familiar,selection,forward,fixed_features,single,0.5,57,specimen_57,20,225,0.5,0.29579342422181343,0.2943124026889785
familiar,selection,forward,fixed_features,single,0.5,57,specimen_57,20,225,1.0,0.2889140425857767,0.27320917219913604
familiar,selection,forward,fixed_features,single,0.5,57,specimen_57,20,270,0.5,0.2966760509236994,0.30282477399848884
familiar,selection,forward,fixed_features,single,0.5,57,specimen_57,20,270,1.0,0.2741385296006521,0.10607387695880566
familiar,selection,forward,fixed_features,single,0.5,57,specimen_57,20,315,0.5,0.2754310354550921,0.24489413977850194
familiar,selection,forward,fixed_features,single,0.5,57,specimen_57,20,315,1.0,0.26218291728834403,0.15944909281295633
familiar,selection,forward,fixed_features,single,0.5,57,specimen_57,40,45,0.5,0.24278577206289276,0.35890585597927094
familiar,selection,forward,fixed_features,single,0.5,57,specimen_57,40,45,1.0,0.25485076628248654,0.2647606786972997
familiar,selection,forward,fixed_features,single,0.5,57,specimen_57,40,90,1.0,0.415681085840457,1.423995068869878
familiar,selection,forward,fixed_features,single,0.5,57,specimen_57,40,135,0.5,0.26935820560345836,0.8840968485447527
familiar,selection,forward,fixed_features,single,0.5,57,specimen_57,40,135,1.0,0.2612969244644942,0.7789467411415616
familiar,selection,forward,fixed_features,single,0.5,57,specimen_57,40,180,0.5,0.3396919600681561,0.02943231044745137
familiar,selection,forward,fixed_features,single,0.5,57,specimen_57,40,180,1.0,0.33675772335708826,0.08733699470273626
familiar,selection,forward,fixed_features,single,0.5,57,specimen_57,40,225,0.5,0.2355333474345017,0.6502055511735954
familiar,selection,forward,fixed_features,single,0.5,57,specimen_57,40,225,1.0,0.21908785534633135,0.5639285890397435
familiar,selection,forward,fixed_features,single,0.5,57,specimen_57,40,270,0.5,0.4773063632891707,1.7560335015104298
familiar,selection,forward,fixed_features,single,0.5,57,specimen_57,40,270,1.0,0.4268485152890235,1.6663452565838692
familiar,selection,forward,fixed_features,single,0.5,57,specimen_57,40,315,0.5,0.24105661984985924,1.6719945860963565
familiar,selection,forward,fixed_features,single,0.5,57,specimen_57,40,315,1.0,0.3065528346682997,1.4255407564132028
familiar,selection,forward,fixed_features,single,0.5,57,specimen_57,60,0,0.5,0.7029663090120343,0.6552468019379528
familiar,selection,forward,fixed_features,single,0.5,57,specimen_57,60,0,1.0,0.7010590201245339,0.6803504233042722
familiar,selection,forward,fixed_features,single,0.5,57,specimen_57,60,45,0.5,0.30350648241112677,0.8351503460268184
familiar,selection,forward,fixed_features,single,0.5,57,specimen_57,60,45,1.0,0.2856476047640488,0.686294505842971
familiar,selection,forward,fixed_features,single,0.5,57,specimen_57,60,90,0.5,0.36385127350690083,1.1111593775997033
familiar,selection,forward,fixed_features,single,0.5,57,specimen_57,60,90,1.0,0.35811993594170866,1.088912916263749
familiar,selection,forward,fixed_features,single,0.5,57,specimen_57,60,135,0.5,0.352066473196667,1.4332288917840286
familiar,selection,forward,fixed_features,single,0.5,57,specimen_57,60,135,1.0,0.31896697008559144,1.3218255080066497
familiar,selection,forward,fixed_features,single,0.5,57,specimen_57,60,180,0.5,0.5252489869409037,0.38566552794639897
familiar,selection,forward,fixed_features,single,0.5,57,specimen_57,60,180,1.0,0.44920472526824967,0.3477337485124779
familiar,selection,forward,fixed_features,single,0.5,57,specimen_57,60,225,0.5,0.2772182395039768,0.924361111994028
familiar,selection,forward,fixed_features,single,0.5,57,specimen_57,60,225,1.0,0.3043954356649216,0.9046368989049735
familiar,selection,forward,fixed_features,single,0.5,57,specimen_57,60,270,0.5,0.37229892114167445,1.340340753437176
familiar,selection,forward,fixed_features,single,0.5,57,specimen_57,60,270,1.0,0.32435307685114656,1.2024989488880713
familiar,selection,forward,fixed_features,single,0.5,57,specimen_57,60,315,0.5,0.2458306297533994,1.0720676667988709
familiar,selection,forward,fixed_features,single,0.5,57,specimen_57,60,315,1.0,0.2580420762219576,1.3579883690910828
familiar,selection,forward,retrieval,direction,0.5,10,specimen_10,20,0,1.0,0.1727179275876296,0.09301146299782426
familiar,selection,forward,retrieval,direction,0.5,10,specimen_10,20,45,0.5,0.13555693548170925,0.008318904391332427
familiar,selection,forward,retrieval,direction,0.5,10,specimen_10,20,45,1.0,0.11016213475052983,0.025566805787415103
familiar,selection,forward,retrieval,direction,0.5,10,specimen_10,20,90,0.5,0.1921620161371328,0.05226667351424874
familiar,selection,forward,retrieval,direction,0.5,10,specimen_10,20,90,1.0,0.16704629754683176,0.15145417957485896
familiar,selection,forward,retrieval,direction,0.5,10,specimen_10,20,135,0.5,0.11008698290630829,0.006569458703900133
familiar,selection,forward,retrieval,direction,0.5,10,specimen_10,20,135,1.0,0.11354381119538286,0.023424557422976666
familiar,selection,forward,retrieval,direction,0.5,10,specimen_10,20,180,0.5,0.15882153887728415,0.061624003929508175
familiar,selection,forward,retrieval,direction,0.5,10,specimen_10,20,180,1.0,0.19257857355024588,0.11131165835753082
familiar,selection,forward,retrieval,direction,0.5,10,specimen_10,20,225,0.5,0.15969351575285554,0.05099292906992403
familiar,selection,forward,retrieval,direction,0.5,10,specimen_10,20,225,1.0,0.12014881327489273,0.024626182126390228
familiar,selection,forward,retrieval,direction,0.5,10,specimen_10,20,270,0.5,0.13338022798982618,0.0005242630024124839
familiar,selection,forward,retrieval,direction,0.5,10,specimen_10,20,270,1.0,0.18261168531482816,0.10563279093394562
familiar,selection,forward,retrieval,direction,0.5,10,specimen_10,20,315,0.5,0.14322782701700867,0.02079468215676883
familiar,selection,forward,retrieval,direction,0.5,10,specimen_10,20,315,1.0,0.19003893492359047,0.10591065308331293
familiar,selection,forward,retrieval,direction,0.5,10,specimen_10,40,45,0.5,0.1275792662137054,0.18618469799958937
familiar,selection,forward,retrieval,direction,0.5,10,specimen_10,40,45,1.0,0.18053079787301848,0.20598893696551301
familiar,selection,forward,retrieval,direction,0.5,10,specimen_10,40,90,1.0,0.16374492575912725,0.0277977188962355
familiar,selection,forward,retrieval,direction,0.5,10,specimen_10,40,135,0.5,0.13102465100375396,0.1793506987696183
familiar,selection,forward,retrieval,direction,0.5,10,specimen_10,40,135,1.0,0.12606555396884103,0.2074878245898646
familiar,selection,forward,retrieval,direction,0.5,10,specimen_10,40,180,0.5,0.17627215685303285,0.48288902204341966
familiar,selection,forward,retrieval,direction,0.5,10,specimen_10,40,180,1.0,0.158858016179145,0.2872550300714768
familiar,selection,forward,retrieval,direction,0.5,10,specimen_10,40,225,0.5,0.14526964272771756,0.1618245141216561
familiar,selection,forward,retrieval,direction,0.5,10,specimen_10,40,225,1.0,0.10286081232048173,0.12879253604583973
familiar,selection,forward,retrieval,direction,0.5,10,specimen_10,40,270,0.5,0.14640942787469566,0.0748960977192441
familiar,selection,forward,retrieval,direction,0.5,10,specimen_10,40,270,1.0,0.27415700889120576,0.15453822102415327
familiar,selection,forward,retrieval,direction,0.5,10,specimen_10,40,315,0.5,0.1329087061054163,0.2267685870196714
familiar,selection,forward,retrieval,direction,0.5,10,specimen_10,40,315,1.0,0.22905623306840572,0.4944737562020316
familiar,selection,forward,retrieval,direction,0.5,10,specimen_10,60,0,0.5,0.242650347190418,0.22966210103546825
familiar,selection,forward,retrieval,direction,0.5,10,specimen_10,60,0,1.0,0.2974947855050282,0.3589391154068017
familiar,selection,forward,retrieval,direction,0.5,10,specimen_10,60,45,0.5,0.1303942824246028,0.041272550143119036
familiar,selection,forward,retrieval,direction,0.5,10,specimen_10,60,45,1.0,0.14198073808000336,0.13873332586607612
familiar,selection,forward,retrieval,direction,0.5,10,specimen_10,60,90,0.5,0.2824517162290782,0.5789720110402639
familiar,selection,forward,retrieval,direction,0.5,10,specimen_10,60,90,1.0,0.2106082312090697,0.0738867311890492
familiar,selection,forward,retrieval,direction,0.5,10,specimen_10,60,135,0.5,0.126743638050292,0.08256756577122903
familiar,selection,forward,retrieval,direction,0.5,10,specimen_10,60,135,1.0,0.11326533447502891,0.01872683231155947
familiar,selection,forward,retrieval,direction,0.5,10,specimen_10,60,180,0.5,0.14412467108710372,0.07455768268402774
familiar,selection,forward,retrieval,direction,0.5,10,specimen_10,60,180,1.0,0.19482631729247837,0.31684073079759634
familiar,selection,forward,retrieval,direction,0.5,10,specimen_10,60,225,0.5,0.16969736983598308,0.25342712966565784
familiar,selection,forward,retrieval,direction,0.5,10,specimen_10,60,225,1.0,0.13994147049051103,0.2614654627384938
familiar,selection,forward,retrieval,direction,0.5,10,specimen_10,60,270,0.5,0.13589769156180778,0.04829937614866231
familiar,selection,forward,retrieval,direction,0.5,10,specimen_10,60,270,1.0,0.18613473927504307,0.074066228551815
familiar,selection,forward,retrieval,direction,0.5,10,specimen_10,60,315,0.5,0.1457770170293652,0.26862579508499973
familiar,selection,forward,retrieval,direction,0.5,10,specimen_10,60,315,1.0,0.11621726994741288,0.14554060042759498
familiar,selection,forward,retrieval,direction,0.5,57,specimen_57,20,0,1.0,0.14959949492334862,0.008398341840928858
familiar,selection,forward,retrieval,direction,0.5,57,specimen_57,20,45,0.5,0.14750488326372665,0.01785559975129214
familiar,selection,forward,retrieval,direction,0.5,57,specimen_57,20,45,1.0,0.13625345770066874,0.004998208236139945
familiar,selection,forward,retrieval,direction,0.5,57,specimen_57,20,90,0.5,0.1575853468089204,0.04497963428382401
familiar,selection,forward,retrieval,direction,0.5,57,specimen_57,20,90,1.0,0.16139878926478216,0.09463253685389716
familiar,selection,forward,retrieval,direction,0.5,57,specimen_57,20,135,0.5,0.1458044157552156,0.009600997185336468
familiar,selection,forward,retrieval,direction,0.5,57,specimen_57,20,135,1.0,0.13100773230519897,0.002459788357182635
familiar,selection,forward,retrieval,direction,0.5,57,specimen_57,20,180,0.5,0.15506817131071673,0.009417659107866544
familiar,selection,forward,retrieval,direction,0.5,57,specimen_57,20,180,1.0,0.15359670972471368,0.02604549672822934
familiar,selection,forward,retrieval,direction,0.5,57,specimen_57,20,225,0.5,0.13372601667815512,0.005210651893598817
familiar,selection,forward,retrieval,direction,0.5,57,specimen_57,20,225,1.0,0.11128172199254156,0.016340886672868593
familiar,selection,forward,retrieval,direction,0.5,57,specimen_57,20,270,0.5,0.12986427273166856,0.0027273759218607863
familiar,selection,forward,retrieval,direction,0.5,57,specimen_57,20,270,1.0,0.2215205443151155,0.21558984044992302
familiar,selection,forward,retrieval,direction,0.5,57,specimen_57,20,315,0.5,0.1542299011461514,0.06948844523813513
familiar,selection,forward,retrieval,direction,0.5,57,specimen_57,20,315,1.0,0.12535362071281955,0.009752934382422751
familiar,selection,forward,retrieval,direction,0.5,57,specimen_57,40,45,0.5,0.11755656726467116,0.0015255448787991899
familiar,selection,forward,retrieval,direction,0.5,57,specimen_57,40,45,1.0,0.14410427733786604,0.020915920943198607
familiar,selection,forward,retrieval,direction,0.5,57,specimen_57,40,90,1.0,0.12405609889963964,0.009919166379173339
familiar,selection,forward,retrieval,direction,0.5,57,specimen_57,40,135,0.5,0.1403875823316668,0.03848132023617734
familiar,selection,forward,retrieval,direction,0.5,57,specimen_57,40,135,1.0,0.11294805158741521,0.003875051099486493
familiar,selection,forward,retrieval,direction,0.5,57,specimen_57,40,180,0.5,0.17401343119143312,0.034212325165597746
familiar,selection,forward,retrieval,direction,0.5,57,specimen_57,40,180,1.0,0.17185875479544968,0.12288472954558455
familiar,selection,forward,retrieval,direction,0.5,57,specimen_57,40,225,0.5,0.14999969067831065,0.14481766158523635
familiar,selection,forward,retrieval,direction,0.5,57,specimen_57,40,225,1.0,0.12972947293307902,0.032584953545019335
familiar,selection,forward,retrieval,direction,0.5,57,specimen_57,40,270,0.5,0.16198428998152528,0.08870433572591319
familiar,selection,forward,retrieval,direction,0.5,57,specimen_57,40,270,1.0,0.16381866324263597,0.03646867480506266
familiar,selection,forward,retrieval,direction,0.5,57,specimen_57,40,315,0.5,0.13323167121629917,0.09836344187726187
familiar,selection,forward,retrieval,direction,0.5,57,specimen_57,40,315,1.0,0.13549792948389436,0.009451392214923748
familiar,selection,forward,retrieval,direction,0.5,57,specimen_57,60,0,0.5,0.13706789674969197,0.017448374065152983
familiar,selection,forward,retrieval,direction,0.5,57,specimen_57,60,0,1.0,0.14261971541764698,0.016043617305532
familiar,selection,forward,retrieval,direction,0.5,57,specimen_57,60,45,0.5,0.17454222461488156,0.21208592049894825
familiar,selection,forward,retrieval,direction,0.5,57,specimen_57,60,45,1.0,0.193058585375422,0.21112668734301288
familiar,selection,forward,retrieval,direction,0.5,57,specimen_57,60,90,0.5,0.1229531357499543,0.1560486527753726
familiar,selection,forward,retrieval,direction,0.5,57,specimen_57,60,90,1.0,0.14266469572436555,0.17494234223062466
familiar,selection,forward,retrieval,direction,0.5,57,specimen_57,60,135,0.5,0.16955304031229082,0.1025585856528366
familiar,selection,forward,retrieval,direction,0.5,57,specimen_57,60,135,1.0,0.22817282432478447,0.05251372654536324
familiar,selection,forward,retrieval,direction,0.5,57,specimen_57,60,180,0.5,0.1891838714031231,0.01900986275432015
familiar,selection,forward,retrieval,direction,0.5,57,specimen_57,60,180,1.0,0.15526454452516572,0.01762470221895346
familiar,selection,forward,retrieval,direction,0.5,57,specimen_57,60,225,0.5,0.21334204053356368,0.5576118049127392
familiar,selection,forward,retrieval,direction,0.5,57,specimen_57,60,225,1.0,0.19435859681818143,0.4758457883146414
familiar,selection,forward,retrieval,direction,0.5,57,specimen_57,60,270,0.5,0.10662133064479068,0.14468644644732964
familiar,selection,forward,retrieval,direction,0.5,57,specimen_57,60,270,1.0,0.1299675774254153,0.11233221158306317
familiar,selection,forward,retrieval,direction,0.5,57,specimen_57,60,315,0.5,0.1725071071868395,0.4614105645619113
familiar,selection,forward,retrieval,direction,0.5,57,specimen_57,60,315,1.0,0.15862253618116004,0.3024667102934395
familiar,selection,forward,retrieval,repeat,0.5,10,specimen_10,20,0,1.0,0.1727179275876296,0.09301146299782426
familiar,selection,forward,retrieval,repeat,0.5,10,specimen_10,20,45,0.5,0.13555693548170925,0.008318904391332427
familiar,selection,forward,retrieval,repeat,0.5,10,specimen_10,20,45,1.0,0.11016213475052983,0.025566805787415103
familiar,selection,forward,retrieval,repeat,0.5,10,specimen_10,20,90,0.5,0.1921620161371328,0.05226667351424874
familiar,selection,forward,retrieval,repeat,0.5,10,specimen_10,20,90,1.0,0.16704629754683176,0.15145417957485896
familiar,selection,forward,retrieval,repeat,0.5,10,specimen_10,20,135,0.5,0.11008698290630829,0.006569458703900133
familiar,selection,forward,retrieval,repeat,0.5,10,specimen_10,20,135,1.0,0.11354381119538286,0.023424557422976666
familiar,selection,forward,retrieval,repeat,0.5,10,specimen_10,20,180,0.5,0.15882153887728415,0.061624003929508175
familiar,selection,forward,retrieval,repeat,0.5,10,specimen_10,20,180,1.0,0.19257857355024588,0.11131165835753082
familiar,selection,forward,retrieval,repeat,0.5,10,specimen_10,20,225,0.5,0.15969351575285554,0.05099292906992403
familiar,selection,forward,retrieval,repeat,0.5,10,specimen_10,20,225,1.0,0.12014881327489273,0.024626182126390228
familiar,selection,forward,retrieval,repeat,0.5,10,specimen_10,20,270,0.5,0.13338022798982618,0.0005242630024124839
familiar,selection,forward,retrieval,repeat,0.5,10,specimen_10,20,270,1.0,0.18261168531482816,0.10563279093394562
familiar,selection,forward,retrieval,repeat,0.5,10,specimen_10,20,315,0.5,0.14322782701700867,0.02079468215676883
familiar,selection,forward,retrieval,repeat,0.5,10,specimen_10,20,315,1.0,0.19003893492359047,0.10591065308331293
familiar,selection,forward,retrieval,repeat,0.5,10,specimen_10,40,45,0.5,0.1275792662137054,0.18618469799958937
familiar,selection,forward,retrieval,repeat,0.5,10,specimen_10,40,45,1.0,0.18053079787301848,0.20598893696551301
familiar,selection,forward,retrieval,repeat,0.5,10,specimen_10,40,90,1.0,0.16374492575912725,0.0277977188962355
familiar,selection,forward,retrieval,repeat,0.5,10,specimen_10,40,135,0.5,0.13102465100375396,0.1793506987696183
familiar,selection,forward,retrieval,repeat,0.5,10,specimen_10,40,135,1.0,0.12606555396884103,0.2074878245898646
familiar,selection,forward,retrieval,repeat,0.5,10,specimen_10,40,180,0.5,0.17627215685303285,0.48288902204341966
familiar,selection,forward,retrieval,repeat,0.5,10,specimen_10,40,180,1.0,0.158858016179145,0.2872550300714768
familiar,selection,forward,retrieval,repeat,0.5,10,specimen_10,40,225,0.5,0.14526964272771756,0.1618245141216561
familiar,selection,forward,retrieval,repeat,0.5,10,specimen_10,40,225,1.0,0.10286081232048173,0.12879253604583973
familiar,selection,forward,retrieval,repeat,0.5,10,specimen_10,40,270,0.5,0.14640942787469566,0.0748960977192441
familiar,selection,forward,retrieval,repeat,0.5,10,specimen_10,40,270,1.0,0.27415700889120576,0.15453822102415327
familiar,selection,forward,retrieval,repeat,0.5,10,specimen_10,40,315,0.5,0.1329087061054163,0.2267685870196714
familiar,selection,forward,retrieval,repeat,0.5,10,specimen_10,40,315,1.0,0.22905623306840572,0.4944737562020316
familiar,selection,forward,retrieval,repeat,0.5,10,specimen_10,60,0,0.5,0.242650347190418,0.22966210103546825
familiar,selection,forward,retrieval,repeat,0.5,10,specimen_10,60,0,1.0,0.2974947855050282,0.3589391154068017
familiar,selection,forward,retrieval,repeat,0.5,10,specimen_10,60,45,0.5,0.1303942824246028,0.041272550143119036
familiar,selection,forward,retrieval,repeat,0.5,10,specimen_10,60,45,1.0,0.14198073808000336,0.13873332586607612
familiar,selection,forward,retrieval,repeat,0.5,10,specimen_10,60,90,0.5,0.2824517162290782,0.5789720110402639
familiar,selection,forward,retrieval,repeat,0.5,10,specimen_10,60,90,1.0,0.2106082312090697,0.0738867311890492
familiar,selection,forward,retrieval,repeat,0.5,10,specimen_10,60,135,0.5,0.126743638050292,0.08256756577122903
familiar,selection,forward,retrieval,repeat,0.5,10,specimen_10,60,135,1.0,0.11326533447502891,0.01872683231155947
familiar,selection,forward,retrieval,repeat,0.5,10,specimen_10,60,180,0.5,0.14412467108710372,0.07455768268402774
familiar,selection,forward,retrieval,repeat,0.5,10,specimen_10,60,180,1.0,0.19482631729247837,0.31684073079759634
familiar,selection,forward,retrieval,repeat,0.5,10,specimen_10,60,225,0.5,0.16969736983598308,0.25342712966565784
familiar,selection,forward,retrieval,repeat,0.5,10,specimen_10,60,225,1.0,0.13994147049051103,0.2614654627384938
familiar,selection,forward,retrieval,repeat,0.5,10,specimen_10,60,270,0.5,0.13589769156180778,0.04829937614866231
familiar,selection,forward,retrieval,repeat,0.5,10,specimen_10,60,270,1.0,0.18613473927504307,0.074066228551815
familiar,selection,forward,retrieval,repeat,0.5,10,specimen_10,60,315,0.5,0.1457770170293652,0.26862579508499973
familiar,selection,forward,retrieval,repeat,0.5,10,specimen_10,60,315,1.0,0.11621726994741288,0.14554060042759498
familiar,selection,forward,retrieval,repeat,0.5,57,specimen_57,20,0,1.0,0.14959949492334862,0.008398341840928858
familiar,selection,forward,retrieval,repeat,0.5,57,specimen_57,20,45,0.5,0.14750488326372665,0.01785559975129214
familiar,selection,forward,retrieval,repeat,0.5,57,specimen_57,20,45,1.0,0.13625345770066874,0.004998208236139945
familiar,selection,forward,retrieval,repeat,0.5,57,specimen_57,20,90,0.5,0.1575853468089204,0.04497963428382401
familiar,selection,forward,retrieval,repeat,0.5,57,specimen_57,20,90,1.0,0.16139878926478216,0.09463253685389716
familiar,selection,forward,retrieval,repeat,0.5,57,specimen_57,20,135,0.5,0.1458044157552156,0.009600997185336468
familiar,selection,forward,retrieval,repeat,0.5,57,specimen_57,20,135,1.0,0.13100773230519897,0.002459788357182635
familiar,selection,forward,retrieval,repeat,0.5,57,specimen_57,20,180,0.5,0.15506817131071673,0.009417659107866544
familiar,selection,forward,retrieval,repeat,0.5,57,specimen_57,20,180,1.0,0.15359670972471368,0.02604549672822934
familiar,selection,forward,retrieval,repeat,0.5,57,specimen_57,20,225,0.5,0.13372601667815512,0.005210651893598817
familiar,selection,forward,retrieval,repeat,0.5,57,specimen_57,20,225,1.0,0.11128172199254156,0.016340886672868593
familiar,selection,forward,retrieval,repeat,0.5,57,specimen_57,20,270,0.5,0.12986427273166856,0.0027273759218607863
familiar,selection,forward,retrieval,repeat,0.5,57,specimen_57,20,270,1.0,0.2215205443151155,0.21558984044992302
familiar,selection,forward,retrieval,repeat,0.5,57,specimen_57,20,315,0.5,0.1542299011461514,0.06948844523813513
familiar,selection,forward,retrieval,repeat,0.5,57,specimen_57,20,315,1.0,0.12535362071281955,0.009752934382422751
familiar,selection,forward,retrieval,repeat,0.5,57,specimen_57,40,45,0.5,0.11755656726467116,0.0015255448787991899
familiar,selection,forward,retrieval,repeat,0.5,57,specimen_57,40,45,1.0,0.14410427733786604,0.020915920943198607
familiar,selection,forward,retrieval,repeat,0.5,57,specimen_57,40,90,1.0,0.12405609889963964,0.009919166379173339
familiar,selection,forward,retrieval,repeat,0.5,57,specimen_57,40,135,0.5,0.1403875823316668,0.03848132023617734
familiar,selection,forward,retrieval,repeat,0.5,57,specimen_57,40,135,1.0,0.11294805158741521,0.003875051099486493
familiar,selection,forward,retrieval,repeat,0.5,57,specimen_57,40,180,0.5,0.17401343119143312,0.034212325165597746
familiar,selection,forward,retrieval,repeat,0.5,57,specimen_57,40,180,1.0,0.17185875479544968,0.12288472954558455
familiar,selection,forward,retrieval,repeat,0.5,57,specimen_57,40,225,0.5,0.14999969067831065,0.14481766158523635
familiar,selection,forward,retrieval,repeat,0.5,57,specimen_57,40,225,1.0,0.12972947293307902,0.032584953545019335
familiar,selection,forward,retrieval,repeat,0.5,57,specimen_57,40,270,0.5,0.16198428998152528,0.08870433572591319
familiar,selection,forward,retrieval,repeat,0.5,57,specimen_57,40,270,1.0,0.16381866324263597,0.03646867480506266
familiar,selection,forward,retrieval,repeat,0.5,57,specimen_57,40,315,0.5,0.13323167121629917,0.09836344187726187
familiar,selection,forward,retrieval,repeat,0.5,57,specimen_57,40,315,1.0,0.13549792948389436,0.009451392214923748
familiar,selection,forward,retrieval,repeat,0.5,57,specimen_57,60,0,0.5,0.13706789674969197,0.017448374065152983
familiar,selection,forward,retrieval,repeat,0.5,57,specimen_57,60,0,1.0,0.14261971541764698,0.016043617305532
familiar,selection,forward,retrieval,repeat,0.5,57,specimen_57,60,45,0.5,0.17454222461488156,0.21208592049894825
familiar,selection,forward,retrieval,repeat,0.5,57,specimen_57,60,45,1.0,0.193058585375422,0.21112668734301288
familiar,selection,forward,retrieval,repeat,0.5,57,specimen_57,60,90,0.5,0.1229531357499543,0.1560486527753726
familiar,selection,forward,retrieval,repeat,0.5,57,specimen_57,60,90,1.0,0.14266469572436555,0.17494234223062466
familiar,selection,forward,retrieval,repeat,0.5,57,specimen_57,60,135,0.5,0.16955304031229082,0.1025585856528366
familiar,selection,forward,retrieval,repeat,0.5,57,specimen_57,60,135,1.0,0.22817282432478447,0.05251372654536324
familiar,selection,forward,retrieval,repeat,0.5,57,specimen_57,60,180,0.5,0.1891838714031231,0.01900986275432015
familiar,selection,forward,retrieval,repeat,0.5,57,specimen_57,60,180,1.0,0.15526454452516572,0.01762470221895346
familiar,selection,forward,retrieval,repeat,0.5,57,specimen_57,60,225,0.5,0.21334204053356368,0.5576118049127392
familiar,selection,forward,retrieval,repeat,0.5,57,specimen_57,60,225,1.0,0.19435859681818143,0.4758457883146414
familiar,selection,forward,retrieval,repeat,0.5,57,specimen_57,60,270,0.5,0.10662133064479068,0.14468644644732964
familiar,selection,forward,retrieval,repeat,0.5,57,specimen_57,60,270,1.0,0.1299675774254153,0.11233221158306317
familiar,selection,forward,retrieval,repeat,0.5,57,specimen_57,60,315,0.5,0.1725071071868395,0.4614105645619113
familiar,selection,forward,retrieval,repeat,0.5,57,specimen_57,60,315,1.0,0.15862253618116004,0.3024667102934395
familiar,selection,forward,retrieval,single,0.5,10,specimen_10,20,0,1.0,0.1727179275876296,0.09301146299782426
familiar,selection,forward,retrieval,single,0.5,10,specimen_10,20,45,0.5,0.13555693548170925,0.008318904391332427
familiar,selection,forward,retrieval,single,0.5,10,specimen_10,20,45,1.0,0.11016213475052983,0.025566805787415103
familiar,selection,forward,retrieval,single,0.5,10,specimen_10,20,90,0.5,0.1921620161371328,0.05226667351424874
familiar,selection,forward,retrieval,single,0.5,10,specimen_10,20,90,1.0,0.16704629754683176,0.15145417957485896
familiar,selection,forward,retrieval,single,0.5,10,specimen_10,20,135,0.5,0.11008698290630829,0.006569458703900133
familiar,selection,forward,retrieval,single,0.5,10,specimen_10,20,135,1.0,0.11354381119538286,0.023424557422976666
familiar,selection,forward,retrieval,single,0.5,10,specimen_10,20,180,0.5,0.15882153887728415,0.061624003929508175
familiar,selection,forward,retrieval,single,0.5,10,specimen_10,20,180,1.0,0.19257857355024588,0.11131165835753082
familiar,selection,forward,retrieval,single,0.5,10,specimen_10,20,225,0.5,0.15969351575285554,0.05099292906992403
familiar,selection,forward,retrieval,single,0.5,10,specimen_10,20,225,1.0,0.12014881327489273,0.024626182126390228
familiar,selection,forward,retrieval,single,0.5,10,specimen_10,20,270,0.5,0.13338022798982618,0.0005242630024124839
familiar,selection,forward,retrieval,single,0.5,10,specimen_10,20,270,1.0,0.18261168531482816,0.10563279093394562
familiar,selection,forward,retrieval,single,0.5,10,specimen_10,20,315,0.5,0.14322782701700867,0.02079468215676883
familiar,selection,forward,retrieval,single,0.5,10,specimen_10,20,315,1.0,0.19003893492359047,0.10591065308331293
familiar,selection,forward,retrieval,single,0.5,10,specimen_10,40,45,0.5,0.1275792662137054,0.18618469799958937
familiar,selection,forward,retrieval,single,0.5,10,specimen_10,40,45,1.0,0.18053079787301848,0.20598893696551301
familiar,selection,forward,retrieval,single,0.5,10,specimen_10,40,90,1.0,0.16374492575912725,0.0277977188962355
familiar,selection,forward,retrieval,single,0.5,10,specimen_10,40,135,0.5,0.13102465100375396,0.1793506987696183
familiar,selection,forward,retrieval,single,0.5,10,specimen_10,40,135,1.0,0.12606555396884103,0.2074878245898646
familiar,selection,forward,retrieval,single,0.5,10,specimen_10,40,180,0.5,0.17627215685303285,0.48288902204341966
familiar,selection,forward,retrieval,single,0.5,10,specimen_10,40,180,1.0,0.158858016179145,0.2872550300714768
familiar,selection,forward,retrieval,single,0.5,10,specimen_10,40,225,0.5,0.14526964272771756,0.1618245141216561
familiar,selection,forward,retrieval,single,0.5,10,specimen_10,40,225,1.0,0.10286081232048173,0.12879253604583973
familiar,selection,forward,retrieval,single,0.5,10,specimen_10,40,270,0.5,0.14640942787469566,0.0748960977192441
familiar,selection,forward,retrieval,single,0.5,10,specimen_10,40,270,1.0,0.27415700889120576,0.15453822102415327
familiar,selection,forward,retrieval,single,0.5,10,specimen_10,40,315,0.5,0.1329087061054163,0.2267685870196714
familiar,selection,forward,retrieval,single,0.5,10,specimen_10,40,315,1.0,0.22905623306840572,0.4944737562020316
familiar,selection,forward,retrieval,single,0.5,10,specimen_10,60,0,0.5,0.242650347190418,0.22966210103546825
familiar,selection,forward,retrieval,single,0.5,10,specimen_10,60,0,1.0,0.2974947855050282,0.3589391154068017
familiar,selection,forward,retrieval,single,0.5,10,specimen_10,60,45,0.5,0.1303942824246028,0.041272550143119036
familiar,selection,forward,retrieval,single,0.5,10,specimen_10,60,45,1.0,0.14198073808000336,0.13873332586607612
familiar,selection,forward,retrieval,single,0.5,10,specimen_10,60,90,0.5,0.2824517162290782,0.5789720110402639
familiar,selection,forward,retrieval,single,0.5,10,specimen_10,60,90,1.0,0.2106082312090697,0.0738867311890492
familiar,selection,forward,retrieval,single,0.5,10,specimen_10,60,135,0.5,0.126743638050292,0.08256756577122903
familiar,selection,forward,retrieval,single,0.5,10,specimen_10,60,135,1.0,0.11326533447502891,0.01872683231155947
familiar,selection,forward,retrieval,single,0.5,10,specimen_10,60,180,0.5,0.14412467108710372,0.07455768268402774
familiar,selection,forward,retrieval,single,0.5,10,specimen_10,60,180,1.0,0.19482631729247837,0.31684073079759634
familiar,selection,forward,retrieval,single,0.5,10,specimen_10,60,225,0.5,0.16969736983598308,0.25342712966565784
familiar,selection,forward,retrieval,single,0.5,10,specimen_10,60,225,1.0,0.13994147049051103,0.2614654627384938
familiar,selection,forward,retrieval,single,0.5,10,specimen_10,60,270,0.5,0.13589769156180778,0.04829937614866231
familiar,selection,forward,retrieval,single,0.5,10,specimen_10,60,270,1.0,0.18613473927504307,0.074066228551815
familiar,selection,forward,retrieval,single,0.5,10,specimen_10,60,315,0.5,0.1457770170293652,0.26862579508499973
familiar,selection,forward,retrieval,single,0.5,10,specimen_10,60,315,1.0,0.11621726994741288,0.14554060042759498
familiar,selection,forward,retrieval,single,0.5,57,specimen_57,20,0,1.0,0.14959949492334862,0.008398341840928858
familiar,selection,forward,retrieval,single,0.5,57,specimen_57,20,45,0.5,0.14750488326372665,0.01785559975129214
familiar,selection,forward,retrieval,single,0.5,57,specimen_57,20,45,1.0,0.13625345770066874,0.004998208236139945
familiar,selection,forward,retrieval,single,0.5,57,specimen_57,20,90,0.5,0.1575853468089204,0.04497963428382401
familiar,selection,forward,retrieval,single,0.5,57,specimen_57,20,90,1.0,0.16139878926478216,0.09463253685389716
familiar,selection,forward,retrieval,single,0.5,57,specimen_57,20,135,0.5,0.1458044157552156,0.009600997185336468
familiar,selection,forward,retrieval,single,0.5,57,specimen_57,20,135,1.0,0.13100773230519897,0.002459788357182635
familiar,selection,forward,retrieval,single,0.5,57,specimen_57,20,180,0.5,0.15506817131071673,0.009417659107866544
familiar,selection,forward,retrieval,single,0.5,57,specimen_57,20,180,1.0,0.15359670972471368,0.02604549672822934
familiar,selection,forward,retrieval,single,0.5,57,specimen_57,20,225,0.5,0.13372601667815512,0.005210651893598817
familiar,selection,forward,retrieval,single,0.5,57,specimen_57,20,225,1.0,0.11128172199254156,0.016340886672868593
familiar,selection,forward,retrieval,single,0.5,57,specimen_57,20,270,0.5,0.12986427273166856,0.0027273759218607863
familiar,selection,forward,retrieval,single,0.5,57,specimen_57,20,270,1.0,0.2215205443151155,0.21558984044992302
familiar,selection,forward,retrieval,single,0.5,57,specimen_57,20,315,0.5,0.1542299011461514,0.06948844523813513
familiar,selection,forward,retrieval,single,0.5,57,specimen_57,20,315,1.0,0.12535362071281955,0.009752934382422751
familiar,selection,forward,retrieval,single,0.5,57,specimen_57,40,45,0.5,0.11755656726467116,0.0015255448787991899
familiar,selection,forward,retrieval,single,0.5,57,specimen_57,40,45,1.0,0.14410427733786604,0.020915920943198607
familiar,selection,forward,retrieval,single,0.5,57,specimen_57,40,90,1.0,0.12405609889963964,0.009919166379173339
familiar,selection,forward,retrieval,single,0.5,57,specimen_57,40,135,0.5,0.1403875823316668,0.03848132023617734
familiar,selection,forward,retrieval,single,0.5,57,specimen_57,40,135,1.0,0.11294805158741521,0.003875051099486493
familiar,selection,forward,retrieval,single,0.5,57,specimen_57,40,180,0.5,0.17401343119143312,0.034212325165597746
familiar,selection,forward,retrieval,single,0.5,57,specimen_57,40,180,1.0,0.17185875479544968,0.12288472954558455
familiar,selection,forward,retrieval,single,0.5,57,specimen_57,40,225,0.5,0.14999969067831065,0.14481766158523635
familiar,selection,forward,retrieval,single,0.5,57,specimen_57,40,225,1.0,0.12972947293307902,0.032584953545019335
familiar,selection,forward,retrieval,single,0.5,57,specimen_57,40,270,0.5,0.16198428998152528,0.08870433572591319
familiar,selection,forward,retrieval,single,0.5,57,specimen_57,40,270,1.0,0.16381866324263597,0.03646867480506266
familiar,selection,forward,retrieval,single,0.5,57,specimen_57,40,315,0.5,0.13323167121629917,0.09836344187726187
familiar,selection,forward,retrieval,single,0.5,57,specimen_57,40,315,1.0,0.13549792948389436,0.009451392214923748
familiar,selection,forward,retrieval,single,0.5,57,specimen_57,60,0,0.5,0.13706789674969197,0.017448374065152983
familiar,selection,forward,retrieval,single,0.5,57,specimen_57,60,0,1.0,0.14261971541764698,0.016043617305532
familiar,selection,forward,retrieval,single,0.5,57,specimen_57,60,45,0.5,0.17454222461488156,0.21208592049894825
familiar,selection,forward,retrieval,single,0.5,57,specimen_57,60,45,1.0,0.193058585375422,0.21112668734301288
familiar,selection,forward,retrieval,single,0.5,57,specimen_57,60,90,0.5,0.1229531357499543,0.1560486527753726
familiar,selection,forward,retrieval,single,0.5,57,specimen_57,60,90,1.0,0.14266469572436555,0.17494234223062466
familiar,selection,forward,retrieval,single,0.5,57,specimen_57,60,135,0.5,0.16955304031229082,0.1025585856528366
familiar,selection,forward,retrieval,single,0.5,57,specimen_57,60,135,1.0,0.22817282432478447,0.05251372654536324
familiar,selection,forward,retrieval,single,0.5,57,specimen_57,60,180,0.5,0.1891838714031231,0.01900986275432015
familiar,selection,forward,retrieval,single,0.5,57,specimen_57,60,180,1.0,0.15526454452516572,0.01762470221895346
familiar,selection,forward,retrieval,single,0.5,57,specimen_57,60,225,0.5,0.21334204053356368,0.5576118049127392
familiar,selection,forward,retrieval,single,0.5,57,specimen_57,60,225,1.0,0.19435859681818143,0.4758457883146414
familiar,selection,forward,retrieval,single,0.5,57,specimen_57,60,270,0.5,0.10662133064479068,0.14468644644732964
familiar,selection,forward,retrieval,single,0.5,57,specimen_57,60,270,1.0,0.1299675774254153,0.11233221158306317
familiar,selection,forward,retrieval,single,0.5,57,specimen_57,60,315,0.5,0.1725071071868395,0.4614105645619113
familiar,selection,forward,retrieval,single,0.5,57,specimen_57,60,315,1.0,0.15862253618116004,0.3024667102934395
familiar,selection,forward,speed_rescaling,direction,0.5,10,specimen_10,20,0,1.0,0.30426058493737435,0.2824867393594414
familiar,selection,forward,speed_rescaling,direction,0.5,10,specimen_10,20,45,0.5,0.42476849357882857,0.12676935132457057
familiar,selection,forward,speed_rescaling,direction,0.5,10,specimen_10,20,45,1.0,0.4549309698493036,0.019199367348886387
familiar,selection,forward,speed_rescaling,direction,0.5,10,specimen_10,20,90,0.5,0.46730719850870567,0.9988035389782406
familiar,selection,forward,speed_rescaling,direction,0.5,10,specimen_10,20,90,1.0,0.5393202031872701,1.2988449995892308
familiar,selection,forward,speed_rescaling,direction,0.5,10,specimen_10,20,135,0.5,0.5572715201105422,1.0428969651621045
familiar,selection,forward,speed_rescaling,direction,0.5,10,specimen_10,20,135,1.0,0.553708076201414,1.3967837091066437
familiar,selection,forward,speed_rescaling,direction,0.5,10,specimen_10,20,180,0.5,0.7274183272564333,1.4105988707032544
familiar,selection,forward,speed_rescaling,direction,0.5,10,specimen_10,20,180,1.0,0.6563922768008398,1.6684619323640504
familiar,selection,forward,speed_rescaling,direction,0.5,10,specimen_10,20,225,0.5,0.3969886216642033,0.12775510204518414
familiar,selection,forward,speed_rescaling,direction,0.5,10,specimen_10,20,225,1.0,0.41933194323671025,0.020216908646313647
familiar,selection,forward,speed_rescaling,direction,0.5,10,specimen_10,20,270,0.5,0.5229948577280513,0.08305791835505227
familiar,selection,forward,speed_rescaling,direction,0.5,10,specimen_10,20,270,1.0,0.6126948482947306,0.20303082328183164
familiar,selection,forward,speed_rescaling,direction,0.5,10,specimen_10,20,315,0.5,0.41941570389581867,0.2002863488697113
familiar,selection,forward,speed_rescaling,direction,0.5,10,specimen_10,20,315,1.0,0.4354733574119856,0.28122632373836587
familiar,selection,forward,speed_rescaling,direction,0.5,10,specimen_10,40,45,0.5,0.44853631841517233,0.5001934818959243
familiar,selection,forward,speed_rescaling,direction,0.5,10,specimen_10,40,45,1.0,0.4911558118398711,0.2875890973016969
familiar,selection,forward,speed_rescaling,direction,0.5,10,specimen_10,40,90,1.0,0.14852869980598066,0.4662952486872851
familiar,selection,forward,speed_rescaling,direction,0.5,10,specimen_10,40,135,0.5,0.4912693133532433,0.5893416273917387
familiar,selection,forward,speed_rescaling,direction,0.5,10,specimen_10,40,135,1.0,0.47330549237871544,1.059882092960121
familiar,selection,forward,speed_rescaling,direction,0.5,10,specimen_10,40,180,0.5,0.7906789603744043,1.619237220957163
familiar,selection,forward,speed_rescaling,direction,0.5,10,specimen_10,40,180,1.0,0.7994350740253928,1.9210872722322812
familiar,selection,forward,speed_rescaling,direction,0.5,10,specimen_10,40,225,0.5,0.5259534817117935,0.5981706146956304
familiar,selection,forward,speed_rescaling,direction,0.5,10,specimen_10,40,225,1.0,0.4992059533723257,0.22057699175500767
familiar,selection,forward,speed_rescaling,direction,0.5,10,specimen_10,40,270,0.5,0.704282770845253,1.2482810911281792
familiar,selection,forward,speed_rescaling,direction,0.5,10,specimen_10,40,270,1.0,0.7816170066347824,0.4864428861054434
familiar,selection,forward,speed_rescaling,direction,0.5,10,specimen_10,40,315,0.5,0.5558711814248235,0.6361446109190475
familiar,selection,forward,speed_rescaling,direction,0.5,10,specimen_10,40,315,1.0,0.5149529507503886,0.6598456046523641
familiar,selection,forward,speed_rescaling,direction,0.5,10,specimen_10,60,0,0.5,0.3045704929921553,0.013637375280185493
familiar,selection,forward,speed_rescaling,direction,0.5,10,specimen_10,60,0,1.0,0.3278414158350523,0.030346812825900016
familiar,selection,forward,speed_rescaling,direction,0.5,10,specimen_10,60,45,0.5,0.7116047000368564,0.9495217496276303
familiar,selection,forward,speed_rescaling,direction,0.5,10,specimen_10,60,45,1.0,0.7166234865430109,0.8647128960186037
familiar,selection,forward,speed_rescaling,direction,0.5,10,specimen_10,60,90,0.5,0.6421410807100936,0.7612993568881026
familiar,selection,forward,speed_rescaling,direction,0.5,10,specimen_10,60,90,1.0,0.675655745937284,0.9320613732118459
familiar,selection,forward,speed_rescaling,direction,0.5,10,specimen_10,60,135,0.5,0.6931542924098283,0.4143060982147504
familiar,selection,forward,speed_rescaling,direction,0.5,10,specimen_10,60,135,1.0,0.6886809129746436,1.1200985738629452
familiar,selection,forward,speed_rescaling,direction,0.5,10,specimen_10,60,180,0.5,0.9834717593049179,1.8209031183882745
familiar,selection,forward,speed_rescaling,direction,0.5,10,specimen_10,60,180,1.0,0.9877646874332511,2.026054875411207
familiar,selection,forward,speed_rescaling,direction,0.5,10,specimen_10,60,225,0.5,0.6676404898256649,0.9776151954347396
familiar,selection,forward,speed_rescaling,direction,0.5,10,specimen_10,60,225,1.0,0.6286608643251373,0.6903253375786398
familiar,selection,forward,speed_rescaling,direction,0.5,10,specimen_10,60,270,0.5,0.8971148555184557,1.159899183391926
familiar,selection,forward,speed_rescaling,direction,0.5,10,specimen_10,60,270,1.0,0.8537967076731858,0.7070209240693817
familiar,selection,forward,speed_rescaling,direction,0.5,10,specimen_10,60,315,0.5,0.7059227013508278,0.7257462310594764
familiar,selection,forward,speed_rescaling,direction,0.5,10,specimen_10,60,315,1.0,0.6613761090169382,0.8529317419625506
familiar,selection,forward,speed_rescaling,direction,0.5,57,specimen_57,20,0,1.0,0.26573231265546615,0.09499764703609176
familiar,selection,forward,speed_rescaling,direction,0.5,57,specimen_57,20,45,0.5,0.49421723613550567,0.44447679409401963
familiar,selection,forward,speed_rescaling,direction,0.5,57,specimen_57,20,45,1.0,0.4563603692363534,0.37648533175753124
familiar,selection,forward,speed_rescaling,direction,0.5,57,specimen_57,20,90,0.5,0.44089731808318405,0.9536647244913409
familiar,selection,forward,speed_rescaling,direction,0.5,57,specimen_57,20,90,1.0,0.5267281183257094,1.3349867775054443
familiar,selection,forward,speed_rescaling,direction,0.5,57,specimen_57,20,135,0.5,0.5419383538285757,0.98239711445069
familiar,selection,forward,speed_rescaling,direction,0.5,57,specimen_57,20,135,1.0,0.5304538285645642,1.3532137537538262
familiar,selection,forward,speed_rescaling,direction,0.5,57,specimen_57,20,180,0.5,0.5736461732583672,1.386726570823358
familiar,selection,forward,speed_rescaling,direction,0.5,57,specimen_57,20,180,1.0,0.5841616378289142,1.7147147490831989
familiar,selection,forward,speed_rescaling,direction,0.5,57,specimen_57,20,225,0.5,0.46606460413254064,0.3639427320741774
familiar,selection,forward,speed_rescaling,direction,0.5,57,specimen_57,20,225,1.0,0.42294599866852844,0.2974116962434528
familiar,selection,forward,speed_rescaling,direction,0.5,57,specimen_57,20,270,0.5,0.4506561987340009,0.4105606350480575
familiar,selection,forward,speed_rescaling,direction,0.5,57,specimen_57,20,270,1.0,0.404880529341802,0.16769720695976537
familiar,selection,forward,speed_rescaling,direction,0.5,57,specimen_57,20,315,0.5,0.46745797263434086,0.4126008377682915
familiar,selection,forward,speed_rescaling,direction,0.5,57,specimen_57,20,315,1.0,0.43079701100469886,0.28025256928043235
familiar,selection,forward,speed_rescaling,direction,0.5,57,specimen_57,40,45,0.5,0.5558960999699003,0.6895163703869722
familiar,selection,forward,speed_rescaling,direction,0.5,57,specimen_57,40,45,1.0,0.5130262676207533,0.5420706038176257
familiar,selection,forward,speed_rescaling,direction,0.5,57,specimen_57,40,90,1.0,0.2096654413523452,0.4890471410449855
familiar,selection,forward,speed_rescaling,direction,0.5,57,specimen_57,40,135,0.5,0.54037280325607,0.6733881233247696
familiar,selection,forward,speed_rescaling,direction,0.5,57,specimen_57,40,135,1.0,0.6848130210233879,1.208863346504156
familiar,selection,forward,speed_rescaling,direction,0.5,57,specimen_57,40,180,0.5,0.8275190064937622,1.6335883269224147
familiar,selection,forward,speed_rescaling,direction,0.5,57,specimen_57,40,180,1.0,0.9129435598676561,2.12268730654986
familiar,selection,forward,speed_rescaling,direction,0.5,57,specimen_57,40,225,0.5,0.5479322063625253,0.7956343965389585
familiar,selection,forward,speed_rescaling,direction,0.5,57,specimen_57,40,225,1.0,0.5410749250494398,0.6568942285451957
familiar,selection,forward,speed_rescaling,direction,0.5,57,specimen_57,40,270,0.5,0.8159141270189028,1.9551757295681276
familiar,selection,forward,speed_rescaling,direction,0.5,57,specimen_57,40,270,1.0,0.7126096290043614,1.8125391026609663
familiar,selection,forward,speed_rescaling,direction,0.5,57,specimen_57,40,315,0.5,0.5718044158573826,1.9524553503798716
familiar,selection,forward,speed_rescaling,direction,0.5,57,specimen_57,40,315,1.0,0.509211369117185,1.6523304362576734
familiar,selection,forward,speed_rescaling,direction,0.5,57,specimen_57,60,0,0.5,0.3353167496352607,0.0095977084558857
familiar,selection,forward,speed_rescaling,direction,0.5,57,specimen_57,60,0,1.0,0.367065671999714,0.08193912191337166
familiar,selection,forward,speed_rescaling,direction,0.5,57,specimen_57,60,45,0.5,0.8345432232173536,1.4665736729844472
familiar,selection,forward,speed_rescaling,direction,0.5,57,specimen_57,60,45,1.0,0.7447812061557669,1.2712752499017508
familiar,selection,forward,speed_rescaling,direction,0.5,57,specimen_57,60,90,0.5,0.6833076363487948,0.32445852151150256
familiar,selection,forward,speed_rescaling,direction,0.5,57,specimen_57,60,90,1.0,0.7874287669026642,0.8197650900583555
familiar,selection,forward,speed_rescaling,direction,0.5,57,specimen_57,60,135,0.5,0.8165794834965663,0.11156811584068738
familiar,selection,forward,speed_rescaling,direction,0.5,57,specimen_57,60,135,1.0,0.8686857354929639,0.6956239298023723
familiar,selection,forward,speed_rescaling,direction,0.5,57,specimen_57,60,180,0.5,1.1935687844465939,1.9979648781153623
familiar,selection,forward,speed_rescaling,direction,0.5,57,specimen_57,60,180,1.0,1.2522309952304738,2.434172833689854
familiar,selection,forward,speed_rescaling,direction,0.5,57,specimen_57,60,225,0.5,0.724253696339319,1.2907768096272623
familiar,selection,forward,speed_rescaling,direction,0.5,57,specimen_57,60,225,1.0,0.6863966917310588,1.2246734116331275
familiar,selection,forward,speed_rescaling,direction,0.5,57,specimen_57,60,270,0.5,0.801846703288466,1.7887141923289485
familiar,selection,forward,speed_rescaling,direction,0.5,57,specimen_57,60,270,1.0,0.7098504741361674,1.6047541818198703
familiar,selection,forward,speed_rescaling,direction,0.5,57,specimen_57,60,315,0.5,0.7461389574396767,1.6382679839000254
familiar,selection,forward,speed_rescaling,direction,0.5,57,specimen_57,60,315,1.0,0.695766876203963,1.877791899918115
familiar,selection,forward,speed_rescaling,repeat,0.5,10,specimen_10,20,0,1.0,0.30426058493737435,0.2824867393594414
familiar,selection,forward,speed_rescaling,repeat,0.5,10,specimen_10,20,45,0.5,0.42476849357882857,0.12676935132457057
familiar,selection,forward,speed_rescaling,repeat,0.5,10,specimen_10,20,45,1.0,0.4549309698493036,0.019199367348886387
familiar,selection,forward,speed_rescaling,repeat,0.5,10,specimen_10,20,90,0.5,0.5499677384544789,0.15072541880146495
familiar,selection,forward,speed_rescaling,repeat,0.5,10,specimen_10,20,90,1.0,0.5777375690477302,0.10044675152231708
familiar,selection,forward,speed_rescaling,repeat,0.5,10,specimen_10,20,135,0.5,0.43621674465064775,0.10663199261760103
familiar,selection,forward,speed_rescaling,repeat,0.5,10,specimen_10,20,135,1.0,0.4386163526491283,0.0025080420049040653
familiar,selection,forward,speed_rescaling,repeat,0.5,10,specimen_10,20,180,0.5,0.3746857119618367,0.2610699129235489
familiar,selection,forward,speed_rescaling,repeat,0.5,10,specimen_10,20,180,1.0,0.33183297324531064,0.2691701812525024
familiar,selection,forward,speed_rescaling,repeat,0.5,10,specimen_10,20,225,0.5,0.3969886216642033,0.12775510204518414
familiar,selection,forward,speed_rescaling,repeat,0.5,10,specimen_10,20,225,1.0,0.41933194323671025,0.020216908646313647
familiar,selection,forward,speed_rescaling,repeat,0.5,10,specimen_10,20,270,0.5,0.5229948577280513,0.08305791835505227
familiar,selection,forward,speed_rescaling,repeat,0.5,10,specimen_10,20,270,1.0,0.6126948482947306,0.20303082328183164
familiar,selection,forward,speed_rescaling,repeat,0.5,10,specimen_10,20,315,0.5,0.41941570389581867,0.2002863488697113
familiar,selection,forward,speed_rescaling,repeat,0.5,10,specimen_10,20,315,1.0,0.4354733574119856,0.28122632373836587
familiar,selection,forward,speed_rescaling,repeat,0.5,10,specimen_10,40,45,0.5,0.44853631841517233,0.5001934818959243
familiar,selection,forward,speed_rescaling,repeat,0.5,10,specimen_10,40,45,1.0,0.4911558118398711,0.2875890973016969
familiar,selection,forward,speed_rescaling,repeat,0.5,10,specimen_10,40,90,1.0,0.6733668838493424,1.3118203786076448
familiar,selection,forward,speed_rescaling,repeat,0.5,10,specimen_10,40,135,0.5,0.5033519800230813,0.8713940642411678
familiar,selection,forward,speed_rescaling,repeat,0.5,10,specimen_10,40,135,1.0,0.49901062004714625,0.7182335343348089
familiar,selection,forward,speed_rescaling,repeat,0.5,10,specimen_10,40,180,0.5,0.3063408745235928,0.15850152932425654
familiar,selection,forward,speed_rescaling,repeat,0.5,10,specimen_10,40,180,1.0,0.2836212104975751,0.14297164493735126
familiar,selection,forward,speed_rescaling,repeat,0.5,10,specimen_10,40,225,0.5,0.5259534817117935,0.5981706146956304
familiar,selection,forward,speed_rescaling,repeat,0.5,10,specimen_10,40,225,1.0,0.4992059533723257,0.22057699175500767
familiar,selection,forward,speed_rescaling,repeat,0.5,10,specimen_10,40,270,0.5,0.704282770845253,1.2482810911281792
familiar,selection,forward,speed_rescaling,repeat,0.5,10,specimen_10,40,270,1.0,0.7816170066347824,0.4864428861054434
familiar,selection,forward,speed_rescaling,repeat,0.5,10,specimen_10,40,315,0.5,0.5558711814248235,0.6361446109190475
familiar,selection,forward,speed_rescaling,repeat,0.5,10,specimen_10,40,315,1.0,0.5149529507503886,0.6598456046523641
familiar,selection,forward,speed_rescaling,repeat,0.5,10,specimen_10,60,0,0.5,0.3045704929921553,0.013637375280185493
familiar,selection,forward,speed_rescaling,repeat,0.5,10,specimen_10,60,0,1.0,0.3278414158350523,0.030346812825900016
familiar,selection,forward,speed_rescaling,repeat,0.5,10,specimen_10,60,45,0.5,0.7116047000368564,0.9495217496276303
familiar,selection,forward,speed_rescaling,repeat,0.5,10,specimen_10,60,45,1.0,0.7166234865430109,0.8647128960186037
familiar,selection,forward,speed_rescaling,repeat,0.5,10,specimen_10,60,90,0.5,0.8642917016343201,0.8925166325982723
familiar,selection,forward,speed_rescaling,repeat,0.5,10,specimen_10,60,90,1.0,0.8688868635367485,1.081085887048954
familiar,selection,forward,speed_rescaling,repeat,0.5,10,specimen_10,60,135,0.5,0.7135805095033056,1.2395098912716245
familiar,selection,forward,speed_rescaling,repeat,0.5,10,specimen_10,60,135,1.0,0.653263484428987,0.8930486863978546
familiar,selection,forward,speed_rescaling,repeat,0.5,10,specimen_10,60,180,0.5,0.42059512129128773,0.16708712890189958
familiar,selection,forward,speed_rescaling,repeat,0.5,10,specimen_10,60,180,1.0,0.3892633038081919,0.012907615150407281
familiar,selection,forward,speed_rescaling,repeat,0.5,10,specimen_10,60,225,0.5,0.6676404898256649,0.9776151954347396
familiar,selection,forward,speed_rescaling,repeat,0.5,10,specimen_10,60,225,1.0,0.6286608643251373,0.6903253375786398
familiar,selection,forward,speed_rescaling,repeat,0.5,10,specimen_10,60,270,0.5,0.8971148555184557,1.159899183391926
familiar,selection,forward,speed_rescaling,repeat,0.5,10,specimen_10,60,270,1.0,0.8537967076731858,0.7070209240693817
familiar,selection,forward,speed_rescaling,repeat,0.5,10,specimen_10,60,315,0.5,0.7059227013508278,0.7257462310594764
familiar,selection,forward,speed_rescaling,repeat,0.5,10,specimen_10,60,315,1.0,0.6613761090169382,0.8529317419625506
familiar,selection,forward,speed_rescaling,repeat,0.5,57,specimen_57,20,0,1.0,0.26573231265546615,0.09499764703609176
familiar,selection,forward,speed_rescaling,repeat,0.5,57,specimen_57,20,45,0.5,0.49421723613550567,0.44447679409401963
familiar,selection,forward,speed_rescaling,repeat,0.5,57,specimen_57,20,45,1.0,0.4563603692363534,0.37648533175753124
familiar,selection,forward,speed_rescaling,repeat,0.5,57,specimen_57,20,90,0.5,0.46842931319239406,0.39402780238434854
familiar,selection,forward,speed_rescaling,repeat,0.5,57,specimen_57,20,90,1.0,0.471074405439819,0.30552434066094686
familiar,selection,forward,speed_rescaling,repeat,0.5,57,specimen_57,20,135,0.5,0.5165567537352939,0.3652954124249994
familiar,selection,forward,speed_rescaling,repeat,0.5,57,specimen_57,20,135,1.0,0.42705193061361646,0.28729736441256487
familiar,selection,forward,speed_rescaling,repeat,0.5,57,specimen_57,20,180,0.5,0.3025379302184506,0.0390340439476686
familiar,selection,forward,speed_rescaling,repeat,0.5,57,specimen_57,20,180,1.0,0.2707228493399194,0.07420363091680787
familiar,selection,forward,speed_rescaling,repeat,0.5,57,specimen_57,20,225,0.5,0.46606460413254064,0.3639427320741774
familiar,selection,forward,speed_rescaling,repeat,0.5,57,specimen_57,20,225,1.0,0.42294599866852844,0.2974116962434528
familiar,selection,forward,speed_rescaling,repeat,0.5,57,specimen_57,20,270,0.5,0.4506561987340009,0.4105606350480575
familiar,selection,forward,speed_rescaling,repeat,0.5,57,specimen_57,20,270,1.0,0.404880529341802,0.16769720695976537
familiar,selection,forward,speed_rescaling,repeat,0.5,57,specimen_57,20,315,0.5,0.46745797263434086,0.4126008377682915
familiar,selection,forward,speed_rescaling,repeat,0.5,57,specimen_57,20,315,1.0,0.43079701100469886,0.28025256928043235
familiar,selection,forward,speed_rescaling,repeat,0.5,57,specimen_57,40,45,0.5,0.5558960999699003,0.6895163703869722
familiar,selection,forward,speed_rescaling,repeat,0.5,57,specimen_57,40,45,1.0,0.5130262676207533,0.5420706038176257
familiar,selection,forward,speed_rescaling,repeat,0.5,57,specimen_57,40,90,1.0,0.7949997897147726,1.6380632809359894
familiar,selection,forward,speed_rescaling,repeat,0.5,57,specimen_57,40,135,0.5,0.6092082256337563,1.0740494818206756
familiar,selection,forward,speed_rescaling,repeat,0.5,57,specimen_57,40,135,1.0,0.5654191090513062,0.9182470754768188
familiar,selection,forward,speed_rescaling,repeat,0.5,57,specimen_57,40,180,0.5,0.2817411234821315,0.11384927822303054
familiar,selection,forward,speed_rescaling,repeat,0.5,57,specimen_57,40,180,1.0,0.27783045875627027,0.00442311543111501
familiar,selection,forward,speed_rescaling,repeat,0.5,57,specimen_57,40,225,0.5,0.5479322063625253,0.7956343965389585
familiar,selection,forward,speed_rescaling,repeat,0.5,57,specimen_57,40,225,1.0,0.5410749250494398,0.6568942285451957
familiar,selection,forward,speed_rescaling,repeat,0.5,57,specimen_57,40,270,0.5,0.8159141270189028,1.9551757295681276
familiar,selection,forward,speed_rescaling,repeat,0.5,57,specimen_57,40,270,1.0,0.7126096290043614,1.8125391026609663
familiar,selection,forward,speed_rescaling,repeat,0.5,57,specimen_57,40,315,0.5,0.5718044158573826,1.9524553503798716
familiar,selection,forward,speed_rescaling,repeat,0.5,57,specimen_57,40,315,1.0,0.509211369117185,1.6523304362576734
familiar,selection,forward,speed_rescaling,repeat,0.5,57,specimen_57,60,0,0.5,0.3353167496352607,0.0095977084558857
familiar,selection,forward,speed_rescaling,repeat,0.5,57,specimen_57,60,0,1.0,0.367065671999714,0.08193912191337166
familiar,selection,forward,speed_rescaling,repeat,0.5,57,specimen_57,60,45,0.5,0.8345432232173536,1.4665736729844472
familiar,selection,forward,speed_rescaling,repeat,0.5,57,specimen_57,60,45,1.0,0.7447812061557669,1.2712752499017508
familiar,selection,forward,speed_rescaling,repeat,0.5,57,specimen_57,60,90,0.5,0.9138488332885354,1.6485763183408735
familiar,selection,forward,speed_rescaling,repeat,0.5,57,specimen_57,60,90,1.0,0.8382704875873227,1.581958987770583
familiar,selection,forward,speed_rescaling,repeat,0.5,57,specimen_57,60,135,0.5,0.8351279058417171,1.861466724011689
familiar,selection,forward,speed_rescaling,repeat,0.5,57,specimen_57,60,135,1.0,0.77221487307279,1.7061001480265663
familiar,selection,forward,speed_rescaling,repeat,0.5,57,specimen_57,60,180,0.5,0.36022195991740985,0.02493003826298601
familiar,selection,forward,speed_rescaling,repeat,0.5,57,specimen_57,60,180,1.0,0.39240366476298144,0.032448755860915335
familiar,selection,forward,speed_rescaling,repeat,0.5,57,specimen_57,60,225,0.5,0.724253696339319,1.2907768096272623
familiar,selection,forward,speed_rescaling,repeat,0.5,57,specimen_57,60,225,1.0,0.6863966917310588,1.2246734116331275
familiar,selection,forward,speed_rescaling,repeat,0.5,57,specimen_57,60,270,0.5,0.801846703288466,1.7887141923289485
familiar,selection,forward,speed_rescaling,repeat,0.5,57,specimen_57,60,270,1.0,0.7098504741361674,1.6047541818198703
familiar,selection,forward,speed_rescaling,repeat,0.5,57,specimen_57,60,315,0.5,0.7461389574396767,1.6382679839000254
familiar,selection,forward,speed_rescaling,repeat,0.5,57,specimen_57,60,315,1.0,0.695766876203963,1.877791899918115
familiar,selection,forward,speed_rescaling,single,0.5,10,specimen_10,20,0,1.0,0.30426058493737435,0.2824867393594414
familiar,selection,forward,speed_rescaling,single,0.5,10,specimen_10,20,45,0.5,0.42476849357882857,0.12676935132457057
familiar,selection,forward,speed_rescaling,single,0.5,10,specimen_10,20,45,1.0,0.4549309698493036,0.019199367348886387
familiar,selection,forward,speed_rescaling,single,0.5,10,specimen_10,20,90,0.5,0.5499677384544789,0.15072541880146495
familiar,selection,forward,speed_rescaling,single,0.5,10,specimen_10,20,90,1.0,0.5777375690477302,0.10044675152231708
familiar,selection,forward,speed_rescaling,single,0.5,10,specimen_10,20,135,0.5,0.43621674465064775,0.10663199261760103
familiar,selection,forward,speed_rescaling,single,0.5,10,specimen_10,20,135,1.0,0.4386163526491283,0.0025080420049040653
familiar,selection,forward,speed_rescaling,single,0.5,10,specimen_10,20,180,0.5,0.3746857119618367,0.2610699129235489
familiar,selection,forward,speed_rescaling,single,0.5,10,specimen_10,20,180,1.0,0.33183297324531064,0.2691701812525024
familiar,selection,forward,speed_rescaling,single,0.5,10,specimen_10,20,225,0.5,0.3969886216642033,0.12775510204518414
familiar,selection,forward,speed_rescaling,single,0.5,10,specimen_10,20,225,1.0,0.41933194323671025,0.020216908646313647
familiar,selection,forward,speed_rescaling,single,0.5,10,specimen_10,20,270,0.5,0.5229948577280513,0.08305791835505227
familiar,selection,forward,speed_rescaling,single,0.5,10,specimen_10,20,270,1.0,0.6126948482947306,0.20303082328183164
familiar,selection,forward,speed_rescaling,single,0.5,10,specimen_10,20,315,0.5,0.41941570389581867,0.2002863488697113
familiar,selection,forward,speed_rescaling,single,0.5,10,specimen_10,20,315,1.0,0.4354733574119856,0.28122632373836587
familiar,selection,forward,speed_rescaling,single,0.5,10,specimen_10,40,45,0.5,0.44853631841517233,0.5001934818959243
familiar,selection,forward,speed_rescaling,single,0.5,10,specimen_10,40,45,1.0,0.4911558118398711,0.2875890973016969
familiar,selection,forward,speed_rescaling,single,0.5,10,specimen_10,40,90,1.0,0.6733668838493424,1.3118203786076448
familiar,selection,forward,speed_rescaling,single,0.5,10,specimen_10,40,135,0.5,0.5033519800230813,0.8713940642411678
familiar,selection,forward,speed_rescaling,single,0.5,10,specimen_10,40,135,1.0,0.49901062004714625,0.7182335343348089
familiar,selection,forward,speed_rescaling,single,0.5,10,specimen_10,40,180,0.5,0.3063408745235928,0.15850152932425654
familiar,selection,forward,speed_rescaling,single,0.5,10,specimen_10,40,180,1.0,0.2836212104975751,0.14297164493735126
familiar,selection,forward,speed_rescaling,single,0.5,10,specimen_10,40,225,0.5,0.5259534817117935,0.5981706146956304
familiar,selection,forward,speed_rescaling,single,0.5,10,specimen_10,40,225,1.0,0.4992059533723257,0.22057699175500767
familiar,selection,forward,speed_rescaling,single,0.5,10,specimen_10,40,270,0.5,0.704282770845253,1.2482810911281792
familiar,selection,forward,speed_rescaling,single,0.5,10,specimen_10,40,270,1.0,0.7816170066347824,0.4864428861054434
familiar,selection,forward,speed_rescaling,single,0.5,10,specimen_10,40,315,0.5,0.5558711814248235,0.6361446109190475
familiar,selection,forward,speed_rescaling,single,0.5,10,specimen_10,40,315,1.0,0.5149529507503886,0.6598456046523641
familiar,selection,forward,speed_rescaling,single,0.5,10,specimen_10,60,0,0.5,0.3045704929921553,0.013637375280185493
familiar,selection,forward,speed_rescaling,single,0.5,10,specimen_10,60,0,1.0,0.3278414158350523,0.030346812825900016
familiar,selection,forward,speed_rescaling,single,0.5,10,specimen_10,60,45,0.5,0.7116047000368564,0.9495217496276303
familiar,selection,forward,speed_rescaling,single,0.5,10,specimen_10,60,45,1.0,0.7166234865430109,0.8647128960186037
familiar,selection,forward,speed_rescaling,single,0.5,10,specimen_10,60,90,0.5,0.8642917016343201,0.8925166325982723
familiar,selection,forward,speed_rescaling,single,0.5,10,specimen_10,60,90,1.0,0.8688868635367485,1.081085887048954
familiar,selection,forward,speed_rescaling,single,0.5,10,specimen_10,60,135,0.5,0.7135805095033056,1.2395098912716245
familiar,selection,forward,speed_rescaling,single,0.5,10,specimen_10,60,135,1.0,0.653263484428987,0.8930486863978546
familiar,selection,forward,speed_rescaling,single,0.5,10,specimen_10,60,180,0.5,0.42059512129128773,0.16708712890189958
familiar,selection,forward,speed_rescaling,single,0.5,10,specimen_10,60,180,1.0,0.3892633038081919,0.012907615150407281
familiar,selection,forward,speed_rescaling,single,0.5,10,specimen_10,60,225,0.5,0.6676404898256649,0.9776151954347396
familiar,selection,forward,speed_rescaling,single,0.5,10,specimen_10,60,225,1.0,0.6286608643251373,0.6903253375786398
familiar,selection,forward,speed_rescaling,single,0.5,10,specimen_10,60,270,0.5,0.8971148555184557,1.159899183391926
familiar,selection,forward,speed_rescaling,single,0.5,10,specimen_10,60,270,1.0,0.8537967076731858,0.7070209240693817
familiar,selection,forward,speed_rescaling,single,0.5,10,specimen_10,60,315,0.5,0.7059227013508278,0.7257462310594764
familiar,selection,forward,speed_rescaling,single,0.5,10,specimen_10,60,315,1.0,0.6613761090169382,0.8529317419625506
familiar,selection,forward,speed_rescaling,single,0.5,57,specimen_57,20,0,1.0,0.26573231265546615,0.09499764703609176
familiar,selection,forward,speed_rescaling,single,0.5,57,specimen_57,20,45,0.5,0.49421723613550567,0.44447679409401963
familiar,selection,forward,speed_rescaling,single,0.5,57,specimen_57,20,45,1.0,0.4563603692363534,0.37648533175753124
familiar,selection,forward,speed_rescaling,single,0.5,57,specimen_57,20,90,0.5,0.46842931319239406,0.39402780238434854
familiar,selection,forward,speed_rescaling,single,0.5,57,specimen_57,20,90,1.0,0.471074405439819,0.30552434066094686
familiar,selection,forward,speed_rescaling,single,0.5,57,specimen_57,20,135,0.5,0.5165567537352939,0.3652954124249994
familiar,selection,forward,speed_rescaling,single,0.5,57,specimen_57,20,135,1.0,0.42705193061361646,0.28729736441256487
familiar,selection,forward,speed_rescaling,single,0.5,57,specimen_57,20,180,0.5,0.3025379302184506,0.0390340439476686
familiar,selection,forward,speed_rescaling,single,0.5,57,specimen_57,20,180,1.0,0.2707228493399194,0.07420363091680787
familiar,selection,forward,speed_rescaling,single,0.5,57,specimen_57,20,225,0.5,0.46606460413254064,0.3639427320741774
familiar,selection,forward,speed_rescaling,single,0.5,57,specimen_57,20,225,1.0,0.42294599866852844,0.2974116962434528
familiar,selection,forward,speed_rescaling,single,0.5,57,specimen_57,20,270,0.5,0.4506561987340009,0.4105606350480575
familiar,selection,forward,speed_rescaling,single,0.5,57,specimen_57,20,270,1.0,0.404880529341802,0.16769720695976537
familiar,selection,forward,speed_rescaling,single,0.5,57,specimen_57,20,315,0.5,0.46745797263434086,0.4126008377682915
familiar,selection,forward,speed_rescaling,single,0.5,57,specimen_57,20,315,1.0,0.43079701100469886,0.28025256928043235
familiar,selection,forward,speed_rescaling,single,0.5,57,specimen_57,40,45,0.5,0.5558960999699003,0.6895163703869722
familiar,selection,forward,speed_rescaling,single,0.5,57,specimen_57,40,45,1.0,0.5130262676207533,0.5420706038176257
familiar,selection,forward,speed_rescaling,single,0.5,57,specimen_57,40,90,1.0,0.7949997897147726,1.6380632809359894
familiar,selection,forward,speed_rescaling,single,0.5,57,specimen_57,40,135,0.5,0.6092082256337563,1.0740494818206756
familiar,selection,forward,speed_rescaling,single,0.5,57,specimen_57,40,135,1.0,0.5654191090513062,0.9182470754768188
familiar,selection,forward,speed_rescaling,single,0.5,57,specimen_57,40,180,0.5,0.2817411234821315,0.11384927822303054
familiar,selection,forward,speed_rescaling,single,0.5,57,specimen_57,40,180,1.0,0.27783045875627027,0.00442311543111501
familiar,selection,forward,speed_rescaling,single,0.5,57,specimen_57,40,225,0.5,0.5479322063625253,0.7956343965389585
familiar,selection,forward,speed_rescaling,single,0.5,57,specimen_57,40,225,1.0,0.5410749250494398,0.6568942285451957
familiar,selection,forward,speed_rescaling,single,0.5,57,specimen_57,40,270,0.5,0.8159141270189028,1.9551757295681276
familiar,selection,forward,speed_rescaling,single,0.5,57,specimen_57,40,270,1.0,0.7126096290043614,1.8125391026609663
familiar,selection,forward,speed_rescaling,single,0.5,57,specimen_57,40,315,0.5,0.5718044158573826,1.9524553503798716
familiar,selection,forward,speed_rescaling,single,0.5,57,specimen_57,40,315,1.0,0.509211369117185,1.6523304362576734
familiar,selection,forward,speed_rescaling,single,0.5,57,specimen_57,60,0,0.5,0.3353167496352607,0.0095977084558857
familiar,selection,forward,speed_rescaling,single,0.5,57,specimen_57,60,0,1.0,0.367065671999714,0.08193912191337166
familiar,selection,forward,speed_rescaling,single,0.5,57,specimen_57,60,45,0.5,0.8345432232173536,1.4665736729844472
familiar,selection,forward,speed_rescaling,single,0.5,57,specimen_57,60,45,1.0,0.7447812061557669,1.2712752499017508
familiar,selection,forward,speed_rescaling,single,0.5,57,specimen_57,60,90,0.5,0.9138488332885354,1.6485763183408735
familiar,selection,forward,speed_rescaling,single,0.5,57,specimen_57,60,90,1.0,0.8382704875873227,1.581958987770583
familiar,selection,forward,speed_rescaling,single,0.5,57,specimen_57,60,135,0.5,0.8351279058417171,1.861466724011689
familiar,selection,forward,speed_rescaling,single,0.5,57,specimen_57,60,135,1.0,0.77221487307279,1.7061001480265663
familiar,selection,forward,speed_rescaling,single,0.5,57,specimen_57,60,180,0.5,0.36022195991740985,0.02493003826298601
familiar,selection,forward,speed_rescaling,single,0.5,57,specimen_57,60,180,1.0,0.39240366476298144,0.032448755860915335
familiar,selection,forward,speed_rescaling,single,0.5,57,specimen_57,60,225,0.5,0.724253696339319,1.2907768096272623
familiar,selection,forward,speed_rescaling,single,0.5,57,specimen_57,60,225,1.0,0.6863966917310588,1.2246734116331275
familiar,selection,forward,speed_rescaling,single,0.5,57,specimen_57,60,270,0.5,0.801846703288466,1.7887141923289485
familiar,selection,forward,speed_rescaling,single,0.5,57,specimen_57,60,270,1.0,0.7098504741361674,1.6047541818198703
familiar,selection,forward,speed_rescaling,single,0.5,57,specimen_57,60,315,0.5,0.7461389574396767,1.6382679839000254
familiar,selection,forward,speed_rescaling,single,0.5,57,specimen_57,60,315,1.0,0.695766876203963,1.877791899918115
familiar,selection,reverse,conditions_only,direction,0.5,10,specimen_10,20,0,1.0,0.3522963036807532,0.21724261906145947
familiar,selection,reverse,conditions_only,direction,0.5,10,specimen_10,20,45,0.5,0.18020448827373114,0.16280000765518698
familiar,selection,reverse,conditions_only,direction,0.5,10,specimen_10,20,45,1.0,0.26555386092198185,0.09924189102050085
familiar,selection,reverse,conditions_only,direction,0.5,10,specimen_10,20,90,0.5,0.3845917916073737,0.13446236436587444
familiar,selection,reverse,conditions_only,direction,0.5,10,specimen_10,20,90,1.0,0.3102785419007136,0.24016959960936946
familiar,selection,reverse,conditions_only,direction,0.5,10,specimen_10,20,135,0.5,0.21818502507638024,0.23603295936158858
familiar,selection,reverse,conditions_only,direction,0.5,10,specimen_10,20,135,1.0,0.21831379342060772,0.18301295060610068
familiar,selection,reverse,conditions_only,direction,0.5,10,specimen_10,20,180,0.5,0.2752045255526066,0.045727016870195814
familiar,selection,reverse,conditions_only,direction,0.5,10,specimen_10,20,180,1.0,0.2727867287599943,0.06150021859566124
familiar,selection,reverse,conditions_only,direction,0.5,10,specimen_10,20,225,0.5,0.18199205026511697,0.28625792056397253
familiar,selection,reverse,conditions_only,direction,0.5,10,specimen_10,20,225,1.0,0.22845461660460134,0.24961667940987187
familiar,selection,reverse,conditions_only,direction,0.5,10,specimen_10,20,270,0.5,0.2868890010759677,0.22230293499999115
familiar,selection,reverse,conditions_only,direction,0.5,10,specimen_10,20,270,1.0,0.24777670357132683,0.38011807923480256
familiar,selection,reverse,conditions_only,direction,0.5,10,specimen_10,20,315,0.5,0.18808102520361536,0.2848465564059792
familiar,selection,reverse,conditions_only,direction,0.5,10,specimen_10,20,315,1.0,0.23236198966960064,0.4123813420865208
familiar,selection,reverse,conditions_only,direction,0.5,10,specimen_10,40,45,0.5,0.21923943627843165,0.42844595808726393
familiar,selection,reverse,conditions_only,direction,0.5,10,specimen_10,40,45,1.0,0.19776050215752874,0.3984298952599571
familiar,selection,reverse,conditions_only,direction,0.5,10,specimen_10,40,90,1.0,0.43995565454161073,1.5392368500202922
familiar,selection,reverse,conditions_only,direction,0.5,10,specimen_10,40,135,0.5,0.3322760005042217,0.9140939109705029
familiar,selection,reverse,conditions_only,direction,0.5,10,specimen_10,40,135,1.0,0.23898295369212486,0.6567871736974545
familiar,selection,reverse,conditions_only,direction,0.5,10,specimen_10,40,180,0.5,0.4276783954104633,0.014261537909460165
familiar,selection,reverse,conditions_only,direction,0.5,10,specimen_10,40,180,1.0,0.42358953704421576,0.10950035446927131
familiar,selection,reverse,conditions_only,direction,0.5,10,specimen_10,40,225,0.5,0.24102741716063283,0.7332414531787784
familiar,selection,reverse,conditions_only,direction,0.5,10,specimen_10,40,225,1.0,0.25500984182557823,0.48765819020324264
familiar,selection,reverse,conditions_only,direction,0.5,10,specimen_10,40,270,0.5,0.3639498772281114,1.2475949383080107
familiar,selection,reverse,conditions_only,direction,0.5,10,specimen_10,40,270,1.0,0.35739796609641755,0.9091570894401491
familiar,selection,reverse,conditions_only,direction,0.5,10,specimen_10,40,315,0.5,0.2938756253440678,1.1822132496035966
familiar,selection,reverse,conditions_only,direction,0.5,10,specimen_10,40,315,1.0,0.2989495166084023,0.5854568694205919
familiar,selection,reverse,conditions_only,direction,0.5,10,specimen_10,60,0,0.5,0.5775332241377199,0.19448087673779457
familiar,selection,reverse,conditions_only,direction,0.5,10,specimen_10,60,0,1.0,0.5178572030240771,0.10491832319891303
familiar,selection,reverse,conditions_only,direction,0.5,10,specimen_10,60,45,0.5,0.32205651342540703,0.7867451555634264
familiar,selection,reverse,conditions_only,direction,0.5,10,specimen_10,60,45,1.0,0.3720512334241833,0.8687772293066038
familiar,selection,reverse,conditions_only,direction,0.5,10,specimen_10,60,90,0.5,0.415105810411706,1.1795564986916198
familiar,selection,reverse,conditions_only,direction,0.5,10,specimen_10,60,90,1.0,0.4269768987351841,1.369474441249404
familiar,selection,reverse,conditions_only,direction,0.5,10,specimen_10,60,135,0.5,0.4605982226325205,1.1803175834198054
familiar,selection,reverse,conditions_only,direction,0.5,10,specimen_10,60,135,1.0,0.4812749519505621,1.2157938209029928
familiar,selection,reverse,conditions_only,direction,0.5,10,specimen_10,60,180,0.5,0.4581443530066367,0.07354292079068947
familiar,selection,reverse,conditions_only,direction,0.5,10,specimen_10,60,180,1.0,0.49254786434035785,0.058608655852689595
familiar,selection,reverse,conditions_only,direction,0.5,10,specimen_10,60,225,0.5,0.3321616005208478,0.9278271121071069
familiar,selection,reverse,conditions_only,direction,0.5,10,specimen_10,60,225,1.0,0.3718474073732006,0.9116922586725213
familiar,selection,reverse,conditions_only,direction,0.5,10,specimen_10,60,270,0.5,0.39754431804577717,1.2149939025147605
familiar,selection,reverse,conditions_only,direction,0.5,10,specimen_10,60,270,1.0,0.4151977670774863,1.0111706832298788
familiar,selection,reverse,conditions_only,direction,0.5,10,specimen_10,60,315,0.5,0.4077296132703186,0.6765693638509178
familiar,selection,reverse,conditions_only,direction,0.5,10,specimen_10,60,315,1.0,0.3914966702150024,0.8353835922499461
familiar,selection,reverse,conditions_only,direction,0.5,57,specimen_57,20,0,1.0,0.5586539371287298,0.34997809339292146
familiar,selection,reverse,conditions_only,direction,0.5,57,specimen_57,20,45,0.5,0.39716887603512613,0.09592614373619801
familiar,selection,reverse,conditions_only,direction,0.5,57,specimen_57,20,45,1.0,0.4274549940117273,0.0646443961635399
familiar,selection,reverse,conditions_only,direction,0.5,57,specimen_57,20,90,0.5,0.4066423701915052,0.11066070156775643
familiar,selection,reverse,conditions_only,direction,0.5,57,specimen_57,20,90,1.0,0.45067015439206287,0.06060261991589111
familiar,selection,reverse,conditions_only,direction,0.5,57,specimen_57,20,135,0.5,0.3135171501289422,0.14297334114789678
familiar,selection,reverse,conditions_only,direction,0.5,57,specimen_57,20,135,1.0,0.37759691432866344,0.09094211650815798
familiar,selection,reverse,conditions_only,direction,0.5,57,specimen_57,20,180,0.5,0.47167244789097573,0.2210464904037058
familiar,selection,reverse,conditions_only,direction,0.5,57,specimen_57,20,180,1.0,0.5300403107676527,0.23277189132932727
familiar,selection,reverse,conditions_only,direction,0.5,57,specimen_57,20,225,0.5,0.2827268762737453,0.19536131973264131
familiar,selection,reverse,conditions_only,direction,0.5,57,specimen_57,20,225,1.0,0.30578927534955275,0.16572800117834408
familiar,selection,reverse,conditions_only,direction,0.5,57,specimen_57,20,270,0.5,0.43058058045824965,0.09480747686215124
familiar,selection,reverse,conditions_only,direction,0.5,57,specimen_57,20,270,1.0,0.3308752077519456,0.17150781017765337
familiar,selection,reverse,conditions_only,direction,0.5,57,specimen_57,20,315,0.5,0.34548372863687854,0.15866029312818997
familiar,selection,reverse,conditions_only,direction,0.5,57,specimen_57,20,315,1.0,0.37394970788329335,0.036329448297806044
familiar,selection,reverse,conditions_only,direction,0.5,57,specimen_57,40,45,0.5,0.41959648250339415,0.2355722704581067
familiar,selection,reverse,conditions_only,direction,0.5,57,specimen_57,40,45,1.0,0.3969876977538256,0.17790293822112724
familiar,selection,reverse,conditions_only,direction,0.5,57,specimen_57,40,90,1.0,0.37369382565806,1.3105742222589218
familiar,selection,reverse,conditions_only,direction,0.5,57,specimen_57,40,135,0.5,0.3854578282128545,0.7813459080349261
familiar,selection,reverse,conditions_only,direction,0.5,57,specimen_57,40,135,1.0,0.4067805495636551,0.5910641456728619
familiar,selection,reverse,conditions_only,direction,0.5,57,specimen_57,40,180,0.5,0.546771163765395,0.1454356318352505
familiar,selection,reverse,conditions_only,direction,0.5,57,specimen_57,40,180,1.0,0.5051037058403567,0.16436663059571738
familiar,selection,reverse,conditions_only,direction,0.5,57,specimen_57,40,225,0.5,0.3874788133360205,0.592067226477668
familiar,selection,reverse,conditions_only,direction,0.5,57,specimen_57,40,225,1.0,0.34214868651317737,0.4459087525714349
familiar,selection,reverse,conditions_only,direction,0.5,57,specimen_57,40,270,0.5,0.3435231603602491,1.7136500396996008
familiar,selection,reverse,conditions_only,direction,0.5,57,specimen_57,40,270,1.0,0.3588414577152423,1.591264432540733
familiar,selection,reverse,conditions_only,direction,0.5,57,specimen_57,40,315,0.5,0.38913152723292704,1.5457538868283809
familiar,selection,reverse,conditions_only,direction,0.5,57,specimen_57,40,315,1.0,0.4543169867773325,1.0487043831398235
familiar,selection,reverse,conditions_only,direction,0.5,57,specimen_57,60,0,0.5,0.8726974318683874,0.6573751962274392
familiar,selection,reverse,conditions_only,direction,0.5,57,specimen_57,60,0,1.0,0.825956634268481,0.6882237853818682
familiar,selection,reverse,conditions_only,direction,0.5,57,specimen_57,60,45,0.5,0.36224528242259585,0.8329860168268204
familiar,selection,reverse,conditions_only,direction,0.5,57,specimen_57,60,45,1.0,0.36013547318231204,0.6621565154608506
familiar,selection,reverse,conditions_only,direction,0.5,57,specimen_57,60,90,0.5,0.3598430541045932,0.9799971640781511
familiar,selection,reverse,conditions_only,direction,0.5,57,specimen_57,60,90,1.0,0.3678867170921314,1.0170738426577954
familiar,selection,reverse,conditions_only,direction,0.5,57,specimen_57,60,135,0.5,0.3928198813556539,1.4007531289303314
familiar,selection,reverse,conditions_only,direction,0.5,57,specimen_57,60,135,1.0,0.41933855538476283,1.2989688257027314
familiar,selection,reverse,conditions_only,direction,0.5,57,specimen_57,60,180,0.5,0.5989793541004752,0.3511115856020436
familiar,selection,reverse,conditions_only,direction,0.5,57,specimen_57,60,180,1.0,0.6159756188857154,0.34783012270621533
familiar,selection,reverse,conditions_only,direction,0.5,57,specimen_57,60,225,0.5,0.3297896185430969,1.292296472911901
familiar,selection,reverse,conditions_only,direction,0.5,57,specimen_57,60,225,1.0,0.35285646562088785,0.9978499347313414
familiar,selection,reverse,conditions_only,direction,0.5,57,specimen_57,60,270,0.5,0.37293736894704915,1.3036149350718738
familiar,selection,reverse,conditions_only,direction,0.5,57,specimen_57,60,270,1.0,0.3680430063326912,1.0483686063110862
familiar,selection,reverse,conditions_only,direction,0.5,57,specimen_57,60,315,0.5,0.2835225111976263,1.386285071123672
familiar,selection,reverse,conditions_only,direction,0.5,57,specimen_57,60,315,1.0,0.32550438410392263,1.406262594749216
familiar,selection,reverse,conditions_only,repeat,0.5,10,specimen_10,20,0,1.0,0.3522963036807532,0.21724261906145947
familiar,selection,reverse,conditions_only,repeat,0.5,10,specimen_10,20,45,0.5,0.18020448827373114,0.16280000765518698
familiar,selection,reverse,conditions_only,repeat,0.5,10,specimen_10,20,45,1.0,0.26555386092198185,0.09924189102050085
familiar,selection,reverse,conditions_only,repeat,0.5,10,specimen_10,20,90,0.5,0.3845917916073737,0.13446236436587444
familiar,selection,reverse,conditions_only,repeat,0.5,10,specimen_10,20,90,1.0,0.3102785419007136,0.24016959960936946
familiar,selection,reverse,conditions_only,repeat,0.5,10,specimen_10,20,135,0.5,0.21818502507638024,0.23603295936158858
familiar,selection,reverse,conditions_only,repeat,0.5,10,specimen_10,20,135,1.0,0.21831379342060772,0.18301295060610068
familiar,selection,reverse,conditions_only,repeat,0.5,10,specimen_10,20,180,0.5,0.2752045255526066,0.045727016870195814
familiar,selection,reverse,conditions_only,repeat,0.5,10,specimen_10,20,180,1.0,0.2727867287599943,0.06150021859566124
familiar,selection,reverse,conditions_only,repeat,0.5,10,specimen_10,20,225,0.5,0.18199205026511697,0.28625792056397253
familiar,selection,reverse,conditions_only,repeat,0.5,10,specimen_10,20,225,1.0,0.22845461660460134,0.24961667940987187
familiar,selection,reverse,conditions_only,repeat,0.5,10,specimen_10,20,270,0.5,0.2868890010759677,0.22230293499999115
familiar,selection,reverse,conditions_only,repeat,0.5,10,specimen_10,20,270,1.0,0.24777670357132683,0.38011807923480256
familiar,selection,reverse,conditions_only,repeat,0.5,10,specimen_10,20,315,0.5,0.18808102520361536,0.2848465564059792
familiar,selection,reverse,conditions_only,repeat,0.5,10,specimen_10,20,315,1.0,0.23236198966960064,0.4123813420865208
familiar,selection,reverse,conditions_only,repeat,0.5,10,specimen_10,40,45,0.5,0.21923943627843165,0.42844595808726393
familiar,selection,reverse,conditions_only,repeat,0.5,10,specimen_10,40,45,1.0,0.19776050215752874,0.3984298952599571
familiar,selection,reverse,conditions_only,repeat,0.5,10,specimen_10,40,90,1.0,0.43995565454161073,1.5392368500202922
familiar,selection,reverse,conditions_only,repeat,0.5,10,specimen_10,40,135,0.5,0.3322760005042217,0.9140939109705029
familiar,selection,reverse,conditions_only,repeat,0.5,10,specimen_10,40,135,1.0,0.23898295369212486,0.6567871736974545
familiar,selection,reverse,conditions_only,repeat,0.5,10,specimen_10,40,180,0.5,0.4276783954104633,0.014261537909460165
familiar,selection,reverse,conditions_only,repeat,0.5,10,specimen_10,40,180,1.0,0.42358953704421576,0.10950035446927131
familiar,selection,reverse,conditions_only,repeat,0.5,10,specimen_10,40,225,0.5,0.24102741716063283,0.7332414531787784
familiar,selection,reverse,conditions_only,repeat,0.5,10,specimen_10,40,225,1.0,0.25500984182557823,0.48765819020324264
familiar,selection,reverse,conditions_only,repeat,0.5,10,specimen_10,40,270,0.5,0.3639498772281114,1.2475949383080107
familiar,selection,reverse,conditions_only,repeat,0.5,10,specimen_10,40,270,1.0,0.35739796609641755,0.9091570894401491
familiar,selection,reverse,conditions_only,repeat,0.5,10,specimen_10,40,315,0.5,0.2938756253440678,1.1822132496035966
familiar,selection,reverse,conditions_only,repeat,0.5,10,specimen_10,40,315,1.0,0.2989495166084023,0.5854568694205919
familiar,selection,reverse,conditions_only,repeat,0.5,10,specimen_10,60,0,0.5,0.5775332241377199,0.19448087673779457
familiar,selection,reverse,conditions_only,repeat,0.5,10,specimen_10,60,0,1.0,0.5178572030240771,0.10491832319891303
familiar,selection,reverse,conditions_only,repeat,0.5,10,specimen_10,60,45,0.5,0.32205651342540703,0.7867451555634264
familiar,selection,reverse,conditions_only,repeat,0.5,10,specimen_10,60,45,1.0,0.3720512334241833,0.8687772293066038
familiar,selection,reverse,conditions_only,repeat,0.5,10,specimen_10,60,90,0.5,0.415105810411706,1.1795564986916198
familiar,selection,reverse,conditions_only,repeat,0.5,10,specimen_10,60,90,1.0,0.4269768987351841,1.369474441249404
familiar,selection,reverse,conditions_only,repeat,0.5,10,specimen_10,60,135,0.5,0.4605982226325205,1.1803175834198054
familiar,selection,reverse,conditions_only,repeat,0.5,10,specimen_10,60,135,1.0,0.4812749519505621,1.2157938209029928
familiar,selection,reverse,conditions_only,repeat,0.5,10,specimen_10,60,180,0.5,0.4581443530066367,0.07354292079068947
familiar,selection,reverse,conditions_only,repeat,0.5,10,specimen_10,60,180,1.0,0.49254786434035785,0.058608655852689595
familiar,selection,reverse,conditions_only,repeat,0.5,10,specimen_10,60,225,0.5,0.3321616005208478,0.9278271121071069
familiar,selection,reverse,conditions_only,repeat,0.5,10,specimen_10,60,225,1.0,0.3718474073732006,0.9116922586725213
familiar,selection,reverse,conditions_only,repeat,0.5,10,specimen_10,60,270,0.5,0.39754431804577717,1.2149939025147605
familiar,selection,reverse,conditions_only,repeat,0.5,10,specimen_10,60,270,1.0,0.4151977670774863,1.0111706832298788
familiar,selection,reverse,conditions_only,repeat,0.5,10,specimen_10,60,315,0.5,0.4077296132703186,0.6765693638509178
familiar,selection,reverse,conditions_only,repeat,0.5,10,specimen_10,60,315,1.0,0.3914966702150024,0.8353835922499461
familiar,selection,reverse,conditions_only,repeat,0.5,57,specimen_57,20,0,1.0,0.5586539371287298,0.34997809339292146
familiar,selection,reverse,conditions_only,repeat,0.5,57,specimen_57,20,45,0.5,0.39716887603512613,0.09592614373619801
familiar,selection,reverse,conditions_only,repeat,0.5,57,specimen_57,20,45,1.0,0.4274549940117273,0.0646443961635399
familiar,selection,reverse,conditions_only,repeat,0.5,57,specimen_57,20,90,0.5,0.4066423701915052,0.11066070156775643
familiar,selection,reverse,conditions_only,repeat,0.5,57,specimen_57,20,90,1.0,0.45067015439206287,0.06060261991589111
familiar,selection,reverse,conditions_only,repeat,0.5,57,specimen_57,20,135,0.5,0.3135171501289422,0.14297334114789678
familiar,selection,reverse,conditions_only,repeat,0.5,57,specimen_57,20,135,1.0,0.37759691432866344,0.09094211650815798
familiar,selection,reverse,conditions_only,repeat,0.5,57,specimen_57,20,180,0.5,0.47167244789097573,0.2210464904037058
familiar,selection,reverse,conditions_only,repeat,0.5,57,specimen_57,20,180,1.0,0.5300403107676527,0.23277189132932727
familiar,selection,reverse,conditions_only,repeat,0.5,57,specimen_57,20,225,0.5,0.2827268762737453,0.19536131973264131
familiar,selection,reverse,conditions_only,repeat,0.5,57,specimen_57,20,225,1.0,0.30578927534955275,0.16572800117834408
familiar,selection,reverse,conditions_only,repeat,0.5,57,specimen_57,20,270,0.5,0.43058058045824965,0.09480747686215124
familiar,selection,reverse,conditions_only,repeat,0.5,57,specimen_57,20,270,1.0,0.3308752077519456,0.17150781017765337
familiar,selection,reverse,conditions_only,repeat,0.5,57,specimen_57,20,315,0.5,0.34548372863687854,0.15866029312818997
familiar,selection,reverse,conditions_only,repeat,0.5,57,specimen_57,20,315,1.0,0.37394970788329335,0.036329448297806044
familiar,selection,reverse,conditions_only,repeat,0.5,57,specimen_57,40,45,0.5,0.41959648250339415,0.2355722704581067
familiar,selection,reverse,conditions_only,repeat,0.5,57,specimen_57,40,45,1.0,0.3969876977538256,0.17790293822112724
familiar,selection,reverse,conditions_only,repeat,0.5,57,specimen_57,40,90,1.0,0.37369382565806,1.3105742222589218
familiar,selection,reverse,conditions_only,repeat,0.5,57,specimen_57,40,135,0.5,0.3854578282128545,0.7813459080349261
familiar,selection,reverse,conditions_only,repeat,0.5,57,specimen_57,40,135,1.0,0.4067805495636551,0.5910641456728619
familiar,selection,reverse,conditions_only,repeat,0.5,57,specimen_57,40,180,0.5,0.546771163765395,0.1454356318352505
familiar,selection,reverse,conditions_only,repeat,0.5,57,specimen_57,40,180,1.0,0.5051037058403567,0.16436663059571738
familiar,selection,reverse,conditions_only,repeat,0.5,57,specimen_57,40,225,0.5,0.3874788133360205,0.592067226477668
familiar,selection,reverse,conditions_only,repeat,0.5,57,specimen_57,40,225,1.0,0.34214868651317737,0.4459087525714349
familiar,selection,reverse,conditions_only,repeat,0.5,57,specimen_57,40,270,0.5,0.3435231603602491,1.7136500396996008
familiar,selection,reverse,conditions_only,repeat,0.5,57,specimen_57,40,270,1.0,0.3588414577152423,1.591264432540733
familiar,selection,reverse,conditions_only,repeat,0.5,57,specimen_57,40,315,0.5,0.38913152723292704,1.5457538868283809
familiar,selection,reverse,conditions_only,repeat,0.5,57,specimen_57,40,315,1.0,0.4543169867773325,1.0487043831398235
familiar,selection,reverse,conditions_only,repeat,0.5,57,specimen_57,60,0,0.5,0.8726974318683874,0.6573751962274392
familiar,selection,reverse,conditions_only,repeat,0.5,57,specimen_57,60,0,1.0,0.825956634268481,0.6882237853818682
familiar,selection,reverse,conditions_only,repeat,0.5,57,specimen_57,60,45,0.5,0.36224528242259585,0.8329860168268204
familiar,selection,reverse,conditions_only,repeat,0.5,57,specimen_57,60,45,1.0,0.36013547318231204,0.6621565154608506
familiar,selection,reverse,conditions_only,repeat,0.5,57,specimen_57,60,90,0.5,0.3598430541045932,0.9799971640781511
familiar,selection,reverse,conditions_only,repeat,0.5,57,specimen_57,60,90,1.0,0.3678867170921314,1.0170738426577954
familiar,selection,reverse,conditions_only,repeat,0.5,57,specimen_57,60,135,0.5,0.3928198813556539,1.4007531289303314
familiar,selection,reverse,conditions_only,repeat,0.5,57,specimen_57,60,135,1.0,0.41933855538476283,1.2989688257027314
familiar,selection,reverse,conditions_only,repeat,0.5,57,specimen_57,60,180,0.5,0.5989793541004752,0.3511115856020436
familiar,selection,reverse,conditions_only,repeat,0.5,57,specimen_57,60,180,1.0,0.6159756188857154,0.34783012270621533
familiar,selection,reverse,conditions_only,repeat,0.5,57,specimen_57,60,225,0.5,0.3297896185430969,1.292296472911901
familiar,selection,reverse,conditions_only,repeat,0.5,57,specimen_57,60,225,1.0,0.35285646562088785,0.9978499347313414
familiar,selection,reverse,conditions_only,repeat,0.5,57,specimen_57,60,270,0.5,0.37293736894704915,1.3036149350718738
familiar,selection,reverse,conditions_only,repeat,0.5,57,specimen_57,60,270,1.0,0.3680430063326912,1.0483686063110862
familiar,selection,reverse,conditions_only,repeat,0.5,57,specimen_57,60,315,0.5,0.2835225111976263,1.386285071123672
familiar,selection,reverse,conditions_only,repeat,0.5,57,specimen_57,60,315,1.0,0.32550438410392263,1.406262594749216
familiar,selection,reverse,conditions_only,single,0.5,10,specimen_10,20,0,1.0,0.3522963036807532,0.21724261906145947
familiar,selection,reverse,conditions_only,single,0.5,10,specimen_10,20,45,0.5,0.18020448827373114,0.16280000765518698
familiar,selection,reverse,conditions_only,single,0.5,10,specimen_10,20,45,1.0,0.26555386092198185,0.09924189102050085
familiar,selection,reverse,conditions_only,single,0.5,10,specimen_10,20,90,0.5,0.3845917916073737,0.13446236436587444
familiar,selection,reverse,conditions_only,single,0.5,10,specimen_10,20,90,1.0,0.3102785419007136,0.24016959960936946
familiar,selection,reverse,conditions_only,single,0.5,10,specimen_10,20,135,0.5,0.21818502507638024,0.23603295936158858
familiar,selection,reverse,conditions_only,single,0.5,10,specimen_10,20,135,1.0,0.21831379342060772,0.18301295060610068
familiar,selection,reverse,conditions_only,single,0.5,10,specimen_10,20,180,0.5,0.2752045255526066,0.045727016870195814
familiar,selection,reverse,conditions_only,single,0.5,10,specimen_10,20,180,1.0,0.2727867287599943,0.06150021859566124
familiar,selection,reverse,conditions_only,single,0.5,10,specimen_10,20,225,0.5,0.18199205026511697,0.28625792056397253
familiar,selection,reverse,conditions_only,single,0.5,10,specimen_10,20,225,1.0,0.22845461660460134,0.24961667940987187
familiar,selection,reverse,conditions_only,single,0.5,10,specimen_10,20,270,0.5,0.2868890010759677,0.22230293499999115
familiar,selection,reverse,conditions_only,single,0.5,10,specimen_10,20,270,1.0,0.24777670357132683,0.38011807923480256
familiar,selection,reverse,conditions_only,single,0.5,10,specimen_10,20,315,0.5,0.18808102520361536,0.2848465564059792
familiar,selection,reverse,conditions_only,single,0.5,10,specimen_10,20,315,1.0,0.23236198966960064,0.4123813420865208
familiar,selection,reverse,conditions_only,single,0.5,10,specimen_10,40,45,0.5,0.21923943627843165,0.42844595808726393
familiar,selection,reverse,conditions_only,single,0.5,10,specimen_10,40,45,1.0,0.19776050215752874,0.3984298952599571
familiar,selection,reverse,conditions_only,single,0.5,10,specimen_10,40,90,1.0,0.43995565454161073,1.5392368500202922
familiar,selection,reverse,conditions_only,single,0.5,10,specimen_10,40,135,0.5,0.3322760005042217,0.9140939109705029
familiar,selection,reverse,conditions_only,single,0.5,10,specimen_10,40,135,1.0,0.23898295369212486,0.6567871736974545
familiar,selection,reverse,conditions_only,single,0.5,10,specimen_10,40,180,0.5,0.4276783954104633,0.014261537909460165
familiar,selection,reverse,conditions_only,single,0.5,10,specimen_10,40,180,1.0,0.42358953704421576,0.10950035446927131
familiar,selection,reverse,conditions_only,single,0.5,10,specimen_10,40,225,0.5,0.24102741716063283,0.7332414531787784
familiar,selection,reverse,conditions_only,single,0.5,10,specimen_10,40,225,1.0,0.25500984182557823,0.48765819020324264
familiar,selection,reverse,conditions_only,single,0.5,10,specimen_10,40,270,0.5,0.3639498772281114,1.2475949383080107
familiar,selection,reverse,conditions_only,single,0.5,10,specimen_10,40,270,1.0,0.35739796609641755,0.9091570894401491
familiar,selection,reverse,conditions_only,single,0.5,10,specimen_10,40,315,0.5,0.2938756253440678,1.1822132496035966
familiar,selection,reverse,conditions_only,single,0.5,10,specimen_10,40,315,1.0,0.2989495166084023,0.5854568694205919
familiar,selection,reverse,conditions_only,single,0.5,10,specimen_10,60,0,0.5,0.5775332241377199,0.19448087673779457
familiar,selection,reverse,conditions_only,single,0.5,10,specimen_10,60,0,1.0,0.5178572030240771,0.10491832319891303
familiar,selection,reverse,conditions_only,single,0.5,10,specimen_10,60,45,0.5,0.32205651342540703,0.7867451555634264
familiar,selection,reverse,conditions_only,single,0.5,10,specimen_10,60,45,1.0,0.3720512334241833,0.8687772293066038
familiar,selection,reverse,conditions_only,single,0.5,10,specimen_10,60,90,0.5,0.415105810411706,1.1795564986916198
familiar,selection,reverse,conditions_only,single,0.5,10,specimen_10,60,90,1.0,0.4269768987351841,1.369474441249404
familiar,selection,reverse,conditions_only,single,0.5,10,specimen_10,60,135,0.5,0.4605982226325205,1.1803175834198054
familiar,selection,reverse,conditions_only,single,0.5,10,specimen_10,60,135,1.0,0.4812749519505621,1.2157938209029928
familiar,selection,reverse,conditions_only,single,0.5,10,specimen_10,60,180,0.5,0.4581443530066367,0.07354292079068947
familiar,selection,reverse,conditions_only,single,0.5,10,specimen_10,60,180,1.0,0.49254786434035785,0.058608655852689595
familiar,selection,reverse,conditions_only,single,0.5,10,specimen_10,60,225,0.5,0.3321616005208478,0.9278271121071069
familiar,selection,reverse,conditions_only,single,0.5,10,specimen_10,60,225,1.0,0.3718474073732006,0.9116922586725213
familiar,selection,reverse,conditions_only,single,0.5,10,specimen_10,60,270,0.5,0.39754431804577717,1.2149939025147605
familiar,selection,reverse,conditions_only,single,0.5,10,specimen_10,60,270,1.0,0.4151977670774863,1.0111706832298788
familiar,selection,reverse,conditions_only,single,0.5,10,specimen_10,60,315,0.5,0.4077296132703186,0.6765693638509178
familiar,selection,reverse,conditions_only,single,0.5,10,specimen_10,60,315,1.0,0.3914966702150024,0.8353835922499461
familiar,selection,reverse,conditions_only,single,0.5,57,specimen_57,20,0,1.0,0.5586539371287298,0.34997809339292146
familiar,selection,reverse,conditions_only,single,0.5,57,specimen_57,20,45,0.5,0.39716887603512613,0.09592614373619801
familiar,selection,reverse,conditions_only,single,0.5,57,specimen_57,20,45,1.0,0.4274549940117273,0.0646443961635399
familiar,selection,reverse,conditions_only,single,0.5,57,specimen_57,20,90,0.5,0.4066423701915052,0.11066070156775643
familiar,selection,reverse,conditions_only,single,0.5,57,specimen_57,20,90,1.0,0.45067015439206287,0.06060261991589111
familiar,selection,reverse,conditions_only,single,0.5,57,specimen_57,20,135,0.5,0.3135171501289422,0.14297334114789678
familiar,selection,reverse,conditions_only,single,0.5,57,specimen_57,20,135,1.0,0.37759691432866344,0.09094211650815798
familiar,selection,reverse,conditions_only,single,0.5,57,specimen_57,20,180,0.5,0.47167244789097573,0.2210464904037058
familiar,selection,reverse,conditions_only,single,0.5,57,specimen_57,20,180,1.0,0.5300403107676527,0.23277189132932727
familiar,selection,reverse,conditions_only,single,0.5,57,specimen_57,20,225,0.5,0.2827268762737453,0.19536131973264131
familiar,selection,reverse,conditions_only,single,0.5,57,specimen_57,20,225,1.0,0.30578927534955275,0.16572800117834408
familiar,selection,reverse,conditions_only,single,0.5,57,specimen_57,20,270,0.5,0.43058058045824965,0.09480747686215124
familiar,selection,reverse,conditions_only,single,0.5,57,specimen_57,20,270,1.0,0.3308752077519456,0.17150781017765337
familiar,selection,reverse,conditions_only,single,0.5,57,specimen_57,20,315,0.5,0.34548372863687854,0.15866029312818997
familiar,selection,reverse,conditions_only,single,0.5,57,specimen_57,20,315,1.0,0.37394970788329335,0.036329448297806044
familiar,selection,reverse,conditions_only,single,0.5,57,specimen_57,40,45,0.5,0.41959648250339415,0.2355722704581067
familiar,selection,reverse,conditions_only,single,0.5,57,specimen_57,40,45,1.0,0.3969876977538256,0.17790293822112724
familiar,selection,reverse,conditions_only,single,0.5,57,specimen_57,40,90,1.0,0.37369382565806,1.3105742222589218
familiar,selection,reverse,conditions_only,single,0.5,57,specimen_57,40,135,0.5,0.3854578282128545,0.7813459080349261
familiar,selection,reverse,conditions_only,single,0.5,57,specimen_57,40,135,1.0,0.4067805495636551,0.5910641456728619
familiar,selection,reverse,conditions_only,single,0.5,57,specimen_57,40,180,0.5,0.546771163765395,0.1454356318352505
familiar,selection,reverse,conditions_only,single,0.5,57,specimen_57,40,180,1.0,0.5051037058403567,0.16436663059571738
familiar,selection,reverse,conditions_only,single,0.5,57,specimen_57,40,225,0.5,0.3874788133360205,0.592067226477668
familiar,selection,reverse,conditions_only,single,0.5,57,specimen_57,40,225,1.0,0.34214868651317737,0.4459087525714349
familiar,selection,reverse,conditions_only,single,0.5,57,specimen_57,40,270,0.5,0.3435231603602491,1.7136500396996008
familiar,selection,reverse,conditions_only,single,0.5,57,specimen_57,40,270,1.0,0.3588414577152423,1.591264432540733
familiar,selection,reverse,conditions_only,single,0.5,57,specimen_57,40,315,0.5,0.38913152723292704,1.5457538868283809
familiar,selection,reverse,conditions_only,single,0.5,57,specimen_57,40,315,1.0,0.4543169867773325,1.0487043831398235
familiar,selection,reverse,conditions_only,single,0.5,57,specimen_57,60,0,0.5,0.8726974318683874,0.6573751962274392
familiar,selection,reverse,conditions_only,single,0.5,57,specimen_57,60,0,1.0,0.825956634268481,0.6882237853818682
familiar,selection,reverse,conditions_only,single,0.5,57,specimen_57,60,45,0.5,0.36224528242259585,0.8329860168268204
familiar,selection,reverse,conditions_only,single,0.5,57,specimen_57,60,45,1.0,0.36013547318231204,0.6621565154608506
familiar,selection,reverse,conditions_only,single,0.5,57,specimen_57,60,90,0.5,0.3598430541045932,0.9799971640781511
familiar,selection,reverse,conditions_only,single,0.5,57,specimen_57,60,90,1.0,0.3678867170921314,1.0170738426577954
familiar,selection,reverse,conditions_only,single,0.5,57,specimen_57,60,135,0.5,0.3928198813556539,1.4007531289303314
familiar,selection,reverse,conditions_only,single,0.5,57,specimen_57,60,135,1.0,0.41933855538476283,1.2989688257027314
familiar,selection,reverse,conditions_only,single,0.5,57,specimen_57,60,180,0.5,0.5989793541004752,0.3511115856020436
familiar,selection,reverse,conditions_only,single,0.5,57,specimen_57,60,180,1.0,0.6159756188857154,0.34783012270621533
familiar,selection,reverse,conditions_only,single,0.5,57,specimen_57,60,225,0.5,0.3297896185430969,1.292296472911901
familiar,selection,reverse,conditions_only,single,0.5,57,specimen_57,60,225,1.0,0.35285646562088785,0.9978499347313414
familiar,selection,reverse,conditions_only,single,0.5,57,specimen_57,60,270,0.5,0.37293736894704915,1.3036149350718738
familiar,selection,reverse,conditions_only,single,0.5,57,specimen_57,60,270,1.0,0.3680430063326912,1.0483686063110862
familiar,selection,reverse,conditions_only,single,0.5,57,specimen_57,60,315,0.5,0.2835225111976263,1.386285071123672
familiar,selection,reverse,conditions_only,single,0.5,57,specimen_57,60,315,1.0,0.32550438410392263,1.406262594749216
familiar,selection,reverse,copy,direction,0.5,10,specimen_10,20,0,1.0,0.8043237560377845,1.2172078076376074
familiar,selection,reverse,copy,direction,0.5,10,specimen_10,20,45,0.5,0.5952033813838647,0.8481184707451138
familiar,selection,reverse,copy,direction,0.5,10,specimen_10,20,45,1.0,0.6842933865680781,0.9035453080358766
familiar,selection,reverse,copy,direction,0.5,10,specimen_10,20,90,0.5,0.8066830498520007,0.9284220251680544
familiar,selection,reverse,copy,direction,0.5,10,specimen_10,20,90,1.0,0.6590498033751617,0.8130960415553481
familiar,selection,reverse,copy,direction,0.5,10,specimen_10,20,135,0.5,0.572716611983454,0.8905404808390672
familiar,selection,reverse,copy,direction,0.5,10,specimen_10,20,135,1.0,0.6140720564001961,0.9337003515388709
familiar,selection,reverse,copy,direction,0.5,10,specimen_10,20,180,0.5,0.7681724455155212,1.2141930529328393
familiar,selection,reverse,copy,direction,0.5,10,specimen_10,20,180,1.0,0.7330744285761678,1.221146189732098
familiar,selection,reverse,copy,direction,0.5,10,specimen_10,20,225,0.5,0.7231720227604583,0.8827923916211488
familiar,selection,reverse,copy,direction,0.5,10,specimen_10,20,225,1.0,0.7314460160688038,0.9117133245413646
familiar,selection,reverse,copy,direction,0.5,10,specimen_10,20,270,0.5,0.7562245261325898,0.9026942582498065
familiar,selection,reverse,copy,direction,0.5,10,specimen_10,20,270,1.0,0.6209685894072506,0.737767890983245
familiar,selection,reverse,copy,direction,0.5,10,specimen_10,20,315,0.5,0.6198973511143065,0.7718384610309137
familiar,selection,reverse,copy,direction,0.5,10,specimen_10,20,315,1.0,0.7607424402405308,0.6375417900134344
familiar,selection,reverse,copy,direction,0.5,10,specimen_10,40,45,0.5,0.34581160447578324,0.4288051211477808
familiar,selection,reverse,copy,direction,0.5,10,specimen_10,40,45,1.0,0.30075930506948956,0.44588219793794037
familiar,selection,reverse,copy,direction,0.5,10,specimen_10,40,90,1.0,0.2877773834532491,0.6328421020943487
familiar,selection,reverse,copy,direction,0.5,10,specimen_10,40,135,0.5,0.3921912781165704,0.08554866600566946
familiar,selection,reverse,copy,direction,0.5,10,specimen_10,40,135,1.0,0.40751293867833543,0.3280634539194678
familiar,selection,reverse,copy,direction,0.5,10,specimen_10,40,180,0.5,0.5995460481935712,1.065808268687396
familiar,selection,reverse,copy,direction,0.5,10,specimen_10,40,180,1.0,0.5120554641880602,0.9286467885261914
familiar,selection,reverse,copy,direction,0.5,10,specimen_10,40,225,0.5,0.46587775162675876,0.3181808764298224
familiar,selection,reverse,copy,direction,0.5,10,specimen_10,40,225,1.0,0.4373970187633618,0.5516507471410237
familiar,selection,reverse,copy,direction,0.5,10,specimen_10,40,270,0.5,0.40499675222354403,0.2521074366177576
familiar,selection,reverse,copy,direction,0.5,10,specimen_10,40,270,1.0,0.35392787572347184,0.07473541084664315
familiar,selection,reverse,copy,direction,0.5,10,specimen_10,40,315,0.5,0.41995048139452695,0.27102624677472
familiar,selection,reverse,copy,direction,0.5,10,specimen_10,40,315,1.0,0.364123361149754,0.31438597921478806
familiar,selection,reverse,copy,direction,0.5,10,specimen_10,60,0,0.5,0.5483167457574655,0.8209351996311256
familiar,selection,reverse,copy,direction,0.5,10,specimen_10,60,0,1.0,0.49799693040108156,0.7129518235848096
familiar,selection,reverse,copy,direction,0.5,10,specimen_10,60,45,0.5,0.31878980291141984,0.15133212462135104
familiar,selection,reverse,copy,direction,0.5,10,specimen_10,60,45,1.0,0.34312879037441957,0.2533016806058508
familiar,selection,reverse,copy,direction,0.5,10,specimen_10,60,90,0.5,0.5045150931778987,0.4631807176273104
familiar,selection,reverse,copy,direction,0.5,10,specimen_10,60,90,1.0,0.4883538293159227,0.6749254214152578
familiar,selection,reverse,copy,direction,0.5,10,specimen_10,60,135,0.5,0.3400359455407811,0.3641026143221693
familiar,selection,reverse,copy,direction,0.5,10,specimen_10,60,135,1.0,0.3872270608857993,0.4213658334050385
familiar,selection,reverse,copy,direction,0.5,10,specimen_10,60,180,0.5,0.5768167928234803,0.9555312339889634
familiar,selection,reverse,copy,direction,0.5,10,specimen_10,60,180,1.0,0.5624120326883956,0.8034335138663666
familiar,selection,reverse,copy,direction,0.5,10,specimen_10,60,225,0.5,0.3660699719745341,0.04765292977150959
familiar,selection,reverse,copy,direction,0.5,10,specimen_10,60,225,1.0,0.3879674910843483,0.050015139933482056
familiar,selection,reverse,copy,direction,0.5,10,specimen_10,60,270,0.5,0.5318638093293985,0.4082886890548363
familiar,selection,reverse,copy,direction,0.5,10,specimen_10,60,270,1.0,0.470272838097663,0.22268782911446405
familiar,selection,reverse,copy,direction,0.5,10,specimen_10,60,315,0.5,0.3116497155814031,0.023094072373348595
familiar,selection,reverse,copy,direction,0.5,10,specimen_10,60,315,1.0,0.34545053238602513,0.15390951640772443
familiar,selection,reverse,copy,direction,0.5,57,specimen_57,20,0,1.0,0.7530135140938876,1.2413154130167663
familiar,selection,reverse,copy,direction,0.5,57,specimen_57,20,45,0.5,0.5603057002904018,0.8063644657117998
familiar,selection,reverse,copy,direction,0.5,57,specimen_57,20,45,1.0,0.5733517592728042,0.8295149339405345
familiar,selection,reverse,copy,direction,0.5,57,specimen_57,20,90,0.5,0.5240325320550809,0.8435958190138694
familiar,selection,reverse,copy,direction,0.5,57,specimen_57,20,90,1.0,0.5673931318181012,0.8840351522965234
familiar,selection,reverse,copy,direction,0.5,57,specimen_57,20,135,0.5,0.5310528106275695,0.874972230100456
familiar,selection,reverse,copy,direction,0.5,57,specimen_57,20,135,1.0,0.5847399676608823,0.9171433166845105
familiar,selection,reverse,copy,direction,0.5,57,specimen_57,20,180,0.5,0.8283111739902266,1.2808846575140465
familiar,selection,reverse,copy,direction,0.5,57,specimen_57,20,180,1.0,0.8418663361021886,1.2837899935134611
familiar,selection,reverse,copy,direction,0.5,57,specimen_57,20,225,0.5,0.5386760466846002,0.8650611235001769
familiar,selection,reverse,copy,direction,0.5,57,specimen_57,20,225,1.0,0.5621714901572623,0.8869741338205893
familiar,selection,reverse,copy,direction,0.5,57,specimen_57,20,270,0.5,0.6908547288493012,0.9215618474353434
familiar,selection,reverse,copy,direction,0.5,57,specimen_57,20,270,1.0,0.5632941087907591,0.8377502910880912
familiar,selection,reverse,copy,direction,0.5,57,specimen_57,20,315,0.5,0.6087498719236654,0.7893968553563999
familiar,selection,reverse,copy,direction,0.5,57,specimen_57,20,315,1.0,0.6017555146063739,0.9049658148498461
familiar,selection,reverse,copy,direction,0.5,57,specimen_57,40,45,0.5,0.45467804778764864,0.513050939824635
familiar,selection,reverse,copy,direction,0.5,57,specimen_57,40,45,1.0,0.4157445659805892,0.5577812860244672
familiar,selection,reverse,copy,direction,0.5,57,specimen_57,40,90,1.0,0.20616822278005106,0.5128073432852813
familiar,selection,reverse,copy,direction,0.5,57,specimen_57,40,135,0.5,0.44918045569245485,0.10966879998894319
familiar,selection,reverse,copy,direction,0.5,57,specimen_57,40,135,1.0,0.48360577463185406,0.2851586129917574
familiar,selection,reverse,copy,direction,0.5,57,specimen_57,40,180,0.5,0.6842810068004949,1.088354493660883
familiar,selection,reverse,copy,direction,0.5,57,specimen_57,40,180,1.0,0.6565301126079007,1.0938859046388771
familiar,selection,reverse,copy,direction,0.5,57,specimen_57,40,225,0.5,0.5651806371502085,0.35072723417862983
familiar,selection,reverse,copy,direction,0.5,57,specimen_57,40,225,1.0,0.4958891787824434,0.4847723158205284
familiar,selection,reverse,copy,direction,0.5,57,specimen_57,40,270,0.5,0.19505221471924186,0.8267904069616507
familiar,selection,reverse,copy,direction,0.5,57,specimen_57,40,270,1.0,0.2007309456055917,0.7159998012062438
familiar,selection,reverse,copy,direction,0.5,57,specimen_57,40,315,0.5,0.5153582044296127,0.7431947529518073
familiar,selection,reverse,copy,direction,0.5,57,specimen_57,40,315,1.0,0.5567457059972929,0.25748940345674654
familiar,selection,reverse,copy,direction,0.5,57,specimen_57,60,0,0.5,0.7927438848660143,1.1752016501684672
familiar,selection,reverse,copy,direction,0.5,57,specimen_57,60,0,1.0,0.7564527443960342,1.1876294168154617
familiar,selection,reverse,copy,direction,0.5,57,specimen_57,60,45,0.5,0.4022530580495962,0.30620085483704806
familiar,selection,reverse,copy,direction,0.5,57,specimen_57,60,45,1.0,0.3841606200070285,0.15530883571240062
familiar,selection,reverse,copy,direction,0.5,57,specimen_57,60,90,0.5,0.46061029835251266,0.37224925196614467
familiar,selection,reverse,copy,direction,0.5,57,specimen_57,60,90,1.0,0.49965556579336096,0.4311526917759523
familiar,selection,reverse,copy,direction,0.5,57,specimen_57,60,135,0.5,0.39936758429517666,0.6931660287849983
familiar,selection,reverse,copy,direction,0.5,57,specimen_57,60,135,1.0,0.39690117757785437,0.6131687071570802
familiar,selection,reverse,copy,direction,0.5,57,specimen_57,60,180,0.5,0.6329927124811471,1.1244720298480146
familiar,selection,reverse,copy,direction,0.5,57,specimen_57,60,180,1.0,0.6475715497603981,1.1012444234729686
familiar,selection,reverse,copy,direction,0.5,57,specimen_57,60,225,0.5,0.366514646850345,0.5207501595286068
familiar,selection,reverse,copy,direction,0.5,57,specimen_57,60,225,1.0,0.35675511612990185,0.24480068494460516
familiar,selection,reverse,copy,direction,0.5,57,specimen_57,60,270,0.5,0.4622862727517574,0.6055375905642528
familiar,selection,reverse,copy,direction,0.5,57,specimen_57,60,270,1.0,0.45948346680533764,0.36851362114797426
familiar,selection,reverse,copy,direction,0.5,57,specimen_57,60,315,0.5,0.3375280920243118,0.7952495038517087
familiar,selection,reverse,copy,direction,0.5,57,specimen_57,60,315,1.0,0.3298390915236806,0.8334163878592975
familiar,selection,reverse,copy,repeat,0.5,10,specimen_10,20,0,1.0,0.5452766741608572,0.38987663307925524
familiar,selection,reverse,copy,repeat,0.5,10,specimen_10,20,45,0.5,0.6529431506856637,0.020787296186761672
familiar,selection,reverse,copy,repeat,0.5,10,specimen_10,20,45,1.0,0.6858280750089243,0.07621413347752448
familiar,selection,reverse,copy,repeat,0.5,10,specimen_10,20,90,0.5,0.861549755851414,0.10109085060970224
familiar,selection,reverse,copy,repeat,0.5,10,specimen_10,20,90,1.0,0.7725720192280697,0.014235133003004052
familiar,selection,reverse,copy,repeat,0.5,10,specimen_10,20,135,0.5,0.6389365790718926,0.06320930628071508
familiar,selection,reverse,copy,repeat,0.5,10,specimen_10,20,135,1.0,0.6517992604224104,0.10636917698051873
familiar,selection,reverse,copy,repeat,0.5,10,specimen_10,20,180,0.5,0.5164674948136325,0.38686187837448727
familiar,selection,reverse,copy,repeat,0.5,10,specimen_10,20,180,1.0,0.48369658419435574,0.39381501517374595
familiar,selection,reverse,copy,repeat,0.5,10,specimen_10,20,225,0.5,0.6498325249624574,0.05546121706279661
familiar,selection,reverse,copy,repeat,0.5,10,specimen_10,20,225,1.0,0.6689105124039721,0.08438214998301241
familiar,selection,reverse,copy,repeat,0.5,10,specimen_10,20,270,0.5,0.82717289255805,0.07536308369145439
familiar,selection,reverse,copy,repeat,0.5,10,specimen_10,20,270,1.0,0.7754396247593341,0.08956328357510712
familiar,selection,reverse,copy,repeat,0.5,10,specimen_10,20,315,0.5,0.6535018089738204,0.05549271352743845
familiar,selection,reverse,copy,repeat,0.5,10,specimen_10,20,315,1.0,0.7279039557048216,0.18978938454491778
familiar,selection,reverse,copy,repeat,0.5,10,specimen_10,40,45,0.5,0.49954500731821977,0.39852605341057135
familiar,selection,reverse,copy,repeat,0.5,10,specimen_10,40,45,1.0,0.4823515025625811,0.3814489766204118
familiar,selection,reverse,copy,repeat,0.5,10,specimen_10,40,90,1.0,0.7091695625162412,1.460173276652701
familiar,selection,reverse,copy,repeat,0.5,10,specimen_10,40,135,0.5,0.5091951634702392,0.7417825085526827
familiar,selection,reverse,copy,repeat,0.5,10,specimen_10,40,135,1.0,0.5070933178027599,0.49926772063888436
familiar,selection,reverse,copy,repeat,0.5,10,specimen_10,40,180,0.5,0.3389220301347946,0.23847709412904372
familiar,selection,reverse,copy,repeat,0.5,10,specimen_10,40,180,1.0,0.27241577400182376,0.10131561396783928
familiar,selection,reverse,copy,repeat,0.5,10,specimen_10,40,225,0.5,0.5260905321368529,0.5091502981285297
familiar,selection,reverse,copy,repeat,0.5,10,specimen_10,40,225,1.0,0.49817036001666054,0.27568042741732846
familiar,selection,reverse,copy,repeat,0.5,10,specimen_10,40,270,0.5,0.7495273743854355,1.0794386111761098
familiar,selection,reverse,copy,repeat,0.5,10,specimen_10,40,270,1.0,0.7021602534395556,0.752595763711709
familiar,selection,reverse,copy,repeat,0.5,10,specimen_10,40,315,0.5,0.5479696053497177,1.098357421333072
familiar,selection,reverse,copy,repeat,0.5,10,specimen_10,40,315,1.0,0.49689144151090403,0.5129451953435641
familiar,selection,reverse,copy,repeat,0.5,10,specimen_10,60,0,0.5,0.24530134465557904,0.006395974927226544
familiar,selection,reverse,copy,repeat,0.5,10,specimen_10,60,0,1.0,0.2695747237790563,0.11437935097354257
familiar,selection,reverse,copy,repeat,0.5,10,specimen_10,60,45,0.5,0.5404009991563486,0.9786632991797032
familiar,selection,reverse,copy,repeat,0.5,10,specimen_10,60,45,1.0,0.5394441798777657,1.080632855164203
familiar,selection,reverse,copy,repeat,0.5,10,specimen_10,60,90,0.5,0.7653508323609207,1.2905118921856626
familiar,selection,reverse,copy,repeat,0.5,10,specimen_10,60,90,1.0,0.7389949817342659,1.50225659597361
familiar,selection,reverse,copy,repeat,0.5,10,specimen_10,60,135,0.5,0.5635641815876439,1.1914337888805213
familiar,selection,reverse,copy,repeat,0.5,10,specimen_10,60,135,1.0,0.605888546621351,1.2486970079633908
familiar,selection,reverse,copy,repeat,0.5,10,specimen_10,60,180,0.5,0.3508509148889776,0.1282000594306113
familiar,selection,reverse,copy,repeat,0.5,10,specimen_10,60,180,1.0,0.35037990796704316,0.02389766069198551
familiar,selection,reverse,copy,repeat,0.5,10,specimen_10,60,225,0.5,0.492798532196453,0.8749841043298617
familiar,selection,reverse,copy,repeat,0.5,10,specimen_10,60,225,1.0,0.4863903354105514,0.8773463144918342
familiar,selection,reverse,copy,repeat,0.5,10,specimen_10,60,270,0.5,0.7736527592906146,1.2356198636131883
familiar,selection,reverse,copy,repeat,0.5,10,specimen_10,60,270,1.0,0.7172204850629713,1.050019003672816
familiar,selection,reverse,copy,repeat,0.5,10,specimen_10,60,315,0.5,0.5379347203134158,0.8042371021850035
familiar,selection,reverse,copy,repeat,0.5,10,specimen_10,60,315,1.0,0.5241638547431245,0.9812406909660766
familiar,selection,reverse,copy,repeat,0.5,57,specimen_57,20,0,1.0,0.26523808021630474,0.07548318188346692
familiar,selection,reverse,copy,repeat,0.5,57,specimen_57,20,45,0.5,0.4508811742607639,0.35946776542149966
familiar,selection,reverse,copy,repeat,0.5,57,specimen_57,20,45,1.0,0.45619245527521884,0.3363172971927649
familiar,selection,reverse,copy,repeat,0.5,57,specimen_57,20,90,0.5,0.434137946291205,0.32223641211943005
familiar,selection,reverse,copy,repeat,0.5,57,specimen_57,20,90,1.0,0.44444563835365053,0.281797078836776
familiar,selection,reverse,copy,repeat,0.5,57,specimen_57,20,135,0.5,0.46266483536260344,0.29086000103284343
familiar,selection,reverse,copy,repeat,0.5,57,specimen_57,20,135,1.0,0.46624148556789335,0.24868891444878888
familiar,selection,reverse,copy,repeat,0.5,57,specimen_57,20,180,0.5,0.28321884954380544,0.11505242638074695
familiar,selection,reverse,copy,repeat,0.5,57,specimen_57,20,180,1.0,0.280841739646549,0.11795776238016167
familiar,selection,reverse,copy,repeat,0.5,57,specimen_57,20,225,0.5,0.45242640821616337,0.3007711076331225
familiar,selection,reverse,copy,repeat,0.5,57,specimen_57,20,225,1.0,0.4746512350042272,0.2788580973127101
familiar,selection,reverse,copy,repeat,0.5,57,specimen_57,20,270,0.5,0.46632362518184234,0.244270383697956
familiar,selection,reverse,copy,repeat,0.5,57,specimen_57,20,270,1.0,0.4752568579217687,0.32808194004520824
familiar,selection,reverse,copy,repeat,0.5,57,specimen_57,20,315,0.5,0.4630374428082879,0.3764353757768995
familiar,selection,reverse,copy,repeat,0.5,57,specimen_57,20,315,1.0,0.4728597554847899,0.26086641628345336
familiar,selection,reverse,copy,repeat,0.5,57,specimen_57,40,45,0.5,0.5212098295949747,0.6527812913086644
familiar,selection,reverse,copy,repeat,0.5,57,specimen_57,40,45,1.0,0.5350864405926598,0.6080509451088323
familiar,selection,reverse,copy,repeat,0.5,57,specimen_57,40,90,1.0,0.8776951491973585,1.6786395744185807
familiar,selection,reverse,copy,repeat,0.5,57,specimen_57,40,135,0.5,0.5528484507012111,1.0561634311443562
familiar,selection,reverse,copy,repeat,0.5,57,specimen_57,40,135,1.0,0.5518201793532286,0.880673618141542
familiar,selection,reverse,copy,repeat,0.5,57,specimen_57,40,180,0.5,0.24571053388349204,0.07747773747241626
familiar,selection,reverse,copy,repeat,0.5,57,specimen_57,40,180,1.0,0.25960639324753104,0.07194632649442234
familiar,selection,reverse,copy,repeat,0.5,57,specimen_57,40,225,0.5,0.5215047977113407,0.8151049969546695
familiar,selection,reverse,copy,repeat,0.5,57,specimen_57,40,225,1.0,0.5477328515749981,0.681059915312771
familiar,selection,reverse,copy,repeat,0.5,57,specimen_57,40,270,0.5,0.7961035949573025,1.99262263809495
familiar,selection,reverse,copy,repeat,0.5,57,specimen_57,40,270,1.0,0.7786383871340276,1.8818320323395432
familiar,selection,reverse,copy,repeat,0.5,57,specimen_57,40,315,0.5,0.5152715411203289,1.9090269840851066
familiar,selection,reverse,copy,repeat,0.5,57,specimen_57,40,315,1.0,0.489850711267668,1.423321634590046
familiar,selection,reverse,copy,repeat,0.5,57,specimen_57,60,0,0.5,0.2452992133575861,0.009369419035167803
familiar,selection,reverse,copy,repeat,0.5,57,specimen_57,60,0,1.0,0.23373554429845714,0.021797185682162268
familiar,selection,reverse,copy,repeat,0.5,57,specimen_57,60,45,0.5,0.8342403263675902,1.4720330859703474
familiar,selection,reverse,copy,repeat,0.5,57,specimen_57,60,45,1.0,0.8206892280154133,1.3211410668457
familiar,selection,reverse,copy,repeat,0.5,57,specimen_57,60,90,0.5,0.9393869459875054,1.538081483099444
familiar,selection,reverse,copy,repeat,0.5,57,specimen_57,60,90,1.0,0.9648121812589902,1.5969849229092516
familiar,selection,reverse,copy,repeat,0.5,57,specimen_57,60,135,0.5,0.8333597755094143,1.8589982599182977
familiar,selection,reverse,copy,repeat,0.5,57,specimen_57,60,135,1.0,0.8224044304887906,1.7790009382903795
familiar,selection,reverse,copy,repeat,0.5,57,specimen_57,60,180,0.5,0.39421791625301955,0.04136020128528489
familiar,selection,reverse,copy,repeat,0.5,57,specimen_57,60,180,1.0,0.39422651705089184,0.0645878076603309
familiar,selection,reverse,copy,repeat,0.5,57,specimen_57,60,225,0.5,0.7100308907978308,1.6865823906619062
familiar,selection,reverse,copy,repeat,0.5,57,specimen_57,60,225,1.0,0.6920022173919199,1.4106329160779045
familiar,selection,reverse,copy,repeat,0.5,57,specimen_57,60,270,0.5,0.8694295145462573,1.7713698216975522
familiar,selection,reverse,copy,repeat,0.5,57,specimen_57,60,270,1.0,0.7979338772400081,1.5343458522812736
familiar,selection,reverse,copy,repeat,0.5,57,specimen_57,60,315,0.5,0.7604681443635019,1.961081734985008
familiar,selection,reverse,copy,repeat,0.5,57,specimen_57,60,315,1.0,0.7588150944913948,1.9992486189925969
familiar,selection,reverse,copy,single,0.5,10,specimen_10,20,0,1.0,0.5683925823724518,0.4382662514018205
familiar,selection,reverse,copy,single,0.5,10,specimen_10,20,45,0.5,0.670182013979633,0.06917691450932695
familiar,selection,reverse,copy,single,0.5,10,specimen_10,20,45,1.0,0.7027530435545581,0.12460375180008976
familiar,selection,reverse,copy,single,0.5,10,specimen_10,20,90,0.5,0.8776068667871684,0.14948046893226752
familiar,selection,reverse,copy,single,0.5,10,specimen_10,20,90,1.0,0.7935413257336901,0.03415448531956122
familiar,selection,reverse,copy,single,0.5,10,specimen_10,20,135,0.5,0.657155493476803,0.11159892460328036
familiar,selection,reverse,copy,single,0.5,10,specimen_10,20,135,1.0,0.6697679188555817,0.154758795303084
familiar,selection,reverse,copy,single,0.5,10,specimen_10,20,180,0.5,0.5402387481282426,0.43525149669705254
familiar,selection,reverse,copy,single,0.5,10,specimen_10,20,180,1.0,0.5117155508494524,0.44220463349631123
familiar,selection,reverse,copy,single,0.5,10,specimen_10,20,225,0.5,0.6709005224279251,0.10385083538536188
familiar,selection,reverse,copy,single,0.5,10,specimen_10,20,225,1.0,0.6917706781386488,0.1327717683055777
familiar,selection,reverse,copy,single,0.5,10,specimen_10,20,270,0.5,0.8421927249494461,0.12375270201401967
familiar,selection,reverse,copy,single,0.5,10,specimen_10,20,270,1.0,0.7987568531979874,0.04117366525254185
familiar,selection,reverse,copy,single,0.5,10,specimen_10,20,315,0.5,0.6803065222997345,0.007103095204873178
familiar,selection,reverse,copy,single,0.5,10,specimen_10,20,315,1.0,0.7467292470590129,0.1413997662223525
familiar,selection,reverse,copy,single,0.5,10,specimen_10,40,45,0.5,0.5223744548192762,0.35013643508800607
familiar,selection,reverse,copy,single,0.5,10,specimen_10,40,45,1.0,0.5016583086394738,0.3330593582978465
familiar,selection,reverse,copy,single,0.5,10,specimen_10,40,90,1.0,0.7208592271662525,1.4117836583301355
familiar,selection,reverse,copy,single,0.5,10,specimen_10,40,135,0.5,0.5324126933600971,0.6933928902301174
familiar,selection,reverse,copy,single,0.5,10,specimen_10,40,135,1.0,0.534212510029252,0.4508781023163191
familiar,selection,reverse,copy,single,0.5,10,specimen_10,40,180,0.5,0.3574101484618167,0.286866712451609
familiar,selection,reverse,copy,single,0.5,10,specimen_10,40,180,1.0,0.2867622170785012,0.14970523229040456
familiar,selection,reverse,copy,single,0.5,10,specimen_10,40,225,0.5,0.5489917655998089,0.46076067980596447
familiar,selection,reverse,copy,single,0.5,10,specimen_10,40,225,1.0,0.5216330506371204,0.22729080909476318
familiar,selection,reverse,copy,single,0.5,10,specimen_10,40,270,0.5,0.7707206424720473,1.0310489928535445
familiar,selection,reverse,copy,single,0.5,10,specimen_10,40,270,1.0,0.7209598535968905,0.7042061453891437
familiar,selection,reverse,copy,single,0.5,10,specimen_10,40,315,0.5,0.5744613325533529,1.0499678030105069
familiar,selection,reverse,copy,single,0.5,10,specimen_10,40,315,1.0,0.5229900206711257,0.4645555770209988
familiar,selection,reverse,copy,single,0.5,10,specimen_10,60,0,0.5,0.25412048913271823,0.04199364339533873
familiar,selection,reverse,copy,single,0.5,10,specimen_10,60,0,1.0,0.2676810152703352,0.0659897326509773
familiar,selection,reverse,copy,single,0.5,10,specimen_10,60,45,0.5,0.5507959930166827,0.9302736808571379
familiar,selection,reverse,copy,single,0.5,10,specimen_10,60,45,1.0,0.5423378525443675,1.0322432368416377
familiar,selection,reverse,copy,single,0.5,10,specimen_10,60,90,0.5,0.7767801280132272,1.2421222738630973
familiar,selection,reverse,copy,single,0.5,10,specimen_10,60,90,1.0,0.7489415295266629,1.4538669776510447
familiar,selection,reverse,copy,single,0.5,10,specimen_10,60,135,0.5,0.5576316234204889,1.1430441705579562
familiar,selection,reverse,copy,single,0.5,10,specimen_10,60,135,1.0,0.5972898559947304,1.2003073896408254
familiar,selection,reverse,copy,single,0.5,10,specimen_10,60,180,0.5,0.3544358085066243,0.17658967775317658
familiar,selection,reverse,copy,single,0.5,10,specimen_10,60,180,1.0,0.34453072010476493,0.024491957630579764
familiar,selection,reverse,copy,single,0.5,10,specimen_10,60,225,0.5,0.5052917172736339,0.8265944860072965
familiar,selection,reverse,copy,single,0.5,10,specimen_10,60,225,1.0,0.4925554648630966,0.8289566961692689
familiar,selection,reverse,copy,single,0.5,10,specimen_10,60,270,0.5,0.7890218583136073,1.1872302452906232
familiar,selection,reverse,copy,single,0.5,10,specimen_10,60,270,1.0,0.7351354939742599,1.001629385350251
familiar,selection,reverse,copy,single,0.5,10,specimen_10,60,315,0.5,0.5460738667311135,0.7558474838624383
familiar,selection,reverse,copy,single,0.5,10,specimen_10,60,315,1.0,0.5239108035200248,0.9328510726435113
familiar,selection,reverse,copy,single,0.5,57,specimen_57,20,0,1.0,0.28512341488718745,0.08286674516681197
familiar,selection,reverse,copy,single,0.5,57,specimen_57,20,45,0.5,0.46386688031411283,0.3520842021381546
familiar,selection,reverse,copy,single,0.5,57,specimen_57,20,45,1.0,0.46953005350858384,0.3289337339094198
familiar,selection,reverse,copy,single,0.5,57,specimen_57,20,90,0.5,0.4363630703865328,0.314852848836085
familiar,selection,reverse,copy,single,0.5,57,specimen_57,20,90,1.0,0.4448124363772406,0.27441351555343096
familiar,selection,reverse,copy,single,0.5,57,specimen_57,20,135,0.5,0.472372058355708,0.2834764377494984
familiar,selection,reverse,copy,single,0.5,57,specimen_57,20,135,1.0,0.48007905266925094,0.24130535116544383
familiar,selection,reverse,copy,single,0.5,57,specimen_57,20,180,0.5,0.3036983439814723,0.122435989664092
familiar,selection,reverse,copy,single,0.5,57,specimen_57,20,180,1.0,0.30328970962897506,0.12534132566350673
familiar,selection,reverse,copy,single,0.5,57,specimen_57,20,225,0.5,0.46292948053285227,0.29338754434977743
familiar,selection,reverse,copy,single,0.5,57,specimen_57,20,225,1.0,0.48567227101636057,0.27147453402936506
familiar,selection,reverse,copy,single,0.5,57,specimen_57,20,270,0.5,0.4590630669221201,0.23688682041461095
familiar,selection,reverse,copy,single,0.5,57,specimen_57,20,270,1.0,0.4741220914243591,0.3206983767618632
familiar,selection,reverse,copy,single,0.5,57,specimen_57,20,315,0.5,0.4753855771696129,0.36905181249355445
familiar,selection,reverse,copy,single,0.5,57,specimen_57,20,315,1.0,0.4778252733170761,0.2534828530001083
familiar,selection,reverse,copy,single,0.5,57,specimen_57,40,45,0.5,0.5240032925807059,0.6453977280253194
familiar,selection,reverse,copy,single,0.5,57,specimen_57,40,45,1.0,0.5336099073956028,0.6006673818254872
familiar,selection,reverse,copy,single,0.5,57,specimen_57,40,90,1.0,0.8725606830637593,1.6712560111352357
familiar,selection,reverse,copy,single,0.5,57,specimen_57,40,135,0.5,0.5559826193131562,1.0487798678610112
familiar,selection,reverse,copy,single,0.5,57,specimen_57,40,135,1.0,0.5492722115803989,0.873290054858197
familiar,selection,reverse,copy,single,0.5,57,specimen_57,40,180,0.5,0.26347175097332615,0.07009417418907121
familiar,selection,reverse,copy,single,0.5,57,specimen_57,40,180,1.0,0.27968181884935434,0.06456276321107729
familiar,selection,reverse,copy,single,0.5,57,specimen_57,40,225,0.5,0.5209185567145792,0.8077214336713245
familiar,selection,reverse,copy,single,0.5,57,specimen_57,40,225,1.0,0.545243517859945,0.673676352029426
familiar,selection,reverse,copy,single,0.5,57,specimen_57,40,270,0.5,0.7900945964670383,1.985239074811605
familiar,selection,reverse,copy,single,0.5,57,specimen_57,40,270,1.0,0.7753121290131436,1.8744484690561982
familiar,selection,reverse,copy,single,0.5,57,specimen_57,40,315,0.5,0.5194028516249153,1.9016434208017616
familiar,selection,reverse,copy,single,0.5,57,specimen_57,40,315,1.0,0.4865910181610878,1.415938071306701
familiar,selection,reverse,copy,single,0.5,57,specimen_57,60,0,0.5,0.2639493920747488,0.016752982318512855
familiar,selection,reverse,copy,single,0.5,57,specimen_57,60,0,1.0,0.25876583977531226,0.02918074896550732
familiar,selection,reverse,copy,single,0.5,57,specimen_57,60,45,0.5,0.8254658626387453,1.4646495226870024
familiar,selection,reverse,copy,single,0.5,57,specimen_57,60,45,1.0,0.8117033427090844,1.313757503562355
familiar,selection,reverse,copy,single,0.5,57,specimen_57,60,90,0.5,0.9320139822964998,1.530697919816099
familiar,selection,reverse,copy,single,0.5,57,specimen_57,60,90,1.0,0.9591852565360939,1.5896013596259067
familiar,selection,reverse,copy,single,0.5,57,specimen_57,60,135,0.5,0.8242034667127992,1.8516146966349527
familiar,selection,reverse,copy,single,0.5,57,specimen_57,60,135,1.0,0.8129796156378486,1.7716173750070345
familiar,selection,reverse,copy,single,0.5,57,specimen_57,60,180,0.5,0.39894289127079735,0.03397663800193984
familiar,selection,reverse,copy,single,0.5,57,specimen_57,60,180,1.0,0.3982452400434764,0.05720424437698585
familiar,selection,reverse,copy,single,0.5,57,specimen_57,60,225,0.5,0.714638480558234,1.6791988273785612
familiar,selection,reverse,copy,single,0.5,57,specimen_57,60,225,1.0,0.6858458119554532,1.4032493527945595
familiar,selection,reverse,copy,single,0.5,57,specimen_57,60,270,0.5,0.8647176367115538,1.7639862584142072
familiar,selection,reverse,copy,single,0.5,57,specimen_57,60,270,1.0,0.7970341683684016,1.5269622889979286
familiar,selection,reverse,copy,single,0.5,57,specimen_57,60,315,0.5,0.7558015942561438,1.953698171701663
familiar,selection,reverse,copy,single,0.5,57,specimen_57,60,315,1.0,0.7554837171345303,1.9918650557092519
familiar,selection,reverse,encoder,direction,0.5,10,specimen_10,20,0,1.0,0.3702135880788167,0.22439725478742903
familiar,selection,reverse,encoder,direction,0.5,10,specimen_10,20,45,0.5,0.23543511827786764,0.12237580719725911
familiar,selection,reverse,encoder,direction,0.5,10,specimen_10,20,45,1.0,0.29545436302820843,0.059428033779998314
familiar,selection,reverse,encoder,direction,0.5,10,specimen_10,20,90,0.5,0.4610215226809184,0.0459709220199808
familiar,selection,reverse,encoder,direction,0.5,10,specimen_10,20,90,1.0,0.3454202016194661,0.15658361626796788
familiar,selection,reverse,encoder,direction,0.5,10,specimen_10,20,135,0.5,0.21794446309407553,0.12754287635156267
familiar,selection,reverse,encoder,direction,0.5,10,specimen_10,20,135,1.0,0.24092955390612283,0.07902451959854569
familiar,selection,reverse,encoder,direction,0.5,10,specimen_10,20,180,0.5,0.3176643153031667,0.1446774852751004
familiar,selection,reverse,encoder,direction,0.5,10,specimen_10,20,180,1.0,0.3088206946849823,0.1563257160366532
familiar,selection,reverse,encoder,direction,0.5,10,specimen_10,20,225,0.5,0.2159065306186676,0.19820352372467856
familiar,selection,reverse,encoder,direction,0.5,10,specimen_10,20,225,1.0,0.24544035394986471,0.16683371597963706
familiar,selection,reverse,encoder,direction,0.5,10,specimen_10,20,270,0.5,0.3378422458966573,0.1498654039254494
familiar,selection,reverse,encoder,direction,0.5,10,specimen_10,20,270,1.0,0.2643817911545436,0.31285571708426396
familiar,selection,reverse,encoder,direction,0.5,10,specimen_10,20,315,0.5,0.21396279831727347,0.24628663405442566
familiar,selection,reverse,encoder,direction,0.5,10,specimen_10,20,315,1.0,0.2772550831238429,0.37892346518634773
familiar,selection,reverse,encoder,direction,0.5,10,specimen_10,40,45,0.5,0.2106271286805471,0.3713212714636489
familiar,selection,reverse,encoder,direction,0.5,10,specimen_10,40,45,1.0,0.21361165742079416,0.33057576266909977
familiar,selection,reverse,encoder,direction,0.5,10,specimen_10,40,90,1.0,0.4059687654177348,1.3985561584468593
familiar,selection,reverse,encoder,direction,0.5,10,specimen_10,40,135,0.5,0.2551119575897853,0.7667777572397755
familiar,selection,reverse,encoder,direction,0.5,10,specimen_10,40,135,1.0,0.24858573079109192,0.500671572124744
familiar,selection,reverse,encoder,direction,0.5,10,specimen_10,40,180,0.5,0.4218638241291046,0.12895570543521997
familiar,selection,reverse,encoder,direction,0.5,10,specimen_10,40,180,1.0,0.4183323383331299,0.0492254200455707
familiar,selection,reverse,encoder,direction,0.5,10,specimen_10,40,225,0.5,0.20370756586392721,0.634407064881802
familiar,selection,reverse,encoder,direction,0.5,10,specimen_10,40,225,1.0,0.21310333907604218,0.38935373198980255
familiar,selection,reverse,encoder,direction,0.5,10,specimen_10,40,270,0.5,0.3620310326417287,1.1700184432387986
familiar,selection,reverse,encoder,direction,0.5,10,specimen_10,40,270,1.0,0.3270435134569804,0.8246230137853048
familiar,selection,reverse,encoder,direction,0.5,10,specimen_10,40,315,0.5,0.23238838712374368,1.1466111185510959
familiar,selection,reverse,encoder,direction,0.5,10,specimen_10,40,315,1.0,0.23778354128201803,0.5440733497316399
familiar,selection,reverse,encoder,direction,0.5,10,specimen_10,60,0,0.5,0.496369868516922,0.21022505340425293
familiar,selection,reverse,encoder,direction,0.5,10,specimen_10,60,0,1.0,0.46056923270225525,0.2263018549346134
familiar,selection,reverse,encoder,direction,0.5,10,specimen_10,60,45,0.5,0.29769501090049744,0.712197743026072
familiar,selection,reverse,encoder,direction,0.5,10,specimen_10,60,45,1.0,0.32921131948630017,0.784091651317281
familiar,selection,reverse,encoder,direction,0.5,10,specimen_10,60,90,0.5,0.4638887643814087,0.9850468931562387
familiar,selection,reverse,encoder,direction,0.5,10,specimen_10,60,90,1.0,0.4224613308906555,1.157244612601789
familiar,selection,reverse,encoder,direction,0.5,10,specimen_10,60,135,0.5,0.28181685010592145,0.9777530003320402
familiar,selection,reverse,encoder,direction,0.5,10,specimen_10,60,135,1.0,0.3327790250380834,0.991623795674419
familiar,selection,reverse,encoder,direction,0.5,10,specimen_10,60,180,0.5,0.45779210329055786,0.20377786784502452
familiar,selection,reverse,encoder,direction,0.5,10,specimen_10,60,180,1.0,0.47747177879015607,0.1817930059705735
familiar,selection,reverse,encoder,direction,0.5,10,specimen_10,60,225,0.5,0.2712528606255849,0.8322449141793687
familiar,selection,reverse,encoder,direction,0.5,10,specimen_10,60,225,1.0,0.29913152754306793,0.8013950223879931
familiar,selection,reverse,encoder,direction,0.5,10,specimen_10,60,270,0.5,0.40863653024037677,1.1329636935177454
familiar,selection,reverse,encoder,direction,0.5,10,specimen_10,60,270,1.0,0.38241217533747357,0.9178656105023523
familiar,selection,reverse,encoder,direction,0.5,10,specimen_10,60,315,0.5,0.2645835379759471,0.6570850314304572
familiar,selection,reverse,encoder,direction,0.5,10,specimen_10,60,315,1.0,0.29048315684000653,0.8116757849220205
familiar,selection,reverse,encoder,direction,0.5,57,specimen_57,20,0,1.0,0.4411976635456085,0.23043278255522184
familiar,selection,reverse,encoder,direction,0.5,57,specimen_57,20,45,0.5,0.28271348277727765,0.18552464706572994
familiar,selection,reverse,encoder,direction,0.5,57,specimen_57,20,45,1.0,0.2747113009293874,0.15875819621791706
familiar,selection,reverse,encoder,direction,0.5,57,specimen_57,20,90,0.5,0.308137704928716,0.1532946007899185
familiar,selection,reverse,encoder,direction,0.5,57,specimen_57,20,90,1.0,0.32299281160036725,0.1056668402427068
familiar,selection,reverse,encoder,direction,0.5,57,specimen_57,20,135,0.5,0.24446230133374533,0.16019720023877648
familiar,selection,reverse,encoder,direction,0.5,57,specimen_57,20,135,1.0,0.27034129699071247,0.11407326500757402
familiar,selection,reverse,encoder,direction,0.5,57,specimen_57,20,180,0.5,0.4193597733974457,0.21020488613649047
familiar,selection,reverse,encoder,direction,0.5,57,specimen_57,20,180,1.0,0.41291746497154236,0.2161782906799077
familiar,selection,reverse,encoder,direction,0.5,57,specimen_57,20,225,0.5,0.24655472238858542,0.20831626528856226
familiar,selection,reverse,encoder,direction,0.5,57,specimen_57,20,225,1.0,0.2443624585866928,0.1838849866242466
familiar,selection,reverse,encoder,direction,0.5,57,specimen_57,20,270,0.5,0.36082811156908673,0.1283640229206238
familiar,selection,reverse,encoder,direction,0.5,57,specimen_57,20,270,1.0,0.27163265148798627,0.21259984034712787
familiar,selection,reverse,encoder,direction,0.5,57,specimen_57,20,315,0.5,0.27671495576699573,0.23735042491278593
familiar,selection,reverse,encoder,direction,0.5,57,specimen_57,20,315,1.0,0.263157586256663,0.12138166977902308
familiar,selection,reverse,encoder,direction,0.5,57,specimen_57,40,45,0.5,0.30669649442036945,0.36846514021800153
familiar,selection,reverse,encoder,direction,0.5,57,specimen_57,40,45,1.0,0.27889135976632434,0.3044519562151263
familiar,selection,reverse,encoder,direction,0.5,57,specimen_57,40,90,1.0,0.41755319635073346,1.367655208989607
familiar,selection,reverse,encoder,direction,0.5,57,specimen_57,40,135,0.5,0.3048449456691742,0.8221398722867268
familiar,selection,reverse,encoder,direction,0.5,57,specimen_57,40,135,1.0,0.3066888252894084,0.6351576043104467
familiar,selection,reverse,encoder,direction,0.5,57,specimen_57,40,180,0.5,0.4612606664498647,0.10289663693643143
familiar,selection,reverse,encoder,direction,0.5,57,specimen_57,40,180,1.0,0.41905223329861957,0.11644006523503582
familiar,selection,reverse,encoder,direction,0.5,57,specimen_57,40,225,0.5,0.32678763071695965,0.6375831384986879
familiar,selection,reverse,encoder,direction,0.5,57,specimen_57,40,225,1.0,0.2895927081505458,0.4926645595613137
familiar,selection,reverse,encoder,direction,0.5,57,specimen_57,40,270,0.5,0.3924996554851532,1.7743383195236662
familiar,selection,reverse,encoder,direction,0.5,57,specimen_57,40,270,1.0,0.3957616090774536,1.6538768110254078
familiar,selection,reverse,encoder,direction,0.5,57,specimen_57,40,315,0.5,0.32795943816502887,1.6678921672069105
familiar,selection,reverse,encoder,direction,0.5,57,specimen_57,40,315,1.0,0.3713303009668986,1.1738007545472187
familiar,selection,reverse,encoder,direction,0.5,57,specimen_57,60,0,0.5,0.7405982414881388,0.4077184349927851
familiar,selection,reverse,encoder,direction,0.5,57,specimen_57,60,0,1.0,0.6830241680145264,0.4485810212718735
familiar,selection,reverse,encoder,direction,0.5,57,specimen_57,60,45,0.5,0.3954215844472249,1.0296506064433282
familiar,selection,reverse,encoder,direction,0.5,57,specimen_57,60,45,1.0,0.3763781785964966,0.8445284213186457
familiar,selection,reverse,encoder,direction,0.5,57,specimen_57,60,90,0.5,0.41413607199986774,1.076613065293536
familiar,selection,reverse,encoder,direction,0.5,57,specimen_57,60,90,1.0,0.42360565066337585,1.094620160419942
familiar,selection,reverse,encoder,direction,0.5,57,specimen_57,60,135,0.5,0.40657628575960797,1.477830740948713
familiar,selection,reverse,encoder,direction,0.5,57,specimen_57,60,135,1.0,0.42721808950106305,1.3715573369125613
familiar,selection,reverse,encoder,direction,0.5,57,specimen_57,60,180,0.5,0.5251101950804392,0.25748851436710635
familiar,selection,reverse,encoder,direction,0.5,57,specimen_57,60,180,1.0,0.5198522706826528,0.24878900152738867
familiar,selection,reverse,encoder,direction,0.5,57,specimen_57,60,225,0.5,0.34587375322977704,1.3892334497654353
familiar,selection,reverse,encoder,direction,0.5,57,specimen_57,60,225,1.0,0.3573654890060425,1.097379960295262
familiar,selection,reverse,encoder,direction,0.5,57,specimen_57,60,270,0.5,0.41412320733070374,1.4154806233056505
familiar,selection,reverse,encoder,direction,0.5,57,specimen_57,60,270,1.0,0.40205491582552594,1.1502379772285807
familiar,selection,reverse,encoder,direction,0.5,57,specimen_57,60,315,0.5,0.31871604919433594,1.5827677891541618
familiar,selection,reverse,encoder,direction,0.5,57,specimen_57,60,315,1.0,0.3517147898674011,1.59875304315765
familiar,selection,reverse,encoder,repeat,0.5,10,specimen_10,20,0,1.0,0.3930399417877197,0.25072804597571713
familiar,selection,reverse,encoder,repeat,0.5,10,specimen_10,20,45,0.5,0.25565482179323834,0.09457408098307714
familiar,selection,reverse,encoder,repeat,0.5,10,specimen_10,20,45,1.0,0.3206903040409088,0.032065659413764824
familiar,selection,reverse,encoder,repeat,0.5,10,specimen_10,20,90,0.5,0.4917808572451274,0.01643928865926551
familiar,selection,reverse,encoder,repeat,0.5,10,specimen_10,20,90,1.0,0.37038150429725647,0.12313524892334944
familiar,selection,reverse,encoder,repeat,0.5,10,specimen_10,20,135,0.5,0.2310858815908432,0.09618737388141958
familiar,selection,reverse,encoder,repeat,0.5,10,specimen_10,20,135,1.0,0.25846416254838306,0.04775923517404009
familiar,selection,reverse,encoder,repeat,0.5,10,specimen_10,20,180,0.5,0.33956265449523926,0.16997777775413472
familiar,selection,reverse,encoder,repeat,0.5,10,specimen_10,20,180,1.0,0.3245491286118825,0.17997880030622104
familiar,selection,reverse,encoder,repeat,0.5,10,specimen_10,20,225,0.5,0.24319358666737875,0.17216074491067399
familiar,selection,reverse,encoder,repeat,0.5,10,specimen_10,20,225,1.0,0.2631477763255437,0.14292006755965583
familiar,selection,reverse,encoder,repeat,0.5,10,specimen_10,20,270,0.5,0.35660840074221295,0.120963140719677
familiar,selection,reverse,encoder,repeat,0.5,10,specimen_10,20,270,1.0,0.2701750497023265,0.2873178882845827
familiar,selection,reverse,encoder,repeat,0.5,10,specimen_10,20,315,0.5,0.22605126599470773,0.21836487694495152
familiar,selection,reverse,encoder,repeat,0.5,10,specimen_10,20,315,1.0,0.2996275822321574,0.35336985986242286
familiar,selection,reverse,encoder,repeat,0.5,10,specimen_10,40,45,0.5,0.22170312702655792,0.333161515857869
familiar,selection,reverse,encoder,repeat,0.5,10,specimen_10,40,45,1.0,0.21483251452445984,0.2966401998046542
familiar,selection,reverse,encoder,repeat,0.5,10,specimen_10,40,90,1.0,0.3983238438765208,1.346245554948062
familiar,selection,reverse,encoder,repeat,0.5,10,specimen_10,40,135,0.5,0.25270352760950726,0.7181521393485356
familiar,selection,reverse,encoder,repeat,0.5,10,specimen_10,40,135,1.0,0.25514837106068927,0.4533433697187798
familiar,selection,reverse,encoder,repeat,0.5,10,specimen_10,40,180,0.5,0.4258757034937541,0.16475258020011818
familiar,selection,reverse,encoder,repeat,0.5,10,specimen_10,40,180,1.0,0.4145002067089081,0.059150952456177595
familiar,selection,reverse,encoder,repeat,0.5,10,specimen_10,40,225,0.5,0.22180003921190897,0.5993277173133303
familiar,selection,reverse,encoder,repeat,0.5,10,specimen_10,40,225,1.0,0.2146324167648951,0.354835149612152
familiar,selection,reverse,encoder,repeat,0.5,10,specimen_10,40,270,0.5,0.36319119731585187,1.132538226036663
familiar,selection,reverse,encoder,repeat,0.5,10,specimen_10,40,270,1.0,0.31866660714149475,0.7879806342592784
familiar,selection,reverse,encoder,repeat,0.5,10,specimen_10,40,315,0.5,0.2331892798344294,1.112402425043615
familiar,selection,reverse,encoder,repeat,0.5,10,specimen_10,40,315,1.0,0.22586500644683838,0.5097486091989077
familiar,selection,reverse,encoder,repeat,0.5,10,specimen_10,60,0,0.5,0.4939919114112854,0.21462937820093167
familiar,selection,reverse,encoder,repeat,0.5,10,specimen_10,60,0,1.0,0.4545029401779175,0.21788376011839283
familiar,selection,reverse,encoder,repeat,0.5,10,specimen_10,60,45,0.5,0.29676444331804913,0.6768722370048904
familiar,selection,reverse,encoder,repeat,0.5,10,specimen_10,60,45,1.0,0.31113943954308826,0.7519128817773227
familiar,selection,reverse,encoder,repeat,0.5,10,specimen_10,60,90,0.5,0.47817593812942505,0.9342718582351988
familiar,selection,reverse,encoder,repeat,0.5,10,specimen_10,60,90,1.0,0.41848868131637573,1.117658331416332
familiar,selection,reverse,encoder,repeat,0.5,10,specimen_10,60,135,0.5,0.2653917223215103,0.8930152546103843
familiar,selection,reverse,encoder,repeat,0.5,10,specimen_10,60,135,1.0,0.3091273158788681,0.924655863970275
familiar,selection,reverse,encoder,repeat,0.5,10,specimen_10,60,180,0.5,0.469987690448761,0.26726771624181056
familiar,selection,reverse,encoder,repeat,0.5,10,specimen_10,60,180,1.0,0.48022621870040894,0.22012373407691624
familiar,selection,reverse,encoder,repeat,0.5,10,specimen_10,60,225,0.5,0.27717528740564984,0.7790541642817493
familiar,selection,reverse,encoder,repeat,0.5,10,specimen_10,60,225,1.0,0.3009644051392873,0.7467593311307138
familiar,selection,reverse,encoder,repeat,0.5,10,specimen_10,60,270,0.5,0.40162644783655804,1.0917450089636827
familiar,selection,reverse,encoder,repeat,0.5,10,specimen_10,60,270,1.0,0.3657727837562561,0.875020682235804
familiar,selection,reverse,encoder,repeat,0.5,10,specimen_10,60,315,0.5,0.25380104780197144,0.6255090501177784
familiar,selection,reverse,encoder,repeat,0.5,10,specimen_10,60,315,1.0,0.2741196006536484,0.7836617738073149
familiar,selection,reverse,encoder,repeat,0.5,57,specimen_57,20,0,1.0,0.4766636888186137,0.1563376311765123
familiar,selection,reverse,encoder,repeat,0.5,57,specimen_57,20,45,0.5,0.30502618352572125,0.2678518099116641
familiar,selection,reverse,encoder,repeat,0.5,57,specimen_57,20,45,1.0,0.28023676077524823,0.23837337443358578
familiar,selection,reverse,encoder,repeat,0.5,57,specimen_57,20,90,0.5,0.26491500933965045,0.23327708691661467
familiar,selection,reverse,encoder,repeat,0.5,57,specimen_57,20,90,1.0,0.2795006334781647,0.18786720161356285
familiar,selection,reverse,encoder,repeat,0.5,57,specimen_57,20,135,0.5,0.31445323427518207,0.23475990732630136
familiar,selection,reverse,encoder,repeat,0.5,57,specimen_57,20,135,1.0,0.31407206257184345,0.19002055144044064
familiar,selection,reverse,encoder,repeat,0.5,57,specimen_57,20,180,0.5,0.42902129888534546,0.14335196855635232
familiar,selection,reverse,encoder,repeat,0.5,57,specimen_57,20,180,1.0,0.395381102959315,0.14753352423546406
familiar,selection,reverse,encoder,repeat,0.5,57,specimen_57,20,225,0.5,0.34067734082539874,0.27382231671561424
familiar,selection,reverse,encoder,repeat,0.5,57,specimen_57,20,225,1.0,0.33489252130190533,0.24865893487479607
familiar,selection,reverse,encoder,repeat,0.5,57,specimen_57,20,270,0.5,0.3112558623154958,0.19603268335474577
familiar,selection,reverse,encoder,repeat,0.5,57,specimen_57,20,270,1.0,0.31683775782585144,0.2763329219829021
familiar,selection,reverse,encoder,repeat,0.5,57,specimen_57,20,315,0.5,0.3285503089427948,0.30927819642836235
familiar,selection,reverse,encoder,repeat,0.5,57,specimen_57,20,315,1.0,0.3041989852984746,0.19182565663187878
familiar,selection,reverse,encoder,repeat,0.5,57,specimen_57,40,45,0.5,0.2340508500734965,0.47608052189971645
familiar,selection,reverse,encoder,repeat,0.5,57,specimen_57,40,45,1.0,0.240752175450325,0.4182159339393023
familiar,selection,reverse,encoder,repeat,0.5,57,specimen_57,40,90,1.0,0.544569194316864,1.4826494850206824
familiar,selection,reverse,encoder,repeat,0.5,57,specimen_57,40,135,0.5,0.2580307026704152,0.9212449369831092
familiar,selection,reverse,encoder,repeat,0.5,57,specimen_57,40,135,1.0,0.2691308657328288,0.7371772681965121
familiar,selection,reverse,encoder,repeat,0.5,57,specimen_57,40,180,0.5,0.3569580018520355,0.030802263214530518
familiar,selection,reverse,encoder,repeat,0.5,57,specimen_57,40,180,1.0,0.38498417536417645,0.02660255752198426
familiar,selection,reverse,encoder,repeat,0.5,57,specimen_57,40,225,0.5,0.25940672556559247,0.7215743213253639
familiar,selection,reverse,encoder,repeat,0.5,57,specimen_57,40,225,1.0,0.2843890090783437,0.581720620047099
familiar,selection,reverse,encoder,repeat,0.5,57,specimen_57,40,270,0.5,0.565812865893046,1.8639375241631233
familiar,selection,reverse,encoder,repeat,0.5,57,specimen_57,40,270,1.0,0.5315703948338827,1.7459747907579963
familiar,selection,reverse,encoder,repeat,0.5,57,specimen_57,40,315,0.5,0.2849462429682414,1.7655288363656048
familiar,selection,reverse,encoder,repeat,0.5,57,specimen_57,40,315,1.0,0.3090914785861969,1.271391897266974
familiar,selection,reverse,encoder,repeat,0.5,57,specimen_57,60,0,0.5,0.5438514252503713,0.27494516923809925
familiar,selection,reverse,encoder,repeat,0.5,57,specimen_57,60,0,1.0,0.5245150029659271,0.3055069584634377
familiar,selection,reverse,encoder,repeat,0.5,57,specimen_57,60,45,0.5,0.4190651476383209,1.1775601738719914
familiar,selection,reverse,encoder,repeat,0.5,57,specimen_57,60,45,1.0,0.40270599722862244,1.0033437486558412
familiar,selection,reverse,encoder,repeat,0.5,57,specimen_57,60,90,0.5,0.46371163924535114,1.2306279509778928
familiar,selection,reverse,encoder,repeat,0.5,57,specimen_57,60,90,1.0,0.4981197416782379,1.267519287131697
familiar,selection,reverse,encoder,repeat,0.5,57,specimen_57,60,135,0.5,0.43604224920272827,1.6099464961607903
familiar,selection,reverse,encoder,repeat,0.5,57,specimen_57,60,135,1.0,0.4384937286376953,1.5124563392634964
familiar,selection,reverse,encoder,repeat,0.5,57,specimen_57,60,180,0.5,0.33182833592096966,0.140270616837803
familiar,selection,reverse,encoder,repeat,0.5,57,specimen_57,60,180,1.0,0.35328983267148334,0.1305064450674333
familiar,selection,reverse,encoder,repeat,0.5,57,specimen_57,60,225,0.5,0.381655752658844,1.5007741150353233
familiar,selection,reverse,encoder,repeat,0.5,57,specimen_57,60,225,1.0,0.3817511796951294,1.2153118653820922
familiar,selection,reverse,encoder,repeat,0.5,57,specimen_57,60,270,0.5,0.4442468583583832,1.5377338469597934
familiar,selection,reverse,encoder,repeat,0.5,57,specimen_57,60,270,1.0,0.4120364288489024,1.2815313804915502
familiar,selection,reverse,encoder,repeat,0.5,57,specimen_57,60,315,0.5,0.37498439351717633,1.7098228824392407
familiar,selection,reverse,encoder,repeat,0.5,57,specimen_57,60,315,1.0,0.3782213032245636,1.7301872519708235
familiar,selection,reverse,encoder,single,0.5,10,specimen_10,20,0,1.0,0.5462941924730936,0.3472878735477806
familiar,selection,reverse,encoder,single,0.5,10,specimen_10,20,45,0.5,0.3945259153842926,0.02153674805491294
familiar,selection,reverse,encoder,single,0.5,10,specimen_10,20,45,1.0,0.47278621792793274,0.07305806112636293
familiar,selection,reverse,encoder,single,0.5,10,specimen_10,20,90,0.5,0.6447131037712097,0.09567517724267227
familiar,selection,reverse,encoder,single,0.5,10,specimen_10,20,90,1.0,0.5078874329725901,0.05180249435424141
familiar,selection,reverse,encoder,single,0.5,10,specimen_10,20,135,0.5,0.3592965602874756,0.0062590234422046365
familiar,selection,reverse,encoder,single,0.5,10,specimen_10,20,135,1.0,0.3924295703570048,0.052791620232619664
familiar,selection,reverse,encoder,single,0.5,10,specimen_10,20,180,0.5,0.46569358309110004,0.25289684534900336
familiar,selection,reverse,encoder,single,0.5,10,specimen_10,20,180,1.0,0.430436909198761,0.2665998128566197
familiar,selection,reverse,encoder,single,0.5,10,specimen_10,20,225,0.5,0.38206467032432556,0.09444374014961983
familiar,selection,reverse,encoder,single,0.5,10,specimen_10,20,225,1.0,0.3903266986211141,0.06400436648460246
familiar,selection,reverse,encoder,single,0.5,10,specimen_10,20,270,0.5,0.4790558119614919,0.0400662158297251
familiar,selection,reverse,encoder,single,0.5,10,specimen_10,20,270,1.0,0.3730807105700175,0.20443072657266378
familiar,selection,reverse,encoder,single,0.5,10,specimen_10,20,315,0.5,0.34185607234636944,0.13412245274942916
familiar,selection,reverse,encoder,single,0.5,10,specimen_10,20,315,1.0,0.454357107480367,0.26466524867233787
familiar,selection,reverse,encoder,single,0.5,10,specimen_10,40,45,0.5,0.3414827386538188,0.19955332581472215
familiar,selection,reverse,encoder,single,0.5,10,specimen_10,40,45,1.0,0.3277466495831807,0.2119179176156427
familiar,selection,reverse,encoder,single,0.5,10,specimen_10,40,90,1.0,0.4394314189751943,1.188055703506058
familiar,selection,reverse,encoder,single,0.5,10,specimen_10,40,135,0.5,0.32806023955345154,0.5803888490783115
familiar,selection,reverse,encoder,single,0.5,10,specimen_10,40,135,1.0,0.3792807161808014,0.3092053660235848
familiar,selection,reverse,encoder,single,0.5,10,specimen_10,40,180,0.5,0.46826378504435223,0.2777243744566993
familiar,selection,reverse,encoder,single,0.5,10,specimen_10,40,180,1.0,0.4362674554189046,0.16069191278965048
familiar,selection,reverse,encoder,single,0.5,10,specimen_10,40,225,0.5,0.32443179686864215,0.4963007311167276
familiar,selection,reverse,encoder,single,0.5,10,specimen_10,40,225,1.0,0.301313579082489,0.2491795375990662
familiar,selection,reverse,encoder,single,0.5,10,specimen_10,40,270,0.5,0.4361243049303691,1.0175627597228116
familiar,selection,reverse,encoder,single,0.5,10,specimen_10,40,270,1.0,0.3680907189846039,0.669954593891661
familiar,selection,reverse,encoder,single,0.5,10,specimen_10,40,315,0.5,0.31118959188461304,0.9962184178479007
familiar,selection,reverse,encoder,single,0.5,10,specimen_10,40,315,1.0,0.26098517576853436,0.3991443239693955
familiar,selection,reverse,encoder,single,0.5,10,specimen_10,60,0,0.5,0.49801652630170185,0.35995911095110217
familiar,selection,reverse,encoder,single,0.5,10,specimen_10,60,0,1.0,0.45195425550142926,0.3219007890476257
familiar,selection,reverse,encoder,single,0.5,10,specimen_10,60,45,0.5,0.36362571517626446,0.5133507010011443
familiar,selection,reverse,encoder,single,0.5,10,specimen_10,60,45,1.0,0.32970619201660156,0.6186564954248386
familiar,selection,reverse,encoder,single,0.5,10,specimen_10,60,90,0.5,0.5706956187884012,0.7685277642723851
familiar,selection,reverse,encoder,single,0.5,10,specimen_10,60,90,1.0,0.46513016025225323,0.9721819852556223
familiar,selection,reverse,encoder,single,0.5,10,specimen_10,60,135,0.5,0.29426418741544086,0.7404292499744596
familiar,selection,reverse,encoder,single,0.5,10,specimen_10,60,135,1.0,0.31362466017405194,0.7838359589673954
familiar,selection,reverse,encoder,single,0.5,10,specimen_10,60,180,0.5,0.5180087288220724,0.4147794388922308
familiar,selection,reverse,encoder,single,0.5,10,specimen_10,60,180,1.0,0.4934476415316264,0.3288613882941149
familiar,selection,reverse,encoder,single,0.5,10,specimen_10,60,225,0.5,0.35340015093485516,0.6379234783249504
familiar,selection,reverse,encoder,single,0.5,10,specimen_10,60,225,1.0,0.34776931007703143,0.6008662176212239
familiar,selection,reverse,encoder,single,0.5,10,specimen_10,60,270,0.5,0.47179025411605835,0.9540443245454503
familiar,selection,reverse,encoder,single,0.5,10,specimen_10,60,270,1.0,0.3985615074634552,0.7526167950643329
familiar,selection,reverse,encoder,single,0.5,10,specimen_10,60,315,0.5,0.2410141130288442,0.49301755260216745
familiar,selection,reverse,encoder,single,0.5,10,specimen_10,60,315,1.0,0.24842287103335062,0.6577503350939068
familiar,selection,reverse,encoder,single,0.5,57,specimen_57,20,0,1.0,0.4360579252243042,0.21867798280076514
familiar,selection,reverse,encoder,single,0.5,57,specimen_57,20,45,0.5,0.2716870903968811,0.20248214252045868
familiar,selection,reverse,encoder,single,0.5,57,specimen_57,20,45,1.0,0.2660813629627228,0.17162230163845416
familiar,selection,reverse,encoder,single,0.5,57,specimen_57,20,90,0.5,0.29415635267893475,0.16671134760783732
familiar,selection,reverse,encoder,single,0.5,57,specimen_57,20,90,1.0,0.3121657371520996,0.11770560072282887
familiar,selection,reverse,encoder,single,0.5,57,specimen_57,20,135,0.5,0.24230210979779562,0.17174364820919882
familiar,selection,reverse,encoder,single,0.5,57,specimen_57,20,135,1.0,0.26177691916624707,0.1270665113608459
familiar,selection,reverse,encoder,single,0.5,57,specimen_57,20,180,0.5,0.40623703598976135,0.19845605937851682
familiar,selection,reverse,encoder,single,0.5,57,specimen_57,20,180,1.0,0.39757518966992694,0.2042291308474732
familiar,selection,reverse,encoder,single,0.5,57,specimen_57,20,225,0.5,0.24893562495708466,0.21954160972379141
familiar,selection,reverse,encoder,single,0.5,57,specimen_57,20,225,1.0,0.24738421539465585,0.19488407578093936
familiar,selection,reverse,encoder,single,0.5,57,specimen_57,20,270,0.5,0.34599501887957257,0.1397685945446941
familiar,selection,reverse,encoder,single,0.5,57,specimen_57,20,270,1.0,0.27216070890426636,0.2196556164912867
familiar,selection,reverse,encoder,single,0.5,57,specimen_57,20,315,0.5,0.2687111745278041,0.25086307840149696
familiar,selection,reverse,encoder,single,0.5,57,specimen_57,20,315,1.0,0.2618241955836614,0.1330495413888085
familiar,selection,reverse,encoder,single,0.5,57,specimen_57,40,45,0.5,0.2822261651357015,0.39391003512568307
familiar,selection,reverse,encoder,single,0.5,57,specimen_57,40,45,1.0,0.25822485486666363,0.331339968060251
familiar,selection,reverse,encoder,single,0.5,57,specimen_57,40,90,1.0,0.433768888314565,1.3905405623740743
familiar,selection,reverse,encoder,single,0.5,57,specimen_57,40,135,0.5,0.29191626111666363,0.8389334642637053
familiar,selection,reverse,encoder,single,0.5,57,specimen_57,40,135,1.0,0.28913318117459613,0.6543781541368873
familiar,selection,reverse,encoder,single,0.5,57,specimen_57,40,180,0.5,0.4319031933943431,0.08566346665928139
familiar,selection,reverse,encoder,single,0.5,57,specimen_57,40,180,1.0,0.3989722629388173,0.09859904612894499
familiar,selection,reverse,encoder,single,0.5,57,specimen_57,40,225,0.5,0.3085397680600484,0.6527808461402903
familiar,selection,reverse,encoder,single,0.5,57,specimen_57,40,225,1.0,0.27588629722595215,0.5112794233065562
familiar,selection,reverse,encoder,single,0.5,57,specimen_57,40,270,0.5,0.4148310124874115,1.7924036637881944
familiar,selection,reverse,encoder,single,0.5,57,specimen_57,40,270,1.0,0.41216246287027997,1.6728358425186034
familiar,selection,reverse,encoder,single,0.5,57,specimen_57,40,315,0.5,0.3064417938391368,1.6919754295792921
familiar,selection,reverse,encoder,single,0.5,57,specimen_57,40,315,1.0,0.3509380916754405,1.1957049125724877
familiar,selection,reverse,encoder,single,0.5,57,specimen_57,60,0,0.5,0.6999781926472982,0.37339531910116724
familiar,selection,reverse,encoder,single,0.5,57,specimen_57,60,0,1.0,0.6468271414438883,0.4119990090831589
familiar,selection,reverse,encoder,single,0.5,57,specimen_57,60,45,0.5,0.3927277823289235,1.0702468923241852
familiar,selection,reverse,encoder,single,0.5,57,specimen_57,60,45,1.0,0.3713945845762889,0.8886930980155241
familiar,selection,reverse,encoder,single,0.5,57,specimen_57,60,90,0.5,0.422506719827652,1.1140363734501
familiar,selection,reverse,encoder,single,0.5,57,specimen_57,60,90,1.0,0.433060755332311,1.1484746183628538
familiar,selection,reverse,encoder,single,0.5,57,specimen_57,60,135,0.5,0.40867189566294354,1.5006808241306508
familiar,selection,reverse,encoder,single,0.5,57,specimen_57,60,135,1.0,0.4252035121122996,1.4023814972974922
familiar,selection,reverse,encoder,single,0.5,57,specimen_57,60,180,0.5,0.48486215869585675,0.23021258491248375
familiar,selection,reverse,encoder,single,0.5,57,specimen_57,60,180,1.0,0.48622022072474164,0.22303179739932336
familiar,selection,reverse,encoder,single,0.5,57,specimen_57,60,225,0.5,0.3457568089167277,1.4144065395173584
familiar,selection,reverse,encoder,single,0.5,57,specimen_57,60,225,1.0,0.35277921954790753,1.1280331205627185
familiar,selection,reverse,encoder,single,0.5,57,specimen_57,60,270,0.5,0.41794917980829877,1.446844420644817
familiar,selection,reverse,encoder,single,0.5,57,specimen_57,60,270,1.0,0.39606313904126483,1.188927050575443
familiar,selection,reverse,encoder,single,0.5,57,specimen_57,60,315,0.5,0.3193100889523824,1.6136727849130492
familiar,selection,reverse,encoder,single,0.5,57,specimen_57,60,315,1.0,0.3492966691652934,1.6325658966548027
familiar,selection,reverse,encoder_wrong_support,direction,0.5,10,specimen_10,20,0,1.0,0.3044179280598958,0.09769730822375984
familiar,selection,reverse,encoder_wrong_support,direction,0.5,10,specimen_10,20,45,0.5,0.2328033596277237,0.25239851098471894
familiar,selection,reverse,encoder_wrong_support,direction,0.5,10,specimen_10,20,45,1.0,0.21427599589029947,0.19335569107487802
familiar,selection,reverse,encoder_wrong_support,direction,0.5,10,specimen_10,20,90,0.5,0.32479653755823773,0.1770962635880365
familiar,selection,reverse,encoder_wrong_support,direction,0.5,10,specimen_10,20,90,1.0,0.2930008073647817,0.2852338199361852
familiar,selection,reverse,encoder_wrong_support,direction,0.5,10,specimen_10,20,135,0.5,0.2802085926135381,0.2532568184524683
familiar,selection,reverse,encoder_wrong_support,direction,0.5,10,specimen_10,20,135,1.0,0.25197971363862354,0.2061440991055167
familiar,selection,reverse,encoder_wrong_support,direction,0.5,10,specimen_10,20,180,0.5,0.3482125798861186,0.06175422045180987
familiar,selection,reverse,encoder_wrong_support,direction,0.5,10,specimen_10,20,180,1.0,0.36323684453964233,0.05602063516579083
familiar,selection,reverse,encoder_wrong_support,direction,0.5,10,specimen_10,20,225,0.5,0.23378071188926697,0.29921286611989345
familiar,selection,reverse,encoder_wrong_support,direction,0.5,10,specimen_10,20,225,1.0,0.2661960522333781,0.2677736648557744
familiar,selection,reverse,encoder_wrong_support,direction,0.5,10,specimen_10,20,270,0.5,0.30453212062517804,0.25585948105846373
familiar,selection,reverse,encoder_wrong_support,direction,0.5,10,specimen_10,20,270,1.0,0.32151177525520325,0.42121010940427706
familiar,selection,reverse,encoder_wrong_support,direction,0.5,10,specimen_10,20,315,0.5,0.2769969056049983,0.3635366881905752
familiar,selection,reverse,encoder_wrong_support,direction,0.5,10,specimen_10,20,315,1.0,0.22016615172227225,0.4974335635677378
familiar,selection,reverse,encoder_wrong_support,direction,0.5,10,specimen_10,40,45,0.5,0.3071439762910207,0.5613388278471588
familiar,selection,reverse,encoder_wrong_support,direction,0.5,10,specimen_10,40,45,1.0,0.317836528023084,0.5249789132539561
familiar,selection,reverse,encoder_wrong_support,direction,0.5,10,specimen_10,40,90,1.0,0.5310693184534708,1.5963178367509776
familiar,selection,reverse,encoder_wrong_support,direction,0.5,10,specimen_10,40,135,0.5,0.4159531096617381,0.9548878752223037
familiar,selection,reverse,encoder_wrong_support,direction,0.5,10,specimen_10,40,135,1.0,0.3348698715368907,0.7008806323350393
familiar,selection,reverse,encoder_wrong_support,direction,0.5,10,specimen_10,40,180,0.5,0.49043233195940655,0.030502239459771874
familiar,selection,reverse,encoder_wrong_support,direction,0.5,10,specimen_10,40,180,1.0,0.5096416374047598,0.15742691982995285
familiar,selection,reverse,encoder_wrong_support,direction,0.5,10,specimen_10,40,225,0.5,0.3164955774943034,0.7787573651997984
familiar,selection,reverse,encoder_wrong_support,direction,0.5,10,specimen_10,40,225,1.0,0.3417063057422638,0.5344139971931214
familiar,selection,reverse,encoder_wrong_support,direction,0.5,10,specimen_10,40,270,0.5,0.40125881632169086,1.308283218132076
familiar,selection,reverse,encoder_wrong_support,direction,0.5,10,specimen_10,40,270,1.0,0.4334847331047058,0.9717694679248239
familiar,selection,reverse,encoder_wrong_support,direction,0.5,10,specimen_10,40,315,0.5,0.3701123297214508,1.304351529982126
familiar,selection,reverse,encoder_wrong_support,direction,0.5,10,specimen_10,40,315,1.0,0.41100651025772095,0.7105532408279872
familiar,selection,reverse,encoder_wrong_support,direction,0.5,10,specimen_10,60,0,0.5,0.5820839007695516,0.10031189812171452
familiar,selection,reverse,encoder_wrong_support,direction,0.5,10,specimen_10,60,0,1.0,0.5546246270338694,0.17108329945353726
familiar,selection,reverse,encoder_wrong_support,direction,0.5,10,specimen_10,60,45,0.5,0.41422660152117413,0.9834097451799342
familiar,selection,reverse,encoder_wrong_support,direction,0.5,10,specimen_10,60,45,1.0,0.5152864654858907,1.0511491351643991
familiar,selection,reverse,encoder_wrong_support,direction,0.5,10,specimen_10,60,90,0.5,0.45301780104637146,1.276172399907005
familiar,selection,reverse,encoder_wrong_support,direction,0.5,10,specimen_10,60,90,1.0,0.5039449135462443,1.4470207590115505
familiar,selection,reverse,encoder_wrong_support,direction,0.5,10,specimen_10,60,135,0.5,0.538281261920929,1.257395195438187
familiar,selection,reverse,encoder_wrong_support,direction,0.5,10,specimen_10,60,135,1.0,0.5830286045869192,1.288382332112823
familiar,selection,reverse,encoder_wrong_support,direction,0.5,10,specimen_10,60,180,0.5,0.481548547744751,0.035295648491004715
familiar,selection,reverse,encoder_wrong_support,direction,0.5,10,specimen_10,60,180,1.0,0.5574121673901876,0.15764977703151628
familiar,selection,reverse,encoder_wrong_support,direction,0.5,10,specimen_10,60,225,0.5,0.38437450925509137,1.024764088960641
familiar,selection,reverse,encoder_wrong_support,direction,0.5,10,specimen_10,60,225,1.0,0.44176538785298664,1.011222284236442
familiar,selection,reverse,encoder_wrong_support,direction,0.5,10,specimen_10,60,270,0.5,0.4463219145933787,1.326859590748537
familiar,selection,reverse,encoder_wrong_support,direction,0.5,10,specimen_10,60,270,1.0,0.4947306315104167,1.1130400541473737
familiar,selection,reverse,encoder_wrong_support,direction,0.5,10,specimen_10,60,315,0.5,0.49206218123435974,0.8730520818814078
familiar,selection,reverse,encoder_wrong_support,direction,0.5,10,specimen_10,60,315,1.0,0.4910973111788432,1.0278740406583797
familiar,selection,reverse,encoder_wrong_support,direction,0.5,57,specimen_57,20,0,1.0,0.5696683327356974,0.35713272911889105
familiar,selection,reverse,encoder_wrong_support,direction,0.5,57,specimen_57,20,45,0.5,0.46475963791211444,0.05550194327827015
familiar,selection,reverse,encoder_wrong_support,direction,0.5,57,specimen_57,20,45,1.0,0.4704561134179433,0.03391573293790325
familiar,selection,reverse,encoder_wrong_support,direction,0.5,57,specimen_57,20,90,0.5,0.5122362673282623,0.022169259221862785
familiar,selection,reverse,encoder_wrong_support,direction,0.5,57,specimen_57,20,90,1.0,0.5251025458176931,0.022983363425510477
familiar,selection,reverse,encoder_wrong_support,direction,0.5,57,specimen_57,20,135,0.5,0.4169878264268239,0.03448325813787086
familiar,selection,reverse,encoder_wrong_support,direction,0.5,57,specimen_57,20,135,1.0,0.46250717838605243,0.028551840321356197
familiar,selection,reverse,encoder_wrong_support,direction,0.5,57,specimen_57,20,180,0.5,0.5946102738380432,0.3199969588086104
familiar,selection,reverse,encoder_wrong_support,direction,0.5,57,specimen_57,20,180,1.0,0.6389880577723185,0.32759738877031924
familiar,selection,reverse,encoder_wrong_support,direction,0.5,57,specimen_57,20,225,0.5,0.34907926122347516,0.10730692289334733
familiar,selection,reverse,encoder_wrong_support,direction,0.5,57,specimen_57,20,225,1.0,0.3514704207579295,0.08294503774810925
familiar,selection,reverse,encoder_wrong_support,direction,0.5,57,specimen_57,20,270,0.5,0.5460920731226603,0.033941045930305246
familiar,selection,reverse,encoder_wrong_support,direction,0.5,57,specimen_57,20,270,1.0,0.41351864735285443,0.10424544802711477
familiar,selection,reverse,encoder_wrong_support,direction,0.5,57,specimen_57,20,315,0.5,0.4249063531557719,0.12010037077663642
familiar,selection,reverse,encoder_wrong_support,direction,0.5,57,specimen_57,20,315,1.0,0.4301992952823639,0.021227990417114612
familiar,selection,reverse,encoder_wrong_support,direction,0.5,57,specimen_57,40,45,0.5,0.5439889331658682,0.17844758383449164
familiar,selection,reverse,encoder_wrong_support,direction,0.5,57,specimen_57,40,45,1.0,0.49950642387072247,0.11741020314094945
familiar,selection,reverse,encoder_wrong_support,direction,0.5,57,specimen_57,40,90,1.0,0.43525635202725727,1.1698935306854887
familiar,selection,reverse,encoder_wrong_support,direction,0.5,57,specimen_57,40,135,0.5,0.5417535801728567,0.6340297543041986
familiar,selection,reverse,encoder_wrong_support,direction,0.5,57,specimen_57,40,135,1.0,0.5555802484353384,0.4349485441001513
familiar,selection,reverse,encoder_wrong_support,direction,0.5,57,specimen_57,40,180,0.5,0.7343360582987467,0.2601297993610103
familiar,selection,reverse,encoder_wrong_support,direction,0.5,57,specimen_57,40,180,1.0,0.6686099767684937,0.2833547876074527
familiar,selection,reverse,encoder_wrong_support,direction,0.5,57,specimen_57,40,225,0.5,0.5518053074677786,0.4932328381806916
familiar,selection,reverse,encoder_wrong_support,direction,0.5,57,specimen_57,40,225,1.0,0.4677838087081909,0.34760429435799484
familiar,selection,reverse,encoder_wrong_support,direction,0.5,57,specimen_57,40,270,0.5,0.3911678393681844,1.6360735446303885
familiar,selection,reverse,encoder_wrong_support,direction,0.5,57,specimen_57,40,270,1.0,0.41723014911015827,1.5067303568858887
familiar,selection,reverse,encoder_wrong_support,direction,0.5,57,specimen_57,40,315,0.5,0.5366831521193186,1.5101517557758803
familiar,selection,reverse,encoder_wrong_support,direction,0.5,57,specimen_57,40,315,1.0,0.5850115517775217,1.0073208634508715
familiar,selection,reverse,encoder_wrong_support,direction,0.5,57,specimen_57,60,0,0.5,1.0288927555084229,0.6426092071167946
familiar,selection,reverse,encoder_wrong_support,direction,0.5,57,specimen_57,60,0,1.0,0.95921657482783,0.6905911508723559
familiar,selection,reverse,encoder_wrong_support,direction,0.5,57,specimen_57,60,45,0.5,0.5244691371917725,0.758438604289466
familiar,selection,reverse,encoder_wrong_support,direction,0.5,57,specimen_57,60,45,1.0,0.5174615283807119,0.5774709374715278
familiar,selection,reverse,encoder_wrong_support,direction,0.5,57,specimen_57,60,90,0.5,0.5078525245189667,0.7854875585427701
familiar,selection,reverse,encoder_wrong_support,direction,0.5,57,specimen_57,60,90,1.0,0.5134057899316152,0.8048440140101804
familiar,selection,reverse,encoder_wrong_support,direction,0.5,57,specimen_57,60,135,0.5,0.5356191694736481,1.198188545842566
familiar,selection,reverse,encoder_wrong_support,direction,0.5,57,specimen_57,60,135,1.0,0.555318146944046,1.0747988004741575
familiar,selection,reverse,encoder_wrong_support,direction,0.5,57,specimen_57,60,180,0.5,0.8316332101821899,0.48134653265637867
familiar,selection,reverse,encoder_wrong_support,direction,0.5,57,specimen_57,60,180,1.0,0.8326243956883749,0.4964516408571838
familiar,selection,reverse,encoder_wrong_support,direction,0.5,57,specimen_57,60,225,0.5,0.4716845353444417,1.1967142749841628
familiar,selection,reverse,encoder_wrong_support,direction,0.5,57,specimen_57,60,225,1.0,0.48479196429252625,0.8875526984468131
familiar,selection,reverse,encoder_wrong_support,direction,0.5,57,specimen_57,60,270,0.5,0.4987166424592336,1.2215847260748591
familiar,selection,reverse,encoder_wrong_support,direction,0.5,57,specimen_57,60,270,1.0,0.5191848079363505,0.9550635335835594
familiar,selection,reverse,encoder_wrong_support,direction,0.5,57,specimen_57,60,315,0.5,0.45269553860028583,1.3668007387032113
familiar,selection,reverse,encoder_wrong_support,direction,0.5,57,specimen_57,60,315,1.0,0.48581462105115253,1.3825547874212905
familiar,selection,reverse,encoder_wrong_support,repeat,0.5,10,specimen_10,20,0,1.0,0.413767009973526,0.025207309630483492
familiar,selection,reverse,encoder_wrong_support,repeat,0.5,10,specimen_10,20,45,0.5,0.4162402053674062,0.33472567383065305
familiar,selection,reverse,encoder_wrong_support,repeat,0.5,10,specimen_10,20,45,1.0,0.344560186068217,0.27297086929054676
familiar,selection,reverse,encoder_wrong_support,repeat,0.5,10,specimen_10,20,90,0.5,0.32627521951993305,0.2570787497147327
familiar,selection,reverse,encoder_wrong_support,repeat,0.5,10,specimen_10,20,90,1.0,0.4021625320116679,0.3674341813070412
familiar,selection,reverse,encoder_wrong_support,repeat,0.5,10,specimen_10,20,135,0.5,0.485041876633962,0.32781952553999316
familiar,selection,reverse,encoder_wrong_support,repeat,0.5,10,specimen_10,20,135,1.0,0.4478555719057719,0.28209138553838337
familiar,selection,reverse,encoder_wrong_support,repeat,0.5,10,specimen_10,20,180,0.5,0.4910768469174703,0.05563023133752878
familiar,selection,reverse,encoder_wrong_support,repeat,0.5,10,specimen_10,20,180,1.0,0.5220061242580414,0.04330863628584083
familiar,selection,reverse,encoder_wrong_support,repeat,0.5,10,specimen_10,20,225,0.5,0.4228935142358144,0.36471891754694546
familiar,selection,reverse,encoder_wrong_support,repeat,0.5,10,specimen_10,20,225,1.0,0.43173639973004657,0.33254761310632386
familiar,selection,reverse,encoder_wrong_support,repeat,0.5,10,specimen_10,20,270,0.5,0.4098339378833771,0.3235281414925857
familiar,selection,reverse,encoder_wrong_support,repeat,0.5,10,specimen_10,20,270,1.0,0.4945610463619232,0.4849431910400513
familiar,selection,reverse,encoder_wrong_support,repeat,0.5,10,specimen_10,20,315,0.5,0.4710789620876312,0.4354644597061516
familiar,selection,reverse,encoder_wrong_support,repeat,0.5,10,specimen_10,20,315,1.0,0.36429567138353985,0.5678775504205935
familiar,selection,reverse,encoder_wrong_support,repeat,0.5,10,specimen_10,40,45,0.5,0.5268669426441193,0.6689542095288736
familiar,selection,reverse,encoder_wrong_support,repeat,0.5,10,specimen_10,40,45,1.0,0.5488452613353729,0.6387428909781321
familiar,selection,reverse,encoder_wrong_support,repeat,0.5,10,specimen_10,40,90,1.0,0.7370843291282654,1.7113121127820528
familiar,selection,reverse,encoder_wrong_support,repeat,0.5,10,specimen_10,40,135,0.5,0.6319720347722372,1.053992939918686
familiar,selection,reverse,encoder_wrong_support,repeat,0.5,10,specimen_10,40,135,1.0,0.5462288955847422,0.8029002962211047
familiar,selection,reverse,encoder_wrong_support,repeat,0.5,10,specimen_10,40,180,0.5,0.6265327135721842,0.11603176636925583
familiar,selection,reverse,encoder_wrong_support,repeat,0.5,10,specimen_10,40,180,1.0,0.668195903301239,0.2472644275430044
familiar,selection,reverse,encoder_wrong_support,repeat,0.5,10,specimen_10,40,225,0.5,0.5369738042354584,0.8627485480264744
familiar,selection,reverse,encoder_wrong_support,repeat,0.5,10,specimen_10,40,225,1.0,0.5558877885341644,0.6234700576789067
familiar,selection,reverse,encoder_wrong_support,repeat,0.5,10,specimen_10,40,270,0.5,0.5797226031621298,1.3978824227715332
familiar,selection,reverse,encoder_wrong_support,repeat,0.5,10,specimen_10,40,270,1.0,0.6358545422554016,1.0638674476574121
familiar,selection,reverse,encoder_wrong_support,repeat,0.5,10,specimen_10,40,315,0.5,0.5924669702847799,1.4019881991408205
familiar,selection,reverse,encoder_wrong_support,repeat,0.5,10,specimen_10,40,315,1.0,0.630989134311676,0.8081443835477424
familiar,selection,reverse,encoder_wrong_support,repeat,0.5,10,specimen_10,60,0,0.5,0.7367000381151835,0.18794915025154543
familiar,selection,reverse,encoder_wrong_support,repeat,0.5,10,specimen_10,60,0,1.0,0.706971804300944,0.2777985037195175
familiar,selection,reverse,encoder_wrong_support,repeat,0.5,10,specimen_10,60,45,0.5,0.6486336588859558,1.1313193126085974
familiar,selection,reverse,encoder_wrong_support,repeat,0.5,10,specimen_10,60,45,1.0,0.7641675670941671,1.2099644625015944
familiar,selection,reverse,encoder_wrong_support,repeat,0.5,10,specimen_10,60,90,0.5,0.5560379525025686,1.4301872855913615
familiar,selection,reverse,encoder_wrong_support,repeat,0.5,10,specimen_10,60,90,1.0,0.6954727570215861,1.6199198857233057
familiar,selection,reverse,encoder_wrong_support,repeat,0.5,10,specimen_10,60,135,0.5,0.7790343364079794,1.3895109506502645
familiar,selection,reverse,encoder_wrong_support,repeat,0.5,10,specimen_10,60,135,1.0,0.822527805964152,1.4292813344637576
familiar,selection,reverse,encoder_wrong_support,repeat,0.5,10,specimen_10,60,180,0.5,0.5999001065889994,0.1372980479735511
familiar,selection,reverse,encoder_wrong_support,repeat,0.5,10,specimen_10,60,180,1.0,0.7020352284113566,0.2759323334914716
familiar,selection,reverse,encoder_wrong_support,repeat,0.5,10,specimen_10,60,225,0.5,0.5943067173163096,1.1363047542305291
familiar,selection,reverse,encoder_wrong_support,repeat,0.5,10,specimen_10,60,225,1.0,0.6609439253807068,1.1291541893232724
familiar,selection,reverse,encoder_wrong_support,repeat,0.5,10,specimen_10,60,270,0.5,0.6005334854125977,1.44911281440268
familiar,selection,reverse,encoder_wrong_support,repeat,0.5,10,specimen_10,60,270,1.0,0.695119728644689,1.2443334574103428
familiar,selection,reverse,encoder_wrong_support,repeat,0.5,10,specimen_10,60,315,0.5,0.7304860750834147,1.0001071751664865
familiar,selection,reverse,encoder_wrong_support,repeat,0.5,10,specimen_10,60,315,1.0,0.7232710917790731,1.1593082494715534
familiar,selection,reverse,encoder_wrong_support,repeat,0.5,57,specimen_57,20,0,1.0,0.5969767570495605,0.38346352030717906
familiar,selection,reverse,encoder_wrong_support,repeat,0.5,57,specimen_57,20,45,0.5,0.49553270141283673,0.027700217064088168
familiar,selection,reverse,encoder_wrong_support,repeat,0.5,57,specimen_57,20,45,1.0,0.5017318427562714,0.010543974516609414
familiar,selection,reverse,encoder_wrong_support,repeat,0.5,57,specimen_57,20,90,0.5,0.5525255004564921,0.020864340639282924
familiar,selection,reverse,encoder_wrong_support,repeat,0.5,57,specimen_57,20,90,1.0,0.5648443500200907,0.0564317307701289
familiar,selection,reverse,encoder_wrong_support,repeat,0.5,57,specimen_57,20,135,0.5,0.458193173011144,0.027323443712312767
familiar,selection,reverse,encoder_wrong_support,repeat,0.5,57,specimen_57,20,135,1.0,0.5040859381357828,0.04431159892390261
familiar,selection,reverse,encoder_wrong_support,repeat,0.5,57,specimen_57,20,180,0.5,0.640482505162557,0.3452972512876447
familiar,selection,reverse,encoder_wrong_support,repeat,0.5,57,specimen_57,20,180,1.0,0.6794319947560629,0.3512504730398871
familiar,selection,reverse,encoder_wrong_support,repeat,0.5,57,specimen_57,20,225,0.5,0.3770233889420827,0.08126414407934275
familiar,selection,reverse,encoder_wrong_support,repeat,0.5,57,specimen_57,20,225,1.0,0.37377727031707764,0.059031389328128035
familiar,selection,reverse,encoder_wrong_support,repeat,0.5,57,specimen_57,20,270,0.5,0.5795844395955404,0.029084188785622207
familiar,selection,reverse,encoder_wrong_support,repeat,0.5,57,specimen_57,20,270,1.0,0.43852240840593976,0.07870761922743352
familiar,selection,reverse,encoder_wrong_support,repeat,0.5,57,specimen_57,20,315,0.5,0.45928852756818134,0.09217861366716225
familiar,selection,reverse,encoder_wrong_support,repeat,0.5,57,specimen_57,20,315,1.0,0.45872511466344196,0.022682033926291867
familiar,selection,reverse,encoder_wrong_support,repeat,0.5,57,specimen_57,40,45,0.5,0.5753363569577535,0.14028782822871178
familiar,selection,reverse,encoder_wrong_support,repeat,0.5,57,specimen_57,40,45,1.0,0.528116504351298,0.14357061772417037
familiar,selection,reverse,encoder_wrong_support,repeat,0.5,57,specimen_57,40,90,1.0,0.45235592126846313,1.1175829271866915
familiar,selection,reverse,encoder_wrong_support,repeat,0.5,57,specimen_57,40,135,0.5,0.5868030786514282,0.5854041364129589
familiar,selection,reverse,encoder_wrong_support,repeat,0.5,57,specimen_57,40,135,1.0,0.5969749987125397,0.3876203416941872
familiar,selection,reverse,encoder_wrong_support,repeat,0.5,57,specimen_57,40,180,0.5,0.7759881814320883,0.2959266741259085
familiar,selection,reverse,encoder_wrong_support,repeat,0.5,57,specimen_57,40,180,1.0,0.7075377106666565,0.3187395873279765
familiar,selection,reverse,encoder_wrong_support,repeat,0.5,57,specimen_57,40,225,0.5,0.5841725468635559,0.45815349061221994
familiar,selection,reverse,encoder_wrong_support,repeat,0.5,57,specimen_57,40,225,1.0,0.49140239755312604,0.31308571198034424
familiar,selection,reverse,encoder_wrong_support,repeat,0.5,57,specimen_57,40,270,0.5,0.4044304887453715,1.5985933274282533
familiar,selection,reverse,encoder_wrong_support,repeat,0.5,57,specimen_57,40,270,1.0,0.42592737078666687,1.4700879773598625
familiar,selection,reverse,encoder_wrong_support,repeat,0.5,57,specimen_57,40,315,0.5,0.5617957909901937,1.4759430622683993
familiar,selection,reverse,encoder_wrong_support,repeat,0.5,57,specimen_57,40,315,1.0,0.6108055313428243,0.9729961229181393
familiar,selection,reverse,encoder_wrong_support,repeat,0.5,57,specimen_57,60,0,0.5,1.0535433292388916,0.6775236976905763
familiar,selection,reverse,encoder_wrong_support,repeat,0.5,57,specimen_57,60,0,1.0,0.9798356890678406,0.7126996586479525
familiar,selection,reverse,encoder_wrong_support,repeat,0.5,57,specimen_57,60,45,0.5,0.5429426034291586,0.7231130982682844
familiar,selection,reverse,encoder_wrong_support,repeat,0.5,57,specimen_57,60,45,1.0,0.5373358031113943,0.5452921679315696
familiar,selection,reverse,encoder_wrong_support,repeat,0.5,57,specimen_57,60,90,0.5,0.5275234381357828,0.73471252362173
familiar,selection,reverse,encoder_wrong_support,repeat,0.5,57,specimen_57,60,90,1.0,0.528225302696228,0.7652577328247233
familiar,selection,reverse,encoder_wrong_support,repeat,0.5,57,specimen_57,60,135,0.5,0.5720469752947489,1.1134508001209102
familiar,selection,reverse,encoder_wrong_support,repeat,0.5,57,specimen_57,60,135,1.0,0.5875489513079325,1.0078308687700137
familiar,selection,reverse,encoder_wrong_support,repeat,0.5,57,specimen_57,60,180,0.5,0.8804423411687216,0.5448363810531647
familiar,selection,reverse,encoder_wrong_support,repeat,0.5,57,specimen_57,60,180,1.0,0.8804302414258321,0.5608884937123801
familiar,selection,reverse,encoder_wrong_support,repeat,0.5,57,specimen_57,60,225,0.5,0.4878685772418976,1.1435235250865434
familiar,selection,reverse,encoder_wrong_support,repeat,0.5,57,specimen_57,60,225,1.0,0.5061820844809214,0.8329170071895339
familiar,selection,reverse,encoder_wrong_support,repeat,0.5,57,specimen_57,60,270,0.5,0.5054928958415985,1.1803660415207962
familiar,selection,reverse,encoder_wrong_support,repeat,0.5,57,specimen_57,60,270,1.0,0.5286271572113037,0.9122186053170113
familiar,selection,reverse,encoder_wrong_support,repeat,0.5,57,specimen_57,60,315,0.5,0.4674504299958547,1.3352247573905327
familiar,selection,reverse,encoder_wrong_support,repeat,0.5,57,specimen_57,60,315,1.0,0.49665417273839313,1.354540776306585
familiar,selection,reverse,encoder_wrong_support,single,0.5,10,specimen_10,20,0,1.0,0.308972289164861,0.08594250846930314
familiar,selection,reverse,encoder_wrong_support,single,0.5,10,specimen_10,20,45,0.5,0.24864130715529123,0.2693560064394476
familiar,selection,reverse,encoder_wrong_support,single,0.5,10,specimen_10,20,45,1.0,0.22332608699798584,0.2062197964954151
familiar,selection,reverse,encoder_wrong_support,single,0.5,10,specimen_10,20,90,0.5,0.3199151853720347,0.19051301040595534
familiar,selection,reverse,encoder_wrong_support,single,0.5,10,specimen_10,20,90,1.0,0.30042220155398053,0.2972725804163072
familiar,selection,reverse,encoder_wrong_support,single,0.5,10,specimen_10,20,135,0.5,0.29816242059071857,0.2648032664228906
familiar,selection,reverse,encoder_wrong_support,single,0.5,10,specimen_10,20,135,1.0,0.27348925669987995,0.2191373454587886
familiar,selection,reverse,encoder_wrong_support,single,0.5,10,specimen_10,20,180,0.5,0.36172929406166077,0.058266480432444735
familiar,selection,reverse,encoder_wrong_support,single,0.5,10,specimen_10,20,180,1.0,0.37841008106867474,0.049952481102813785
familiar,selection,reverse,encoder_wrong_support,single,0.5,10,specimen_10,20,225,0.5,0.2532980690399806,0.3104382105551226
familiar,selection,reverse,encoder_wrong_support,single,0.5,10,specimen_10,20,225,1.0,0.28412599364916485,0.27877275401246715
familiar,selection,reverse,encoder_wrong_support,single,0.5,10,specimen_10,20,270,0.5,0.31034716963768005,0.267264052682534
familiar,selection,reverse,encoder_wrong_support,single,0.5,10,specimen_10,20,270,1.0,0.33542076746622723,0.42826588554843587
familiar,selection,reverse,encoder_wrong_support,single,0.5,10,specimen_10,20,315,0.5,0.29567351937294006,0.3770493416792862
familiar,selection,reverse,encoder_wrong_support,single,0.5,10,specimen_10,20,315,1.0,0.23246672749519348,0.5091014351775233
familiar,selection,reverse,encoder_wrong_support,single,0.5,10,specimen_10,40,45,0.5,0.3390681544939677,0.5867837227548404
familiar,selection,reverse,encoder_wrong_support,single,0.5,10,specimen_10,40,45,1.0,0.35564033190409344,0.5518669250990809
familiar,selection,reverse,encoder_wrong_support,single,0.5,10,specimen_10,40,90,1.0,0.5607903103033701,1.6192031901354447
familiar,selection,reverse,encoder_wrong_support,single,0.5,10,specimen_10,40,135,0.5,0.4398437440395355,0.9716814671992822
familiar,selection,reverse,encoder_wrong_support,single,0.5,10,specimen_10,40,135,1.0,0.3631650706132253,0.7201011821614799
familiar,selection,reverse,encoder_wrong_support,single,0.5,10,specimen_10,40,180,0.5,0.5041968921820322,0.04551062726650893
familiar,selection,reverse,encoder_wrong_support,single,0.5,10,specimen_10,40,180,1.0,0.5279458264509836,0.17526793893604373
familiar,selection,reverse,encoder_wrong_support,single,0.5,10,specimen_10,40,225,0.5,0.3437825043996175,0.7939550728414008
familiar,selection,reverse,encoder_wrong_support,single,0.5,10,specimen_10,40,225,1.0,0.3738376597563426,0.5530288609383639
familiar,selection,reverse,encoder_wrong_support,single,0.5,10,specimen_10,40,270,0.5,0.42334304253260296,1.3263485623966043
familiar,selection,reverse,encoder_wrong_support,single,0.5,10,specimen_10,40,270,1.0,0.46555009484291077,0.9907284994180193
familiar,selection,reverse,encoder_wrong_support,single,0.5,10,specimen_10,40,315,0.5,0.404619167248408,1.328434792354508
familiar,selection,reverse,encoder_wrong_support,single,0.5,10,specimen_10,40,315,1.0,0.4416985015074412,0.7324573988532562
familiar,selection,reverse,encoder_wrong_support,single,0.5,10,specimen_10,60,0,0.5,0.6002581715583801,0.10533234038640342
familiar,selection,reverse,encoder_wrong_support,single,0.5,10,specimen_10,60,0,1.0,0.5742329955101013,0.17589827047330264
familiar,selection,reverse,encoder_wrong_support,single,0.5,10,specimen_10,60,45,0.5,0.45654018719991046,1.0240060310607912
familiar,selection,reverse,encoder_wrong_support,single,0.5,10,specimen_10,60,45,1.0,0.5648906230926514,1.0953138118612773
familiar,selection,reverse,encoder_wrong_support,single,0.5,10,specimen_10,60,90,0.5,0.46820976336797077,1.3135957080635687
familiar,selection,reverse,encoder_wrong_support,single,0.5,10,specimen_10,60,90,1.0,0.5413434306780497,1.5008752169544621
familiar,selection,reverse,encoder_wrong_support,single,0.5,10,specimen_10,60,135,0.5,0.5677699347337087,1.280245278620125
familiar,selection,reverse,encoder_wrong_support,single,0.5,10,specimen_10,60,135,1.0,0.6206494073073069,1.3192064924977533
familiar,selection,reverse,encoder_wrong_support,single,0.5,10,specimen_10,60,180,0.5,0.4947323501110077,0.04735607989887036
familiar,selection,reverse,encoder_wrong_support,single,0.5,10,specimen_10,60,180,1.0,0.5745384693145752,0.18340698115958154
familiar,selection,reverse,encoder_wrong_support,single,0.5,10,specimen_10,60,225,0.5,0.4157914121945699,1.049937178712564
familiar,selection,reverse,encoder_wrong_support,single,0.5,10,specimen_10,60,225,1.0,0.48333341876665753,1.0418754445038985
familiar,selection,reverse,encoder_wrong_support,single,0.5,10,specimen_10,60,270,0.5,0.4710513154665629,1.3582233880877037
familiar,selection,reverse,encoder_wrong_support,single,0.5,10,specimen_10,60,270,1.0,0.5367076297601064,1.1517291274942358
familiar,selection,reverse,encoder_wrong_support,single,0.5,10,specimen_10,60,315,0.5,0.5305898487567902,0.9039570776402949
familiar,selection,reverse,encoder_wrong_support,single,0.5,10,specimen_10,60,315,1.0,0.531489739815394,1.0616868941555329
familiar,selection,reverse,encoder_wrong_support,single,0.5,57,specimen_57,20,0,1.0,0.734913150469462,0.48002334787924267
familiar,selection,reverse,encoder_wrong_support,single,0.5,57,specimen_57,20,45,0.5,0.6588722467422485,0.07422659750853496
familiar,selection,reverse,encoder_wrong_support,single,0.5,57,specimen_57,20,45,1.0,0.6667396823565165,0.10743954870002821
familiar,selection,reverse,encoder_wrong_support,single,0.5,57,specimen_57,20,90,0.5,0.7150257627169291,0.11947684004079029
familiar,selection,reverse,encoder_wrong_support,single,0.5,57,specimen_57,20,90,1.0,0.7294413844744364,0.1674177902718502
familiar,selection,reverse,encoder_wrong_support,single,0.5,57,specimen_57,20,135,0.5,0.6255373358726501,0.09509743017401735
familiar,selection,reverse,encoder_wrong_support,single,0.5,57,specimen_57,20,135,1.0,0.6702044606208801,0.14486245433056236
familiar,selection,reverse,encoder_wrong_support,single,0.5,57,specimen_57,20,180,0.5,0.8146658341089884,0.4282163188825134
familiar,selection,reverse,encoder_wrong_support,single,0.5,57,specimen_57,20,180,1.0,0.8571192622184753,0.4378714855902858
familiar,selection,reverse,encoder_wrong_support,single,0.5,57,specimen_57,20,225,0.5,0.5265572667121887,0.028377277463868606
familiar,selection,reverse,encoder_wrong_support,single,0.5,57,specimen_57,20,225,1.0,0.5243307054042816,0.019884311746925325
familiar,selection,reverse,encoder_wrong_support,single,0.5,57,specimen_57,20,270,0.5,0.7353066007296244,0.08742924230811482
familiar,selection,reverse,encoder_wrong_support,single,0.5,57,specimen_57,20,270,1.0,0.5876495242118835,0.017124210808255585
familiar,selection,reverse,encoder_wrong_support,single,0.5,57,specimen_57,20,315,0.5,0.6212552785873413,0.007936189471639913
familiar,selection,reverse,encoder_wrong_support,single,0.5,57,specimen_57,20,315,1.0,0.6255619724591573,0.11138664511637686
familiar,selection,reverse,encoder_wrong_support,single,0.5,57,specimen_57,40,45,0.5,0.7369383573532104,0.12743193817777818
familiar,selection,reverse,encoder_wrong_support,single,0.5,57,specimen_57,40,45,1.0,0.6880247990290324,0.18259309440369628
familiar,selection,reverse,encoder_wrong_support,single,0.5,57,specimen_57,40,90,1.0,0.5596652626991272,0.9593930757446877
familiar,selection,reverse,encoder_wrong_support,single,0.5,57,specimen_57,40,135,0.5,0.7515360116958618,0.44764084614273464
familiar,selection,reverse,encoder_wrong_support,single,0.5,57,specimen_57,40,135,1.0,0.7617947856585184,0.257974566102763
familiar,selection,reverse,encoder_wrong_support,single,0.5,57,specimen_57,40,180,0.5,0.9450590014457703,0.4088984683824896
familiar,selection,reverse,encoder_wrong_support,single,0.5,57,specimen_57,40,180,1.0,0.8729766607284546,0.43455889785463914
familiar,selection,reverse,encoder_wrong_support,single,0.5,57,specimen_57,40,225,0.5,0.7411925594011942,0.35512650441561716
familiar,selection,reverse,encoder_wrong_support,single,0.5,57,specimen_57,40,225,1.0,0.6479126612345377,0.20743009996725847
familiar,selection,reverse,encoder_wrong_support,single,0.5,57,specimen_57,40,270,0.5,0.5024911065896353,1.4836178611144017
familiar,selection,reverse,encoder_wrong_support,single,0.5,57,specimen_57,40,270,1.0,0.5251365204652151,1.3520619369922449
familiar,selection,reverse,encoder_wrong_support,single,0.5,57,specimen_57,40,315,0.5,0.7201635042826334,1.3597590550726848
familiar,selection,reverse,encoder_wrong_support,single,0.5,57,specimen_57,40,315,1.0,0.7639857331911722,0.862391837688627
familiar,selection,reverse,encoder_wrong_support,single,0.5,57,specimen_57,60,0,0.5,1.223975419998169,0.8228534304407468
familiar,selection,reverse,encoder_wrong_support,single,0.5,57,specimen_57,60,0,1.0,1.1397827863693237,0.8513170589581461
familiar,selection,reverse,encoder_wrong_support,single,0.5,57,specimen_57,60,45,0.5,0.6539179881413778,0.5595915622645383
familiar,selection,reverse,encoder_wrong_support,single,0.5,57,specimen_57,60,45,1.0,0.6379127701123556,0.4380726458848116
familiar,selection,reverse,encoder_wrong_support,single,0.5,57,specimen_57,60,90,0.5,0.6353285312652588,0.5689684296589164
familiar,selection,reverse,encoder_wrong_support,single,0.5,57,specimen_57,60,90,1.0,0.6270262201627096,0.6197813866640136
familiar,selection,reverse,encoder_wrong_support,single,0.5,57,specimen_57,60,135,0.5,0.6833728551864624,0.9608647954849857
familiar,selection,reverse,encoder_wrong_support,single,0.5,57,specimen_57,60,135,1.0,0.6909036040306091,0.8670109637671338
familiar,selection,reverse,encoder_wrong_support,single,0.5,57,specimen_57,60,180,0.5,1.0468414823214214,0.6923481037035849
familiar,selection,reverse,encoder_wrong_support,single,0.5,57,specimen_57,60,180,1.0,1.0412917931874592,0.7053336016334044
familiar,selection,reverse,encoder_wrong_support,single,0.5,57,specimen_57,60,225,0.5,0.6135263442993164,1.0023928391297445
familiar,selection,reverse,encoder_wrong_support,single,0.5,57,specimen_57,60,225,1.0,0.6293008327484131,0.687023893680044
familiar,selection,reverse,encoder_wrong_support,single,0.5,57,specimen_57,60,270,0.5,0.6141554117202759,1.042665357102564
familiar,selection,reverse,encoder_wrong_support,single,0.5,57,specimen_57,60,270,1.0,0.641199012597402,0.78981471814554
familiar,selection,reverse,encoder_wrong_support,single,0.5,57,specimen_57,60,315,0.5,0.5911999344825745,1.2027332598749219
familiar,selection,reverse,encoder_wrong_support,single,0.5,57,specimen_57,60,315,1.0,0.6118426322937012,1.228629337593177
familiar,selection,reverse,fixed_features,direction,0.5,10,specimen_10,20,0,1.0,0.4031455865239911,0.25907742031207925
familiar,selection,reverse,fixed_features,direction,0.5,10,specimen_10,20,45,0.5,0.21853556199446747,0.12606648730615744
familiar,selection,reverse,fixed_features,direction,0.5,10,specimen_10,20,45,1.0,0.3156750964799992,0.05144044531864067
familiar,selection,reverse,fixed_features,direction,0.5,10,specimen_10,20,90,0.5,0.42506032602532073,0.09967618639183529
familiar,selection,reverse,fixed_features,direction,0.5,10,specimen_10,20,90,1.0,0.3490542030102577,0.19304899195559222
familiar,selection,reverse,fixed_features,direction,0.5,10,specimen_10,20,135,0.5,0.20943468390294973,0.2081554242753887
familiar,selection,reverse,fixed_features,direction,0.5,10,specimen_10,20,135,1.0,0.21917317861029958,0.14321118762466511
familiar,selection,reverse,fixed_features,direction,0.5,10,specimen_10,20,180,0.5,0.2781846498673624,0.06474259630678314
familiar,selection,reverse,fixed_features,direction,0.5,10,specimen_10,20,180,1.0,0.2659936671348402,0.09068519300008943
familiar,selection,reverse,fixed_features,direction,0.5,10,specimen_10,20,225,0.5,0.19846211304544592,0.2728468543619187
familiar,selection,reverse,fixed_features,direction,0.5,10,specimen_10,20,225,1.0,0.24589062013306698,0.22760275576511463
familiar,selection,reverse,fixed_features,direction,0.5,10,specimen_10,20,270,0.5,0.29069786476899223,0.20749551019268153
familiar,selection,reverse,fixed_features,direction,0.5,10,specimen_10,20,270,1.0,0.2471091772792291,0.35728550896342676
familiar,selection,reverse,fixed_features,direction,0.5,10,specimen_10,20,315,0.5,0.18219337404195377,0.261849185541004
familiar,selection,reverse,fixed_features,direction,0.5,10,specimen_10,20,315,1.0,0.2798388839103542,0.38105864041392423
familiar,selection,reverse,fixed_features,direction,0.5,10,specimen_10,40,45,0.5,0.2065413976607303,0.2701764885490219
familiar,selection,reverse,fixed_features,direction,0.5,10,specimen_10,40,45,1.0,0.18765203240918815,0.21860611605871672
familiar,selection,reverse,fixed_features,direction,0.5,10,specimen_10,40,90,1.0,0.35629550001743154,1.3662820609782564
familiar,selection,reverse,fixed_features,direction,0.5,10,specimen_10,40,135,0.5,0.2590942262375221,0.7831186625052958
familiar,selection,reverse,fixed_features,direction,0.5,10,specimen_10,40,135,1.0,0.21840687545302476,0.5029885080309348
familiar,selection,reverse,fixed_features,direction,0.5,10,specimen_10,40,180,0.5,0.39423697064722657,0.12610725700964054
familiar,selection,reverse,fixed_features,direction,0.5,10,specimen_10,40,180,1.0,0.36191184952954575,0.02225287052227176
familiar,selection,reverse,fixed_features,direction,0.5,10,specimen_10,40,225,0.5,0.22619939274135334,0.6290771629943752
familiar,selection,reverse,fixed_features,direction,0.5,10,specimen_10,40,225,1.0,0.20580094543081798,0.3659942132461085
familiar,selection,reverse,fixed_features,direction,0.5,10,specimen_10,40,270,0.5,0.33960302709000484,1.1337668600492288
familiar,selection,reverse,fixed_features,direction,0.5,10,specimen_10,40,270,1.0,0.2968342600989971,0.7784276108578135
familiar,selection,reverse,fixed_features,direction,0.5,10,specimen_10,40,315,0.5,0.23679060868947874,1.0473603451662699
familiar,selection,reverse,fixed_features,direction,0.5,10,specimen_10,40,315,1.0,0.2154636184315379,0.43307328210443563
familiar,selection,reverse,fixed_features,direction,0.5,10,specimen_10,60,0,0.5,0.5535766831595051,0.6203261526716204
familiar,selection,reverse,fixed_features,direction,0.5,10,specimen_10,60,0,1.0,0.4853175153560489,0.5690224945781395
familiar,selection,reverse,fixed_features,direction,0.5,10,specimen_10,60,45,0.5,0.24087225150435806,0.3576600009648303
familiar,selection,reverse,fixed_features,direction,0.5,10,specimen_10,60,45,1.0,0.23084975898629426,0.3981282377153499
familiar,selection,reverse,fixed_features,direction,0.5,10,specimen_10,60,90,0.5,0.40179562014101683,0.7770770636267628
familiar,selection,reverse,fixed_features,direction,0.5,10,specimen_10,60,90,1.0,0.3340652887544426,0.922744858022311
familiar,selection,reverse,fixed_features,direction,0.5,10,specimen_10,60,135,0.5,0.2418871909410841,0.8215708492863396
familiar,selection,reverse,fixed_features,direction,0.5,10,specimen_10,60,135,1.0,0.2566497572802677,0.8142486165831779
familiar,selection,reverse,fixed_features,direction,0.5,10,specimen_10,60,180,0.5,0.4483651693054836,0.39339069196183174
familiar,selection,reverse,fixed_features,direction,0.5,10,specimen_10,60,180,1.0,0.43583054311773983,0.2992738478510628
familiar,selection,reverse,fixed_features,direction,0.5,10,specimen_10,60,225,0.5,0.24920819922362378,0.6165249062306553
familiar,selection,reverse,fixed_features,direction,0.5,10,specimen_10,60,225,1.0,0.26954129605613214,0.5657887703507796
familiar,selection,reverse,fixed_features,direction,0.5,10,specimen_10,60,270,0.5,0.3690528916149239,0.8732686266800744
familiar,selection,reverse,fixed_features,direction,0.5,10,specimen_10,60,270,1.0,0.30645695834531805,0.6349218390919402
familiar,selection,reverse,fixed_features,direction,0.5,10,specimen_10,60,315,0.5,0.22515053860984402,0.28576537813837644
familiar,selection,reverse,fixed_features,direction,0.5,10,specimen_10,60,315,1.0,0.2508796155827753,0.40848767546829823
familiar,selection,reverse,fixed_features,direction,0.5,57,specimen_57,20,0,1.0,0.45961628143197525,0.24246210670337137
familiar,selection,reverse,fixed_features,direction,0.5,57,specimen_57,20,45,0.5,0.26947296340256194,0.2009818284182192
familiar,selection,reverse,fixed_features,direction,0.5,57,specimen_57,20,45,1.0,0.2844703664857871,0.17199900902012194
familiar,selection,reverse,fixed_features,direction,0.5,57,specimen_57,20,90,0.5,0.2658403857345882,0.21192034998403403
familiar,selection,reverse,fixed_features,direction,0.5,57,specimen_57,20,90,1.0,0.29791943274057836,0.1639298974243537
familiar,selection,reverse,fixed_features,direction,0.5,57,specimen_57,20,135,0.5,0.21868324400111552,0.23748698525090622
familiar,selection,reverse,fixed_features,direction,0.5,57,specimen_57,20,135,1.0,0.24482703146119958,0.1872277623688952
familiar,selection,reverse,fixed_features,direction,0.5,57,specimen_57,20,180,0.5,0.3492555296561503,0.13216674122738178
familiar,selection,reverse,fixed_features,direction,0.5,57,specimen_57,20,180,1.0,0.35512179826874446,0.1423017277105059
familiar,selection,reverse,fixed_features,direction,0.5,57,specimen_57,20,225,0.5,0.2515168794389165,0.2841949987865596
familiar,selection,reverse,fixed_features,direction,0.5,57,specimen_57,20,225,1.0,0.2413759219064225,0.2561035954081437
familiar,selection,reverse,fixed_features,direction,0.5,57,specimen_57,20,270,0.5,0.28420571612313056,0.1894555422828998
familiar,selection,reverse,fixed_features,direction,0.5,57,specimen_57,20,270,1.0,0.23459087217780805,0.2677999873307295
familiar,selection,reverse,fixed_features,direction,0.5,57,specimen_57,20,315,0.5,0.24381449416664505,0.2603368378853189
familiar,selection,reverse,fixed_features,direction,0.5,57,specimen_57,20,315,1.0,0.24397551256666716,0.13992118508329282
familiar,selection,reverse,fixed_features,direction,0.5,57,specimen_57,40,45,0.5,0.32986001135923976,0.29671050676170285
familiar,selection,reverse,fixed_features,direction,0.5,57,specimen_57,40,45,1.0,0.31375715850255687,0.2381838309356883
familiar,selection,reverse,fixed_features,direction,0.5,57,specimen_57,40,90,1.0,0.38818637074155893,1.3713450828131415
familiar,selection,reverse,fixed_features,direction,0.5,57,specimen_57,40,135,0.5,0.3126767064011517,0.8420996789698884
familiar,selection,reverse,fixed_features,direction,0.5,57,specimen_57,40,135,1.0,0.33155977607283554,0.6502639868658275
familiar,selection,reverse,fixed_features,direction,0.5,57,specimen_57,40,180,0.5,0.4361744120729017,0.0867376041988479
familiar,selection,reverse,fixed_features,direction,0.5,57,specimen_57,40,180,1.0,0.41302907157376967,0.1071855677684001
familiar,selection,reverse,fixed_features,direction,0.5,57,specimen_57,40,225,0.5,0.30655259988617495,0.6507240584235108
familiar,selection,reverse,fixed_features,direction,0.5,57,specimen_57,40,225,1.0,0.28006162605435186,0.5030823548284801
familiar,selection,reverse,fixed_features,direction,0.5,57,specimen_57,40,270,0.5,0.3964543522583906,1.7740259558500453
familiar,selection,reverse,fixed_features,direction,0.5,57,specimen_57,40,270,1.0,0.368331463071186,1.6501457433110835
familiar,selection,reverse,fixed_features,direction,0.5,57,specimen_57,40,315,0.5,0.3073438701194497,1.60702221400956
familiar,selection,reverse,fixed_features,direction,0.5,57,specimen_57,40,315,1.0,0.37515824939505055,1.1087176414348643
familiar,selection,reverse,fixed_features,direction,0.5,57,specimen_57,60,0,0.5,0.8575362035642619,0.7284649530947089
familiar,selection,reverse,fixed_features,direction,0.5,57,specimen_57,60,0,1.0,0.8231959257468359,0.7682981716408155
familiar,selection,reverse,fixed_features,direction,0.5,57,specimen_57,60,45,0.5,0.33376577272734337,0.7650043374655999
familiar,selection,reverse,fixed_features,direction,0.5,57,specimen_57,60,45,1.0,0.3345221960990175,0.5853256855656754
familiar,selection,reverse,fixed_features,direction,0.5,57,specimen_57,60,90,0.5,0.34133796743700034,0.9246560428975561
familiar,selection,reverse,fixed_features,direction,0.5,57,specimen_57,60,90,1.0,0.35048803288823965,0.9524277614460976
familiar,selection,reverse,fixed_features,direction,0.5,57,specimen_57,60,135,0.5,0.35877423216164034,1.3577246693523257
familiar,selection,reverse,fixed_features,direction,0.5,57,specimen_57,60,135,1.0,0.38633585361325595,1.2466070311342659
familiar,selection,reverse,fixed_features,direction,0.5,57,specimen_57,60,180,0.5,0.5757274068724983,0.38756167732325697
familiar,selection,reverse,fixed_features,direction,0.5,57,specimen_57,60,180,1.0,0.5993183539803518,0.3931573514208571
familiar,selection,reverse,fixed_features,direction,0.5,57,specimen_57,60,225,0.5,0.3025051815605743,1.2546438134401212
familiar,selection,reverse,fixed_features,direction,0.5,57,specimen_57,60,225,1.0,0.3211773224609069,0.9513223615259732
familiar,selection,reverse,fixed_features,direction,0.5,57,specimen_57,60,270,0.5,0.3636743785185597,1.2560909427699951
familiar,selection,reverse,fixed_features,direction,0.5,57,specimen_57,60,270,1.0,0.3462867746894702,0.9914155679638442
familiar,selection,reverse,fixed_features,direction,0.5,57,specimen_57,60,315,0.5,0.2540537287564501,1.3245030822263475
familiar,selection,reverse,fixed_features,direction,0.5,57,specimen_57,60,315,1.0,0.2868038630915217,1.3349440731328182
familiar,selection,reverse,fixed_features,repeat,0.5,10,specimen_10,20,0,1.0,0.4068719603745093,0.24523184803092157
familiar,selection,reverse,fixed_features,repeat,0.5,10,specimen_10,20,45,0.5,0.22658689923035139,0.13884869911198694
familiar,selection,reverse,fixed_features,repeat,0.5,10,specimen_10,20,45,1.0,0.32719989856164927,0.06537817098060006
familiar,selection,reverse,fixed_features,repeat,0.5,10,specimen_10,20,90,0.5,0.43215042578325086,0.11141389488849573
familiar,selection,reverse,fixed_features,repeat,0.5,10,specimen_10,20,90,1.0,0.3595994672992962,0.2059896725820638
familiar,selection,reverse,fixed_features,repeat,0.5,10,specimen_10,20,135,0.5,0.21905035571351927,0.21831010668067735
familiar,selection,reverse,fixed_features,repeat,0.5,10,specimen_10,20,135,1.0,0.2292896416356455,0.15448655769126574
familiar,selection,reverse,fixed_features,repeat,0.5,10,specimen_10,20,180,0.5,0.27272477483208596,0.05590834304045228
familiar,selection,reverse,fixed_features,repeat,0.5,10,specimen_10,20,180,1.0,0.26499741363847035,0.08088476234307879
familiar,selection,reverse,fixed_features,repeat,0.5,10,specimen_10,20,225,0.5,0.19745512748644334,0.2814885922132031
familiar,selection,reverse,fixed_features,repeat,0.5,10,specimen_10,20,225,1.0,0.251572628125194,0.23709621616644777
familiar,selection,reverse,fixed_features,repeat,0.5,10,specimen_10,20,270,0.5,0.29860878049392836,0.21729001750770732
familiar,selection,reverse,fixed_features,repeat,0.5,10,specimen_10,20,270,1.0,0.25942969888890105,0.36791530766501696
familiar,selection,reverse,fixed_features,repeat,0.5,10,specimen_10,20,315,0.5,0.1841730564383853,0.2734490005308622
familiar,selection,reverse,fixed_features,repeat,0.5,10,specimen_10,20,315,1.0,0.2858073605771618,0.3935650012265408
familiar,selection,reverse,fixed_features,repeat,0.5,10,specimen_10,40,45,0.5,0.19984109643889822,0.2893648450464599
familiar,selection,reverse,fixed_features,repeat,0.5,10,specimen_10,40,45,1.0,0.18500566987939457,0.23959595716896376
familiar,selection,reverse,fixed_features,repeat,0.5,10,specimen_10,40,90,1.0,0.3729818449615821,1.3856899116854584
familiar,selection,reverse,fixed_features,repeat,0.5,10,specimen_10,40,135,0.5,0.24543289726993114,0.798597742815966
familiar,selection,reverse,fixed_features,repeat,0.5,10,specimen_10,40,135,1.0,0.2103623529640588,0.520185402239574
familiar,selection,reverse,fixed_features,repeat,0.5,10,specimen_10,40,180,0.5,0.3792862701175504,0.11223522463760638
familiar,selection,reverse,fixed_features,repeat,0.5,10,specimen_10,40,180,1.0,0.3541089917151609,0.006888202381961417
familiar,selection,reverse,fixed_features,repeat,0.5,10,specimen_10,40,225,0.5,0.21137226757098304,0.6430267490589662
familiar,selection,reverse,fixed_features,repeat,0.5,10,specimen_10,40,225,1.0,0.19991252684331492,0.381282991425276
familiar,selection,reverse,fixed_features,repeat,0.5,10,specimen_10,40,270,0.5,0.34796916111278425,1.1497008286570176
familiar,selection,reverse,fixed_features,repeat,0.5,10,specimen_10,40,270,1.0,0.3089305763235245,0.7957071121778958
familiar,selection,reverse,fixed_features,repeat,0.5,10,specimen_10,40,315,0.5,0.2225046751341929,1.0658783835464964
familiar,selection,reverse,fixed_features,repeat,0.5,10,specimen_10,40,315,1.0,0.2010566176453349,0.4530684935562669
familiar,selection,reverse,fixed_features,repeat,0.5,10,specimen_10,60,0,0.5,0.5406603586713296,0.5864880086108886
familiar,selection,reverse,fixed_features,repeat,0.5,10,specimen_10,60,0,1.0,0.4710453582761301,0.5323498599303713
familiar,selection,reverse,fixed_features,repeat,0.5,10,specimen_10,60,45,0.5,0.23275877795307695,0.3893862131636765
familiar,selection,reverse,fixed_features,repeat,0.5,10,specimen_10,60,45,1.0,0.22083842023797173,0.43284293062109946
familiar,selection,reverse,fixed_features,repeat,0.5,10,specimen_10,60,90,0.5,0.4086809605451102,0.8057227335826926
familiar,selection,reverse,fixed_features,repeat,0.5,10,specimen_10,60,90,1.0,0.34424572772113216,0.954374992433531
familiar,selection,reverse,fixed_features,repeat,0.5,10,specimen_10,60,135,0.5,0.23337797870050792,0.8471703194740889
familiar,selection,reverse,fixed_features,repeat,0.5,10,specimen_10,60,135,1.0,0.2553826395944137,0.842604719487517
familiar,selection,reverse,fixed_features,repeat,0.5,10,specimen_10,60,180,0.5,0.4318802070097935,0.3697132383995988
familiar,selection,reverse,fixed_features,repeat,0.5,10,specimen_10,60,180,1.0,0.4229856759279427,0.27318100911175414
familiar,selection,reverse,fixed_features,repeat,0.5,10,specimen_10,60,225,0.5,0.23703442587073978,0.6411313651797248
familiar,selection,reverse,fixed_features,repeat,0.5,10,specimen_10,60,225,1.0,0.2583107859353313,0.5926142596295336
familiar,selection,reverse,fixed_features,repeat,0.5,10,specimen_10,60,270,0.5,0.3747835273737146,0.9017715644971396
familiar,selection,reverse,fixed_features,repeat,0.5,10,specimen_10,60,270,1.0,0.3175279468285239,0.6657241875789468
familiar,selection,reverse,fixed_features,repeat,0.5,10,specimen_10,60,315,0.5,0.21191535693286423,0.318488579165084
familiar,selection,reverse,fixed_features,repeat,0.5,10,specimen_10,60,315,1.0,0.23436047618923872,0.4437791537642619
familiar,selection,reverse,fixed_features,repeat,0.5,57,specimen_57,20,0,1.0,0.46228115014754323,0.21490030549813577
familiar,selection,reverse,fixed_features,repeat,0.5,57,specimen_57,20,45,0.5,0.2681169414171804,0.22655427545747053
familiar,selection,reverse,fixed_features,repeat,0.5,57,specimen_57,20,45,1.0,0.23649067358411666,0.20090925466455722
familiar,selection,reverse,fixed_features,repeat,0.5,57,specimen_57,20,90,0.5,0.2310224743867895,0.2372770409091156
familiar,selection,reverse,fixed_features,repeat,0.5,57,specimen_57,20,90,1.0,0.2317097661085612,0.19276526575269953
familiar,selection,reverse,fixed_features,repeat,0.5,57,specimen_57,20,135,0.5,0.27031634230973006,0.2610413293235396
familiar,selection,reverse,fixed_features,repeat,0.5,57,specimen_57,20,135,1.0,0.23698204086051292,0.21403476581634956
familiar,selection,reverse,fixed_features,repeat,0.5,57,specimen_57,20,180,0.5,0.3510252855199684,0.11111206989320396
familiar,selection,reverse,fixed_features,repeat,0.5,57,specimen_57,20,180,1.0,0.31571167082723667,0.1184138321125304
familiar,selection,reverse,fixed_features,repeat,0.5,57,specimen_57,20,225,0.5,0.3196857358523976,0.30390156038868593
familiar,selection,reverse,fixed_features,repeat,0.5,57,specimen_57,20,225,1.0,0.29429302160234516,0.27834911637879195
familiar,selection,reverse,fixed_features,repeat,0.5,57,specimen_57,20,270,0.5,0.2553971570660027,0.20992179090765323
familiar,selection,reverse,fixed_features,repeat,0.5,57,specimen_57,20,270,1.0,0.27184871676734407,0.29076731092572733
familiar,selection,reverse,fixed_features,repeat,0.5,57,specimen_57,20,315,0.5,0.28625919779737824,0.2829453255174207
familiar,selection,reverse,fixed_features,repeat,0.5,57,specimen_57,20,315,1.0,0.24356783568429075,0.16520534570188516
familiar,selection,reverse,fixed_features,repeat,0.5,57,specimen_57,40,45,0.5,0.23881066484256486,0.3389875932341948
familiar,selection,reverse,fixed_features,repeat,0.5,57,specimen_57,40,45,1.0,0.22395487011164683,0.2854133905115178
familiar,selection,reverse,fixed_features,repeat,0.5,57,specimen_57,40,90,1.0,0.44163049428315854,1.4182926236842242
familiar,selection,reverse,fixed_features,repeat,0.5,57,specimen_57,40,135,0.5,0.23761145404404907,0.880971857145156
familiar,selection,reverse,fixed_features,repeat,0.5,57,specimen_57,40,135,1.0,0.26010001563516333,0.6939699031268767
familiar,selection,reverse,fixed_features,repeat,0.5,57,specimen_57,40,180,0.5,0.33813629769348336,0.05172688062849551
familiar,selection,reverse,fixed_features,repeat,0.5,57,specimen_57,40,180,1.0,0.3349575451084504,0.06794242729552308
familiar,selection,reverse,fixed_features,repeat,0.5,57,specimen_57,40,225,0.5,0.2393980962853642,0.683858220967458
familiar,selection,reverse,fixed_features,repeat,0.5,57,specimen_57,40,225,1.0,0.23799763329468995,0.5400403706687706
familiar,selection,reverse,fixed_features,repeat,0.5,57,specimen_57,40,270,0.5,0.5113833889105805,1.808617687632776
familiar,selection,reverse,fixed_features,repeat,0.5,57,specimen_57,40,270,1.0,0.44801376789506925,1.6885341183227145
familiar,selection,reverse,fixed_features,repeat,0.5,57,specimen_57,40,315,0.5,0.24556047086927082,1.644993448220347
familiar,selection,reverse,fixed_features,repeat,0.5,57,specimen_57,40,315,1.0,0.29118800675626416,1.1507402983345343
familiar,selection,reverse,fixed_features,repeat,0.5,57,specimen_57,60,0,0.5,0.7318505159721594,0.6575344003599496
familiar,selection,reverse,fixed_features,repeat,0.5,57,specimen_57,60,0,1.0,0.7138349274054056,0.6904434845708016
familiar,selection,reverse,fixed_features,repeat,0.5,57,specimen_57,60,45,0.5,0.2936623827122573,0.837700371668621
familiar,selection,reverse,fixed_features,repeat,0.5,57,specimen_57,60,45,1.0,0.27641011260401444,0.665570323943874
familiar,selection,reverse,fixed_features,repeat,0.5,57,specimen_57,60,90,0.5,0.3488109275449694,0.9960621715810641
familiar,selection,reverse,fixed_features,repeat,0.5,57,specimen_57,60,90,1.0,0.3604044382802603,1.0316417834056317
familiar,selection,reverse,fixed_features,repeat,0.5,57,specimen_57,60,135,0.5,0.3517990698202855,1.4241671453080431
familiar,selection,reverse,fixed_features,repeat,0.5,57,specimen_57,60,135,1.0,0.34370943217210986,1.320382356902357
familiar,selection,reverse,fixed_features,repeat,0.5,57,specimen_57,60,180,0.5,0.44707359020253756,0.3271884793851605
familiar,selection,reverse,fixed_features,repeat,0.5,57,specimen_57,60,180,1.0,0.4656829279081407,0.32632347344438334
familiar,selection,reverse,fixed_features,repeat,0.5,57,specimen_57,60,225,0.5,0.3004653142126354,1.3125250890419577
familiar,selection,reverse,fixed_features,repeat,0.5,57,specimen_57,60,225,1.0,0.2912979950191085,1.0151057175362013
familiar,selection,reverse,fixed_features,repeat,0.5,57,specimen_57,60,270,0.5,0.37517681512169965,1.3169688395969585
familiar,selection,reverse,fixed_features,repeat,0.5,57,specimen_57,60,270,1.0,0.3181785115202768,1.0582237565372168
familiar,selection,reverse,fixed_features,repeat,0.5,57,specimen_57,60,315,0.5,0.24524440131574776,1.3910694409658255
familiar,selection,reverse,fixed_features,repeat,0.5,57,specimen_57,60,315,1.0,0.23765399195292547,1.4078473110778904
familiar,selection,reverse,fixed_features,single,0.5,10,specimen_10,20,0,1.0,0.40145633693970323,0.24706727461760947
familiar,selection,reverse,fixed_features,single,0.5,10,specimen_10,20,45,0.5,0.22158333934228402,0.13727087914485292
familiar,selection,reverse,fixed_features,single,0.5,10,specimen_10,20,45,1.0,0.3200294471291187,0.06378597255628449
familiar,selection,reverse,fixed_features,single,0.5,10,specimen_10,20,90,0.5,0.42752340775807235,0.11013225844220442
familiar,selection,reverse,fixed_features,single,0.5,10,specimen_10,20,90,1.0,0.3534250999564204,0.20467282763291128
familiar,selection,reverse,fixed_features,single,0.5,10,specimen_10,20,135,0.5,0.2162811870322853,0.21729000136946608
familiar,selection,reverse,fixed_features,single,0.5,10,specimen_10,20,135,1.0,0.2249178053806015,0.153422829558386
familiar,selection,reverse,fixed_features,single,0.5,10,specimen_10,20,180,0.5,0.272930106894891,0.05680673592808266
familiar,selection,reverse,fixed_features,single,0.5,10,specimen_10,20,180,1.0,0.2632028201758466,0.08181992343992095
familiar,selection,reverse,fixed_features,single,0.5,10,specimen_10,20,225,0.5,0.19693217755410397,0.28044306602739666
familiar,selection,reverse,fixed_features,single,0.5,10,specimen_10,20,225,1.0,0.24834315701941748,0.2360257614737714
familiar,selection,reverse,fixed_features,single,0.5,10,specimen_10,20,270,0.5,0.29516750930676355,0.2158512113691215
familiar,selection,reverse,fixed_features,single,0.5,10,specimen_10,20,270,1.0,0.25427521523412205,0.3664623456133379
familiar,selection,reverse,fixed_features,single,0.5,10,specimen_10,20,315,0.5,0.1830153623155418,0.27163952964318083
familiar,selection,reverse,fixed_features,single,0.5,10,specimen_10,20,315,1.0,0.2806027899603115,0.39175084868302046
familiar,selection,reverse,fixed_features,single,0.5,10,specimen_10,40,45,0.5,0.19778972019273935,0.28634904166046304
familiar,selection,reverse,fixed_features,single,0.5,10,specimen_10,40,45,1.0,0.18185353440985008,0.23647898672775203
familiar,selection,reverse,fixed_features,single,0.5,10,specimen_10,40,90,1.0,0.36762041051880673,1.3831617901226654
familiar,selection,reverse,fixed_features,single,0.5,10,specimen_10,40,135,0.5,0.25002240515802826,0.7966672007054412
familiar,selection,reverse,fixed_features,single,0.5,10,specimen_10,40,135,1.0,0.20947490797911783,0.5181505794563741
familiar,selection,reverse,fixed_features,single,0.5,10,specimen_10,40,180,0.5,0.3831564595803347,0.11398444839295141
familiar,selection,reverse,fixed_features,single,0.5,10,specimen_10,40,180,1.0,0.3570272037181401,0.008731482969700832
familiar,selection,reverse,fixed_features,single,0.5,10,specimen_10,40,225,0.5,0.2144370968215836,0.6409688907016721
familiar,selection,reverse,fixed_features,single,0.5,10,specimen_10,40,225,1.0,0.19970898668713413,0.3791383589183841
familiar,selection,reverse,fixed_features,single,0.5,10,specimen_10,40,270,0.5,0.34667082923818554,1.1469230523443636
familiar,selection,reverse,fixed_features,single,0.5,10,specimen_10,40,270,1.0,0.3054553591337421,0.7928399284821968
familiar,selection,reverse,fixed_features,single,0.5,10,specimen_10,40,315,0.5,0.22570597657708932,1.0624376266383257
familiar,selection,reverse,fixed_features,single,0.5,10,specimen_10,40,315,1.0,0.20543916348638344,0.4495312770748313
familiar,selection,reverse,fixed_features,single,0.5,10,specimen_10,60,0,0.5,0.5440450171194273,0.594051969732349
familiar,selection,reverse,fixed_features,single,0.5,10,specimen_10,60,0,1.0,0.47444955381101495,0.5402023640057605
familiar,selection,reverse,fixed_features,single,0.5,10,specimen_10,60,45,0.5,0.2348950467936782,0.3827752510848961
familiar,selection,reverse,fixed_features,single,0.5,10,specimen_10,60,45,1.0,0.22437736494513907,0.4259731805596665
familiar,selection,reverse,fixed_features,single,0.5,10,specimen_10,60,90,0.5,0.4053904922964556,0.8004543397221178
familiar,selection,reverse,fixed_features,single,0.5,10,specimen_10,60,90,1.0,0.3412948652152525,0.9488818810317661
familiar,selection,reverse,fixed_features,single,0.5,10,specimen_10,60,135,0.5,0.23867071595538916,0.8429902800560942
familiar,selection,reverse,fixed_features,single,0.5,10,specimen_10,60,135,1.0,0.2584697748608582,0.8382209131861427
familiar,selection,reverse,fixed_features,single,0.5,10,specimen_10,60,180,0.5,0.43607037323574227,0.37354949907496093
familiar,selection,reverse,fixed_features,single,0.5,10,specimen_10,60,180,1.0,0.4268969452272362,0.2772098015470368
familiar,selection,reverse,fixed_features,single,0.5,10,specimen_10,60,225,0.5,0.23983197725257088,0.636627290170942
familiar,selection,reverse,fixed_features,single,0.5,10,specimen_10,60,225,1.0,0.2607440194563804,0.5879097182927859
familiar,selection,reverse,fixed_features,single,0.5,10,specimen_10,60,270,0.5,0.37260993303326023,0.8958047724194178
familiar,selection,reverse,fixed_features,single,0.5,10,specimen_10,60,270,1.0,0.31449414959504,0.6595226067408171
familiar,selection,reverse,fixed_features,single,0.5,10,specimen_10,60,315,0.5,0.21816644662128284,0.3111464821830683
familiar,selection,reverse,fixed_features,single,0.5,10,specimen_10,60,315,1.0,0.24026044191103071,0.4361595172851034
familiar,selection,reverse,fixed_features,single,0.5,57,specimen_57,20,0,1.0,0.454054857207252,0.2257444531682647
familiar,selection,reverse,fixed_features,single,0.5,57,specimen_57,20,45,0.5,0.25964944114908906,0.21655726123351204
familiar,selection,reverse,fixed_features,single,0.5,57,specimen_57,20,45,1.0,0.24312049552569281,0.1898315179713917
familiar,selection,reverse,fixed_features,single,0.5,57,specimen_57,20,90,0.5,0.23281121242629998,0.22756838756501696
familiar,selection,reverse,fixed_features,single,0.5,57,specimen_57,20,90,1.0,0.2512620795782042,0.181917403136102
familiar,selection,reverse,fixed_features,single,0.5,57,specimen_57,20,135,0.5,0.23885225076996006,0.2520470375073411
familiar,selection,reverse,fixed_features,single,0.5,57,specimen_57,20,135,1.0,0.22686310692873748,0.20396119671338359
familiar,selection,reverse,fixed_features,single,0.5,57,specimen_57,20,180,0.5,0.3391935120407233,0.119270970458239
familiar,selection,reverse,fixed_features,single,0.5,57,specimen_57,20,180,1.0,0.31923334294508526,0.12751958190749454
familiar,selection,reverse,fixed_features,single,0.5,57,specimen_57,20,225,0.5,0.28649167875242293,0.29606898699053125
familiar,selection,reverse,fixed_features,single,0.5,57,specimen_57,20,225,1.0,0.26666205781801877,0.26966510341629435
familiar,selection,reverse,fixed_features,single,0.5,57,specimen_57,20,270,0.5,0.257384349676622,0.2016007548911568
familiar,selection,reverse,fixed_features,single,0.5,57,specimen_57,20,270,1.0,0.24716759777662997,0.28160913291230427
familiar,selection,reverse,fixed_features,single,0.5,57,specimen_57,20,315,0.5,0.25616036043987506,0.27370920449768965
familiar,selection,reverse,fixed_features,single,0.5,57,specimen_57,20,315,1.0,0.22818115285616636,0.15508617495494192
familiar,selection,reverse,fixed_features,single,0.5,57,specimen_57,40,45,0.5,0.2676210530878287,0.32237681378853156
familiar,selection,reverse,fixed_features,single,0.5,57,specimen_57,40,45,1.0,0.2525096934648759,0.26711853902010974
familiar,selection,reverse,fixed_features,single,0.5,57,specimen_57,40,90,1.0,0.41820352100631525,1.4003619474421773
familiar,selection,reverse,fixed_features,single,0.5,57,specimen_57,40,135,0.5,0.2609218809430676,0.8659532549311508
familiar,selection,reverse,fixed_features,single,0.5,57,specimen_57,40,135,1.0,0.2852212909092961,0.6772783036585976
familiar,selection,reverse,fixed_features,single,0.5,57,specimen_57,40,180,0.5,0.3726817748824711,0.06542867172468675
familiar,selection,reverse,fixed_features,single,0.5,57,specimen_57,40,180,1.0,0.35415342222606366,0.08312350117262157
familiar,selection,reverse,fixed_features,single,0.5,57,specimen_57,40,225,0.5,0.2604732902041262,0.670613269420095
familiar,selection,reverse,fixed_features,single,0.5,57,specimen_57,40,225,1.0,0.24881507353254448,0.5254462206686937
familiar,selection,reverse,fixed_features,single,0.5,57,specimen_57,40,270,0.5,0.46203537687273316,1.7945437213829274
familiar,selection,reverse,fixed_features,single,0.5,57,specimen_57,40,270,1.0,0.4100652598298475,1.6731159456868994
familiar,selection,reverse,fixed_features,single,0.5,57,specimen_57,40,315,0.5,0.25892813517753965,1.6295145315006296
familiar,selection,reverse,fixed_features,single,0.5,57,specimen_57,40,315,1.0,0.31561721316693775,1.133845000021036
familiar,selection,reverse,fixed_features,single,0.5,57,specimen_57,60,0,0.5,0.7795875041150279,0.686478787407925
familiar,selection,reverse,fixed_features,single,0.5,57,specimen_57,60,0,1.0,0.7539373334990916,0.721848437692904
familiar,selection,reverse,fixed_features,single,0.5,57,specimen_57,60,45,0.5,0.30347281689728695,0.8084934949223083
familiar,selection,reverse,fixed_features,single,0.5,57,specimen_57,60,45,1.0,0.29493801146843857,0.6337131559669931
familiar,selection,reverse,fixed_features,single,0.5,57,specimen_57,60,90,0.5,0.3360287060611742,0.9677453975166774
familiar,selection,reverse,fixed_features,single,0.5,57,specimen_57,60,90,1.0,0.34744974623372454,1.0005759927229887
familiar,selection,reverse,fixed_features,single,0.5,57,specimen_57,60,135,0.5,0.3484722518238772,1.3978989811494171
familiar,selection,reverse,fixed_features,single,0.5,57,specimen_57,60,135,1.0,0.35551073599071886,1.2915059080657056
familiar,selection,reverse,fixed_features,single,0.5,57,specimen_57,60,180,0.5,0.49706982207170797,0.3512765480513683
familiar,selection,reverse,fixed_features,single,0.5,57,specimen_57,60,180,1.0,0.5176420827274282,0.35273766268998136
familiar,selection,reverse,fixed_features,single,0.5,57,specimen_57,60,225,0.5,0.2924324832614202,1.289041199966336
familiar,selection,reverse,fixed_features,single,0.5,57,specimen_57,60,225,1.0,0.2963798381777193,0.9894674842914317
familiar,selection,reverse,fixed_features,single,0.5,57,specimen_57,60,270,0.5,0.3665532391445061,1.2919222027805088
familiar,selection,reverse,fixed_features,single,0.5,57,specimen_57,60,270,1.0,0.32116449009576886,1.0309981899876446
familiar,selection,reverse,fixed_features,single,0.5,57,specimen_57,60,315,0.5,0.2388933002257776,1.3636308026569317
familiar,selection,reverse,fixed_features,single,0.5,57,specimen_57,60,315,1.0,0.24744960860753895,1.3781077643289557
familiar,selection,reverse,retrieval,direction,0.5,10,specimen_10,20,0,1.0,0.14877513348619215,0.03503281887350912
familiar,selection,reverse,retrieval,direction,0.5,10,specimen_10,20,45,0.5,0.13273998911849857,0.03384346849654296
familiar,selection,reverse,retrieval,direction,0.5,10,specimen_10,20,45,1.0,0.15668141433046331,0.017963289254275705
familiar,selection,reverse,retrieval,direction,0.5,10,specimen_10,20,90,0.5,0.18221057202258728,0.02646838428037568
familiar,selection,reverse,retrieval,direction,0.5,10,specimen_10,20,90,1.0,0.15701886696740483,0.11465381065104463
familiar,selection,reverse,retrieval,direction,0.5,10,specimen_10,20,135,0.5,0.11068566671321739,0.00980937142212679
familiar,selection,reverse,retrieval,direction,0.5,10,specimen_10,20,135,1.0,0.1254197356500574,0.036041411966947434
familiar,selection,reverse,retrieval,direction,0.5,10,specimen_10,20,180,0.5,0.10824595569134636,0.01433475776390375
familiar,selection,reverse,retrieval,direction,0.5,10,specimen_10,20,180,1.0,0.15063416935959706,0.03607807403178598
familiar,selection,reverse,retrieval,direction,0.5,10,specimen_10,20,225,0.5,0.13027900624636046,0.06112803656136201
familiar,selection,reverse,retrieval,direction,0.5,10,specimen_10,20,225,1.0,0.15016909867108605,0.07981399116021759
familiar,selection,reverse,retrieval,direction,0.5,10,specimen_10,20,270,0.5,0.1104130049337479,0.014135946567623625
familiar,selection,reverse,retrieval,direction,0.5,10,specimen_10,20,270,1.0,0.1923964970366405,0.23637256551849184
familiar,selection,reverse,retrieval,direction,0.5,10,specimen_10,20,315,0.5,0.1723648954717841,0.04908225843103875
familiar,selection,reverse,retrieval,direction,0.5,10,specimen_10,20,315,1.0,0.12469378011492267,0.06388496348536354
familiar,selection,reverse,retrieval,direction,0.5,10,specimen_10,40,45,0.5,0.11669718034060128,0.13628971389344424
familiar,selection,reverse,retrieval,direction,0.5,10,specimen_10,40,45,1.0,0.1479176281784961,0.20159405348054737
familiar,selection,reverse,retrieval,direction,0.5,10,specimen_10,40,90,1.0,0.15948963814273873,0.07789585413761113
familiar,selection,reverse,retrieval,direction,0.5,10,specimen_10,40,135,0.5,0.12419074582301182,0.10151158746034095
familiar,selection,reverse,retrieval,direction,0.5,10,specimen_10,40,135,1.0,0.23607181899085514,0.10973275190974041
familiar,selection,reverse,retrieval,direction,0.5,10,specimen_10,40,180,0.5,0.1534066812685261,0.511092142468999
familiar,selection,reverse,retrieval,direction,0.5,10,specimen_10,40,180,1.0,0.17084352798242666,0.3438537619056453
familiar,selection,reverse,retrieval,direction,0.5,10,specimen_10,40,225,0.5,0.12813519684945443,0.12457664193376328
familiar,selection,reverse,retrieval,direction,0.5,10,specimen_10,40,225,1.0,0.12289501105256935,0.08564120890448002
familiar,selection,reverse,retrieval,direction,0.5,10,specimen_10,40,270,0.5,0.20497362640942915,0.04217393785361745
familiar,selection,reverse,retrieval,direction,0.5,10,specimen_10,40,270,1.0,0.15904127930529213,0.01335989377843183
familiar,selection,reverse,retrieval,direction,0.5,10,specimen_10,40,315,0.5,0.12325100117312522,0.28721666777356103
familiar,selection,reverse,retrieval,direction,0.5,10,specimen_10,40,315,1.0,0.15017079158861732,0.2493185840895511
familiar,selection,reverse,retrieval,direction,0.5,10,specimen_10,60,0,0.5,0.24905667515711286,0.2230514990849386
familiar,selection,reverse,retrieval,direction,0.5,10,specimen_10,60,0,1.0,0.21056746779485727,0.24926264744204185
familiar,selection,reverse,retrieval,direction,0.5,10,specimen_10,60,45,0.5,0.12897527507171078,0.03877495274898779
familiar,selection,reverse,retrieval,direction,0.5,10,specimen_10,60,45,1.0,0.15573369933002748,0.16094427889927299
familiar,selection,reverse,retrieval,direction,0.5,10,specimen_10,60,90,0.5,0.24812982797750038,0.2076207036108153
familiar,selection,reverse,retrieval,direction,0.5,10,specimen_10,60,90,1.0,0.14394650389638533,0.30134843400130285
familiar,selection,reverse,retrieval,direction,0.5,10,specimen_10,60,135,0.5,0.1277460235624087,0.0078475112221843
familiar,selection,reverse,retrieval,direction,0.5,10,specimen_10,60,135,1.0,0.12056440243157884,0.1432124831415742
familiar,selection,reverse,retrieval,direction,0.5,10,specimen_10,60,180,0.5,0.11930069815557527,0.08680079999737433
familiar,selection,reverse,retrieval,direction,0.5,10,specimen_10,60,180,1.0,0.1659357421492494,0.15993700052758675
familiar,selection,reverse,retrieval,direction,0.5,10,specimen_10,60,225,0.5,0.15812205948503985,0.12415208640283826
familiar,selection,reverse,retrieval,direction,0.5,10,specimen_10,60,225,1.0,0.1633132756080069,0.25477743353928584
familiar,selection,reverse,retrieval,direction,0.5,10,specimen_10,60,270,0.5,0.1498674636169658,0.09737610421198295
familiar,selection,reverse,retrieval,direction,0.5,10,specimen_10,60,270,1.0,0.17482680189616984,0.22335530204284715
familiar,selection,reverse,retrieval,direction,0.5,10,specimen_10,60,315,0.5,0.18003199547907855,0.2167788761174143
familiar,selection,reverse,retrieval,direction,0.5,10,specimen_10,60,315,1.0,0.1393401463150288,0.08014054331871856
familiar,selection,reverse,retrieval,direction,0.5,57,specimen_57,20,0,1.0,0.2444816212338716,0.04736897635087911
familiar,selection,reverse,retrieval,direction,0.5,57,specimen_57,20,45,0.5,0.12723739141292736,0.0015103862020666714
familiar,selection,reverse,retrieval,direction,0.5,57,specimen_57,20,45,1.0,0.13537138111084906,0.015713656971301004
familiar,selection,reverse,retrieval,direction,0.5,57,specimen_57,20,90,0.5,0.1417621646413936,0.048107209425447994
familiar,selection,reverse,retrieval,direction,0.5,57,specimen_57,20,90,1.0,0.1400888688325194,0.09890362932074259
familiar,selection,reverse,retrieval,direction,0.5,57,specimen_57,20,135,0.5,0.13553372072351452,0.00382940091647499
familiar,selection,reverse,retrieval,direction,0.5,57,specimen_57,20,135,1.0,0.11674330196008277,0.021612068963633213
familiar,selection,reverse,retrieval,direction,0.5,57,specimen_57,20,180,0.5,0.16909994628403316,0.0020630917980827
familiar,selection,reverse,retrieval,direction,0.5,57,specimen_57,20,180,1.0,0.14899589627643517,0.0017475346222009525
familiar,selection,reverse,retrieval,direction,0.5,57,specimen_57,20,225,0.5,0.1265395841446542,0.010702842575838423
familiar,selection,reverse,retrieval,direction,0.5,57,specimen_57,20,225,1.0,0.11899814383705365,0.017243457099451298
familiar,selection,reverse,retrieval,direction,0.5,57,specimen_57,20,270,0.5,0.18504599850290773,0.09489906030494621
familiar,selection,reverse,retrieval,direction,0.5,57,specimen_57,20,270,1.0,0.1064064100320437,0.03574893800715473
familiar,selection,reverse,retrieval,direction,0.5,57,specimen_57,20,315,0.5,0.14833247901764354,0.10198679837003766
familiar,selection,reverse,retrieval,direction,0.5,57,specimen_57,20,315,1.0,0.12039258851735714,0.009822950742769176
familiar,selection,reverse,retrieval,direction,0.5,57,specimen_57,40,45,0.5,0.1132089152905487,0.027636453884687606
familiar,selection,reverse,retrieval,direction,0.5,57,specimen_57,40,45,1.0,0.12553383553061367,0.009843575467112897
familiar,selection,reverse,retrieval,direction,0.5,57,specimen_57,40,90,1.0,0.13367267722014478,0.0242508687117029
familiar,selection,reverse,retrieval,direction,0.5,57,specimen_57,40,135,0.5,0.13569459219284183,0.048794290597675705
familiar,selection,reverse,retrieval,direction,0.5,57,specimen_57,40,135,1.0,0.11243434302949955,0.09635650424988418
familiar,selection,reverse,retrieval,direction,0.5,57,specimen_57,40,180,0.5,0.14299709219450563,0.005413864729804541
familiar,selection,reverse,retrieval,direction,0.5,57,specimen_57,40,180,1.0,0.14861609311107238,0.11026951429739806
familiar,selection,reverse,retrieval,direction,0.5,57,specimen_57,40,225,0.5,0.15138407834601889,0.11777398085470425
familiar,selection,reverse,retrieval,direction,0.5,57,specimen_57,40,225,1.0,0.15298693922289272,0.06332726259256494
familiar,selection,reverse,retrieval,direction,0.5,57,specimen_57,40,270,0.5,0.1768946559772889,0.13372432456755678
familiar,selection,reverse,retrieval,direction,0.5,57,specimen_57,40,270,1.0,0.16850973351397003,0.050853608668518735
familiar,selection,reverse,retrieval,direction,0.5,57,specimen_57,40,315,0.5,0.12984274984673425,0.1342187278572058
familiar,selection,reverse,retrieval,direction,0.5,57,specimen_57,40,315,1.0,0.1487665547858429,0.2744654052678246
familiar,selection,reverse,retrieval,direction,0.5,57,specimen_57,60,0,0.5,0.1513500112351537,0.03628414654496326
familiar,selection,reverse,retrieval,direction,0.5,57,specimen_57,60,0,1.0,0.1767429956884826,0.043234378435993204
familiar,selection,reverse,retrieval,direction,0.5,57,specimen_57,60,45,0.5,0.17018065990878262,0.1984812715843205
familiar,selection,reverse,retrieval,direction,0.5,57,specimen_57,60,45,1.0,0.181540269221055,0.17365980692529148
familiar,selection,reverse,retrieval,direction,0.5,57,specimen_57,60,90,0.5,0.10874196334947257,0.026489755633414935
familiar,selection,reverse,retrieval,direction,0.5,57,specimen_57,60,90,1.0,0.13114901707692486,0.10263558000762263
familiar,selection,reverse,retrieval,direction,0.5,57,specimen_57,60,135,0.5,0.1879583188143894,0.12409111164675579
familiar,selection,reverse,retrieval,direction,0.5,57,specimen_57,60,135,1.0,0.2695548957054552,0.06694563364322059
familiar,selection,reverse,retrieval,direction,0.5,57,specimen_57,60,180,0.5,0.1788290361508157,0.028216314893422578
familiar,selection,reverse,retrieval,direction,0.5,57,specimen_57,60,180,1.0,0.20849127930559283,0.027328568378529094
familiar,selection,reverse,retrieval,direction,0.5,57,specimen_57,60,225,0.5,0.18878498225559817,0.1808702857786233
familiar,selection,reverse,retrieval,direction,0.5,57,specimen_57,60,225,1.0,0.20591613406329204,0.37721898123153497
familiar,selection,reverse,retrieval,direction,0.5,57,specimen_57,60,270,0.5,0.11577051120195814,0.10827801391540537
familiar,selection,reverse,retrieval,direction,0.5,57,specimen_57,60,270,1.0,0.12554732654228026,0.04540881531720409
familiar,selection,reverse,retrieval,direction,0.5,57,specimen_57,60,315,0.5,0.1552743841779807,0.15766087537745666
familiar,selection,reverse,retrieval,direction,0.5,57,specimen_57,60,315,1.0,0.19357373783378065,0.26834268858062815
familiar,selection,reverse,retrieval,repeat,0.5,10,specimen_10,20,0,1.0,0.14877513348619215,0.03503281887350912
familiar,selection,reverse,retrieval,repeat,0.5,10,specimen_10,20,45,0.5,0.13273998911849857,0.03384346849654296
familiar,selection,reverse,retrieval,repeat,0.5,10,specimen_10,20,45,1.0,0.15668141433046331,0.017963289254275705
familiar,selection,reverse,retrieval,repeat,0.5,10,specimen_10,20,90,0.5,0.18221057202258728,0.02646838428037568
familiar,selection,reverse,retrieval,repeat,0.5,10,specimen_10,20,90,1.0,0.15701886696740483,0.11465381065104463
familiar,selection,reverse,retrieval,repeat,0.5,10,specimen_10,20,135,0.5,0.11068566671321739,0.00980937142212679
familiar,selection,reverse,retrieval,repeat,0.5,10,specimen_10,20,135,1.0,0.1254197356500574,0.036041411966947434
familiar,selection,reverse,retrieval,repeat,0.5,10,specimen_10,20,180,0.5,0.10824595569134636,0.01433475776390375
familiar,selection,reverse,retrieval,repeat,0.5,10,specimen_10,20,180,1.0,0.15063416935959706,0.03607807403178598
familiar,selection,reverse,retrieval,repeat,0.5,10,specimen_10,20,225,0.5,0.13027900624636046,0.06112803656136201
familiar,selection,reverse,retrieval,repeat,0.5,10,specimen_10,20,225,1.0,0.15016909867108605,0.07981399116021759
familiar,selection,reverse,retrieval,repeat,0.5,10,specimen_10,20,270,0.5,0.1104130049337479,0.014135946567623625
familiar,selection,reverse,retrieval,repeat,0.5,10,specimen_10,20,270,1.0,0.1923964970366405,0.23637256551849184
familiar,selection,reverse,retrieval,repeat,0.5,10,specimen_10,20,315,0.5,0.1723648954717841,0.04908225843103875
familiar,selection,reverse,retrieval,repeat,0.5,10,specimen_10,20,315,1.0,0.12469378011492267,0.06388496348536354
familiar,selection,reverse,retrieval,repeat,0.5,10,specimen_10,40,45,0.5,0.11669718034060128,0.13628971389344424
familiar,selection,reverse,retrieval,repeat,0.5,10,specimen_10,40,45,1.0,0.1479176281784961,0.20159405348054737
familiar,selection,reverse,retrieval,repeat,0.5,10,specimen_10,40,90,1.0,0.15948963814273873,0.07789585413761113
familiar,selection,reverse,retrieval,repeat,0.5,10,specimen_10,40,135,0.5,0.12419074582301182,0.10151158746034095
familiar,selection,reverse,retrieval,repeat,0.5,10,specimen_10,40,135,1.0,0.23607181899085514,0.10973275190974041
familiar,selection,reverse,retrieval,repeat,0.5,10,specimen_10,40,180,0.5,0.1534066812685261,0.511092142468999
familiar,selection,reverse,retrieval,repeat,0.5,10,specimen_10,40,180,1.0,0.17084352798242666,0.3438537619056453
familiar,selection,reverse,retrieval,repeat,0.5,10,specimen_10,40,225,0.5,0.12813519684945443,0.12457664193376328
familiar,selection,reverse,retrieval,repeat,0.5,10,specimen_10,40,225,1.0,0.12289501105256935,0.08564120890448002
familiar,selection,reverse,retrieval,repeat,0.5,10,specimen_10,40,270,0.5,0.20497362640942915,0.04217393785361745
familiar,selection,reverse,retrieval,repeat,0.5,10,specimen_10,40,270,1.0,0.15904127930529213,0.01335989377843183
familiar,selection,reverse,retrieval,repeat,0.5,10,specimen_10,40,315,0.5,0.12325100117312522,0.28721666777356103
familiar,selection,reverse,retrieval,repeat,0.5,10,specimen_10,40,315,1.0,0.15017079158861732,0.2493185840895511
familiar,selection,reverse,retrieval,repeat,0.5,10,specimen_10,60,0,0.5,0.24905667515711286,0.2230514990849386
familiar,selection,reverse,retrieval,repeat,0.5,10,specimen_10,60,0,1.0,0.21056746779485727,0.24926264744204185
familiar,selection,reverse,retrieval,repeat,0.5,10,specimen_10,60,45,0.5,0.12897527507171078,0.03877495274898779
familiar,selection,reverse,retrieval,repeat,0.5,10,specimen_10,60,45,1.0,0.15573369933002748,0.16094427889927299
familiar,selection,reverse,retrieval,repeat,0.5,10,specimen_10,60,90,0.5,0.24812982797750038,0.2076207036108153
familiar,selection,reverse,retrieval,repeat,0.5,10,specimen_10,60,90,1.0,0.14394650389638533,0.30134843400130285
familiar,selection,reverse,retrieval,repeat,0.5,10,specimen_10,60,135,0.5,0.1277460235624087,0.0078475112221843
familiar,selection,reverse,retrieval,repeat,0.5,10,specimen_10,60,135,1.0,0.12056440243157884,0.1432124831415742
familiar,selection,reverse,retrieval,repeat,0.5,10,specimen_10,60,180,0.5,0.11930069815557527,0.08680079999737433
familiar,selection,reverse,retrieval,repeat,0.5,10,specimen_10,60,180,1.0,0.1659357421492494,0.15993700052758675
familiar,selection,reverse,retrieval,repeat,0.5,10,specimen_10,60,225,0.5,0.15812205948503985,0.12415208640283826
familiar,selection,reverse,retrieval,repeat,0.5,10,specimen_10,60,225,1.0,0.1633132756080069,0.25477743353928584
familiar,selection,reverse,retrieval,repeat,0.5,10,specimen_10,60,270,0.5,0.1498674636169658,0.09737610421198295
familiar,selection,reverse,retrieval,repeat,0.5,10,specimen_10,60,270,1.0,0.17482680189616984,0.22335530204284715
familiar,selection,reverse,retrieval,repeat,0.5,10,specimen_10,60,315,0.5,0.18003199547907855,0.2167788761174143
familiar,selection,reverse,retrieval,repeat,0.5,10,specimen_10,60,315,1.0,0.1393401463150288,0.08014054331871856
familiar,selection,reverse,retrieval,repeat,0.5,57,specimen_57,20,0,1.0,0.2444816212338716,0.04736897635087911
familiar,selection,reverse,retrieval,repeat,0.5,57,specimen_57,20,45,0.5,0.12723739141292736,0.0015103862020666714
familiar,selection,reverse,retrieval,repeat,0.5,57,specimen_57,20,45,1.0,0.13537138111084906,0.015713656971301004
familiar,selection,reverse,retrieval,repeat,0.5,57,specimen_57,20,90,0.5,0.1417621646413936,0.048107209425447994
familiar,selection,reverse,retrieval,repeat,0.5,57,specimen_57,20,90,1.0,0.1400888688325194,0.09890362932074259
familiar,selection,reverse,retrieval,repeat,0.5,57,specimen_57,20,135,0.5,0.13553372072351452,0.00382940091647499
familiar,selection,reverse,retrieval,repeat,0.5,57,specimen_57,20,135,1.0,0.11674330196008277,0.021612068963633213
familiar,selection,reverse,retrieval,repeat,0.5,57,specimen_57,20,180,0.5,0.16909994628403316,0.0020630917980827
familiar,selection,reverse,retrieval,repeat,0.5,57,specimen_57,20,180,1.0,0.14899589627643517,0.0017475346222009525
familiar,selection,reverse,retrieval,repeat,0.5,57,specimen_57,20,225,0.5,0.1265395841446542,0.010702842575838423
familiar,selection,reverse,retrieval,repeat,0.5,57,specimen_57,20,225,1.0,0.11899814383705365,0.017243457099451298
familiar,selection,reverse,retrieval,repeat,0.5,57,specimen_57,20,270,0.5,0.18504599850290773,0.09489906030494621
familiar,selection,reverse,retrieval,repeat,0.5,57,specimen_57,20,270,1.0,0.1064064100320437,0.03574893800715473
familiar,selection,reverse,retrieval,repeat,0.5,57,specimen_57,20,315,0.5,0.14833247901764354,0.10198679837003766
familiar,selection,reverse,retrieval,repeat,0.5,57,specimen_57,20,315,1.0,0.12039258851735714,0.009822950742769176
familiar,selection,reverse,retrieval,repeat,0.5,57,specimen_57,40,45,0.5,0.1132089152905487,0.027636453884687606
familiar,selection,reverse,retrieval,repeat,0.5,57,specimen_57,40,45,1.0,0.12553383553061367,0.009843575467112897
familiar,selection,reverse,retrieval,repeat,0.5,57,specimen_57,40,90,1.0,0.13367267722014478,0.0242508687117029
familiar,selection,reverse,retrieval,repeat,0.5,57,specimen_57,40,135,0.5,0.13569459219284183,0.048794290597675705
familiar,selection,reverse,retrieval,repeat,0.5,57,specimen_57,40,135,1.0,0.11243434302949955,0.09635650424988418
familiar,selection,reverse,retrieval,repeat,0.5,57,specimen_57,40,180,0.5,0.14299709219450563,0.005413864729804541
familiar,selection,reverse,retrieval,repeat,0.5,57,specimen_57,40,180,1.0,0.14861609311107238,0.11026951429739806
familiar,selection,reverse,retrieval,repeat,0.5,57,specimen_57,40,225,0.5,0.15138407834601889,0.11777398085470425
familiar,selection,reverse,retrieval,repeat,0.5,57,specimen_57,40,225,1.0,0.15298693922289272,0.06332726259256494
familiar,selection,reverse,retrieval,repeat,0.5,57,specimen_57,40,270,0.5,0.1768946559772889,0.13372432456755678
familiar,selection,reverse,retrieval,repeat,0.5,57,specimen_57,40,270,1.0,0.16850973351397003,0.050853608668518735
familiar,selection,reverse,retrieval,repeat,0.5,57,specimen_57,40,315,0.5,0.12984274984673425,0.1342187278572058
familiar,selection,reverse,retrieval,repeat,0.5,57,specimen_57,40,315,1.0,0.1487665547858429,0.2744654052678246
familiar,selection,reverse,retrieval,repeat,0.5,57,specimen_57,60,0,0.5,0.1513500112351537,0.03628414654496326
familiar,selection,reverse,retrieval,repeat,0.5,57,specimen_57,60,0,1.0,0.1767429956884826,0.043234378435993204
familiar,selection,reverse,retrieval,repeat,0.5,57,specimen_57,60,45,0.5,0.17018065990878262,0.1984812715843205
familiar,selection,reverse,retrieval,repeat,0.5,57,specimen_57,60,45,1.0,0.181540269221055,0.17365980692529148
familiar,selection,reverse,retrieval,repeat,0.5,57,specimen_57,60,90,0.5,0.10874196334947257,0.026489755633414935
familiar,selection,reverse,retrieval,repeat,0.5,57,specimen_57,60,90,1.0,0.13114901707692486,0.10263558000762263
familiar,selection,reverse,retrieval,repeat,0.5,57,specimen_57,60,135,0.5,0.1879583188143894,0.12409111164675579
familiar,selection,reverse,retrieval,repeat,0.5,57,specimen_57,60,135,1.0,0.2695548957054552,0.06694563364322059
familiar,selection,reverse,retrieval,repeat,0.5,57,specimen_57,60,180,0.5,0.1788290361508157,0.028216314893422578
familiar,selection,reverse,retrieval,repeat,0.5,57,specimen_57,60,180,1.0,0.20849127930559283,0.027328568378529094
familiar,selection,reverse,retrieval,repeat,0.5,57,specimen_57,60,225,0.5,0.18878498225559817,0.1808702857786233
familiar,selection,reverse,retrieval,repeat,0.5,57,specimen_57,60,225,1.0,0.20591613406329204,0.37721898123153497
familiar,selection,reverse,retrieval,repeat,0.5,57,specimen_57,60,270,0.5,0.11577051120195814,0.10827801391540537
familiar,selection,reverse,retrieval,repeat,0.5,57,specimen_57,60,270,1.0,0.12554732654228026,0.04540881531720409
familiar,selection,reverse,retrieval,repeat,0.5,57,specimen_57,60,315,0.5,0.1552743841779807,0.15766087537745666
familiar,selection,reverse,retrieval,repeat,0.5,57,specimen_57,60,315,1.0,0.19357373783378065,0.26834268858062815
familiar,selection,reverse,retrieval,single,0.5,10,specimen_10,20,0,1.0,0.14877513348619215,0.03503281887350912
familiar,selection,reverse,retrieval,single,0.5,10,specimen_10,20,45,0.5,0.13273998911849857,0.03384346849654296
familiar,selection,reverse,retrieval,single,0.5,10,specimen_10,20,45,1.0,0.15668141433046331,0.017963289254275705
familiar,selection,reverse,retrieval,single,0.5,10,specimen_10,20,90,0.5,0.18221057202258728,0.02646838428037568
familiar,selection,reverse,retrieval,single,0.5,10,specimen_10,20,90,1.0,0.15701886696740483,0.11465381065104463
familiar,selection,reverse,retrieval,single,0.5,10,specimen_10,20,135,0.5,0.11068566671321739,0.00980937142212679
familiar,selection,reverse,retrieval,single,0.5,10,specimen_10,20,135,1.0,0.1254197356500574,0.036041411966947434
familiar,selection,reverse,retrieval,single,0.5,10,specimen_10,20,180,0.5,0.10824595569134636,0.01433475776390375
familiar,selection,reverse,retrieval,single,0.5,10,specimen_10,20,180,1.0,0.15063416935959706,0.03607807403178598
familiar,selection,reverse,retrieval,single,0.5,10,specimen_10,20,225,0.5,0.13027900624636046,0.06112803656136201
familiar,selection,reverse,retrieval,single,0.5,10,specimen_10,20,225,1.0,0.15016909867108605,0.07981399116021759
familiar,selection,reverse,retrieval,single,0.5,10,specimen_10,20,270,0.5,0.1104130049337479,0.014135946567623625
familiar,selection,reverse,retrieval,single,0.5,10,specimen_10,20,270,1.0,0.1923964970366405,0.23637256551849184
familiar,selection,reverse,retrieval,single,0.5,10,specimen_10,20,315,0.5,0.1723648954717841,0.04908225843103875
familiar,selection,reverse,retrieval,single,0.5,10,specimen_10,20,315,1.0,0.12469378011492267,0.06388496348536354
familiar,selection,reverse,retrieval,single,0.5,10,specimen_10,40,45,0.5,0.11669718034060128,0.13628971389344424
familiar,selection,reverse,retrieval,single,0.5,10,specimen_10,40,45,1.0,0.1479176281784961,0.20159405348054737
familiar,selection,reverse,retrieval,single,0.5,10,specimen_10,40,90,1.0,0.15948963814273873,0.07789585413761113
familiar,selection,reverse,retrieval,single,0.5,10,specimen_10,40,135,0.5,0.12419074582301182,0.10151158746034095
familiar,selection,reverse,retrieval,single,0.5,10,specimen_10,40,135,1.0,0.23607181899085514,0.10973275190974041
familiar,selection,reverse,retrieval,single,0.5,10,specimen_10,40,180,0.5,0.1534066812685261,0.511092142468999
familiar,selection,reverse,retrieval,single,0.5,10,specimen_10,40,180,1.0,0.17084352798242666,0.3438537619056453
familiar,selection,reverse,retrieval,single,0.5,10,specimen_10,40,225,0.5,0.12813519684945443,0.12457664193376328
familiar,selection,reverse,retrieval,single,0.5,10,specimen_10,40,225,1.0,0.12289501105256935,0.08564120890448002
familiar,selection,reverse,retrieval,single,0.5,10,specimen_10,40,270,0.5,0.20497362640942915,0.04217393785361745
familiar,selection,reverse,retrieval,single,0.5,10,specimen_10,40,270,1.0,0.15904127930529213,0.01335989377843183
familiar,selection,reverse,retrieval,single,0.5,10,specimen_10,40,315,0.5,0.12325100117312522,0.28721666777356103
familiar,selection,reverse,retrieval,single,0.5,10,specimen_10,40,315,1.0,0.15017079158861732,0.2493185840895511
familiar,selection,reverse,retrieval,single,0.5,10,specimen_10,60,0,0.5,0.24905667515711286,0.2230514990849386
familiar,selection,reverse,retrieval,single,0.5,10,specimen_10,60,0,1.0,0.21056746779485727,0.24926264744204185
familiar,selection,reverse,retrieval,single,0.5,10,specimen_10,60,45,0.5,0.12897527507171078,0.03877495274898779
familiar,selection,reverse,retrieval,single,0.5,10,specimen_10,60,45,1.0,0.15573369933002748,0.16094427889927299
familiar,selection,reverse,retrieval,single,0.5,10,specimen_10,60,90,0.5,0.24812982797750038,0.2076207036108153
familiar,selection,reverse,retrieval,single,0.5,10,specimen_10,60,90,1.0,0.14394650389638533,0.30134843400130285
familiar,selection,reverse,retrieval,single,0.5,10,specimen_10,60,135,0.5,0.1277460235624087,0.0078475112221843
familiar,selection,reverse,retrieval,single,0.5,10,specimen_10,60,135,1.0,0.12056440243157884,0.1432124831415742
familiar,selection,reverse,retrieval,single,0.5,10,specimen_10,60,180,0.5,0.11930069815557527,0.08680079999737433
familiar,selection,reverse,retrieval,single,0.5,10,specimen_10,60,180,1.0,0.1659357421492494,0.15993700052758675
familiar,selection,reverse,retrieval,single,0.5,10,specimen_10,60,225,0.5,0.15812205948503985,0.12415208640283826
familiar,selection,reverse,retrieval,single,0.5,10,specimen_10,60,225,1.0,0.1633132756080069,0.25477743353928584
familiar,selection,reverse,retrieval,single,0.5,10,specimen_10,60,270,0.5,0.1498674636169658,0.09737610421198295
familiar,selection,reverse,retrieval,single,0.5,10,specimen_10,60,270,1.0,0.17482680189616984,0.22335530204284715
familiar,selection,reverse,retrieval,single,0.5,10,specimen_10,60,315,0.5,0.18003199547907855,0.2167788761174143
familiar,selection,reverse,retrieval,single,0.5,10,specimen_10,60,315,1.0,0.1393401463150288,0.08014054331871856
familiar,selection,reverse,retrieval,single,0.5,57,specimen_57,20,0,1.0,0.2444816212338716,0.04736897635087911
familiar,selection,reverse,retrieval,single,0.5,57,specimen_57,20,45,0.5,0.12723739141292736,0.0015103862020666714
familiar,selection,reverse,retrieval,single,0.5,57,specimen_57,20,45,1.0,0.13537138111084906,0.015713656971301004
familiar,selection,reverse,retrieval,single,0.5,57,specimen_57,20,90,0.5,0.1417621646413936,0.048107209425447994
familiar,selection,reverse,retrieval,single,0.5,57,specimen_57,20,90,1.0,0.1400888688325194,0.09890362932074259
familiar,selection,reverse,retrieval,single,0.5,57,specimen_57,20,135,0.5,0.13553372072351452,0.00382940091647499
familiar,selection,reverse,retrieval,single,0.5,57,specimen_57,20,135,1.0,0.11674330196008277,0.021612068963633213
familiar,selection,reverse,retrieval,single,0.5,57,specimen_57,20,180,0.5,0.16909994628403316,0.0020630917980827
familiar,selection,reverse,retrieval,single,0.5,57,specimen_57,20,180,1.0,0.14899589627643517,0.0017475346222009525
familiar,selection,reverse,retrieval,single,0.5,57,specimen_57,20,225,0.5,0.1265395841446542,0.010702842575838423
familiar,selection,reverse,retrieval,single,0.5,57,specimen_57,20,225,1.0,0.11899814383705365,0.017243457099451298
familiar,selection,reverse,retrieval,single,0.5,57,specimen_57,20,270,0.5,0.18504599850290773,0.09489906030494621
familiar,selection,reverse,retrieval,single,0.5,57,specimen_57,20,270,1.0,0.1064064100320437,0.03574893800715473
familiar,selection,reverse,retrieval,single,0.5,57,specimen_57,20,315,0.5,0.14833247901764354,0.10198679837003766
familiar,selection,reverse,retrieval,single,0.5,57,specimen_57,20,315,1.0,0.12039258851735714,0.009822950742769176
familiar,selection,reverse,retrieval,single,0.5,57,specimen_57,40,45,0.5,0.1132089152905487,0.027636453884687606
familiar,selection,reverse,retrieval,single,0.5,57,specimen_57,40,45,1.0,0.12553383553061367,0.009843575467112897
familiar,selection,reverse,retrieval,single,0.5,57,specimen_57,40,90,1.0,0.13367267722014478,0.0242508687117029
familiar,selection,reverse,retrieval,single,0.5,57,specimen_57,40,135,0.5,0.13569459219284183,0.048794290597675705
familiar,selection,reverse,retrieval,single,0.5,57,specimen_57,40,135,1.0,0.11243434302949955,0.09635650424988418
familiar,selection,reverse,retrieval,single,0.5,57,specimen_57,40,180,0.5,0.14299709219450563,0.005413864729804541
familiar,selection,reverse,retrieval,single,0.5,57,specimen_57,40,180,1.0,0.14861609311107238,0.11026951429739806
familiar,selection,reverse,retrieval,single,0.5,57,specimen_57,40,225,0.5,0.15138407834601889,0.11777398085470425
familiar,selection,reverse,retrieval,single,0.5,57,specimen_57,40,225,1.0,0.15298693922289272,0.06332726259256494
familiar,selection,reverse,retrieval,single,0.5,57,specimen_57,40,270,0.5,0.1768946559772889,0.13372432456755678
familiar,selection,reverse,retrieval,single,0.5,57,specimen_57,40,270,1.0,0.16850973351397003,0.050853608668518735
familiar,selection,reverse,retrieval,single,0.5,57,specimen_57,40,315,0.5,0.12984274984673425,0.1342187278572058
familiar,selection,reverse,retrieval,single,0.5,57,specimen_57,40,315,1.0,0.1487665547858429,0.2744654052678246
familiar,selection,reverse,retrieval,single,0.5,57,specimen_57,60,0,0.5,0.1513500112351537,0.03628414654496326
familiar,selection,reverse,retrieval,single,0.5,57,specimen_57,60,0,1.0,0.1767429956884826,0.043234378435993204
familiar,selection,reverse,retrieval,single,0.5,57,specimen_57,60,45,0.5,0.17018065990878262,0.1984812715843205
familiar,selection,reverse,retrieval,single,0.5,57,specimen_57,60,45,1.0,0.181540269221055,0.17365980692529148
familiar,selection,reverse,retrieval,single,0.5,57,specimen_57,60,90,0.5,0.10874196334947257,0.026489755633414935
familiar,selection,reverse,retrieval,single,0.5,57,specimen_57,60,90,1.0,0.13114901707692486,0.10263558000762263
familiar,selection,reverse,retrieval,single,0.5,57,specimen_57,60,135,0.5,0.1879583188143894,0.12409111164675579
familiar,selection,reverse,retrieval,single,0.5,57,specimen_57,60,135,1.0,0.2695548957054552,0.06694563364322059
familiar,selection,reverse,retrieval,single,0.5,57,specimen_57,60,180,0.5,0.1788290361508157,0.028216314893422578
familiar,selection,reverse,retrieval,single,0.5,57,specimen_57,60,180,1.0,0.20849127930559283,0.027328568378529094
familiar,selection,reverse,retrieval,single,0.5,57,specimen_57,60,225,0.5,0.18878498225559817,0.1808702857786233
familiar,selection,reverse,retrieval,single,0.5,57,specimen_57,60,225,1.0,0.20591613406329204,0.37721898123153497
familiar,selection,reverse,retrieval,single,0.5,57,specimen_57,60,270,0.5,0.11577051120195814,0.10827801391540537
familiar,selection,reverse,retrieval,single,0.5,57,specimen_57,60,270,1.0,0.12554732654228026,0.04540881531720409
familiar,selection,reverse,retrieval,single,0.5,57,specimen_57,60,315,0.5,0.1552743841779807,0.15766087537745666
familiar,selection,reverse,retrieval,single,0.5,57,specimen_57,60,315,1.0,0.19357373783378065,0.26834268858062815
familiar,selection,reverse,speed_rescaling,direction,0.5,10,specimen_10,20,0,1.0,0.36798153877102924,0.44181378216801837
familiar,selection,reverse,speed_rescaling,direction,0.5,10,specimen_10,20,45,0.5,0.41458567107657673,0.06903542482579117
familiar,selection,reverse,speed_rescaling,direction,0.5,10,specimen_10,20,45,1.0,0.49929905191190765,0.1281512825662876
familiar,selection,reverse,speed_rescaling,direction,0.5,10,specimen_10,20,90,0.5,0.488750536442441,1.0061560294456164
familiar,selection,reverse,speed_rescaling,direction,0.5,10,specimen_10,20,90,1.0,0.46677574260271276,1.2487532228579152
familiar,selection,reverse,speed_rescaling,direction,0.5,10,specimen_10,20,135,0.5,0.5745431136286115,0.9682744851166293
familiar,selection,reverse,speed_rescaling,direction,0.5,10,specimen_10,20,135,1.0,0.5613620333281281,1.369357532841438
familiar,selection,reverse,speed_rescaling,direction,0.5,10,specimen_10,20,180,0.5,0.6654179159681636,1.2919270572104016
familiar,selection,reverse,speed_rescaling,direction,0.5,10,specimen_10,20,180,1.0,0.6294197915306247,1.6568033710346652
familiar,selection,reverse,speed_rescaling,direction,0.5,10,specimen_10,20,225,0.5,0.3854322774436903,0.034361503949756234
familiar,selection,reverse,speed_rescaling,direction,0.5,10,specimen_10,20,225,1.0,0.46247272577357873,0.13631929907177553
familiar,selection,reverse,speed_rescaling,direction,0.5,10,specimen_10,20,270,0.5,0.5465223669881413,0.01445963732109845
familiar,selection,reverse,speed_rescaling,direction,0.5,10,specimen_10,20,270,1.0,0.5576797772606712,0.037626134486344
familiar,selection,reverse,speed_rescaling,direction,0.5,10,specimen_10,20,315,0.5,0.4212239150817489,0.1453154345399913
familiar,selection,reverse,speed_rescaling,direction,0.5,10,specimen_10,20,315,1.0,0.5043001900047862,0.13785223545615466
familiar,selection,reverse,speed_rescaling,direction,0.5,10,specimen_10,40,45,0.5,0.5223744548192762,0.35013643508800607
familiar,selection,reverse,speed_rescaling,direction,0.5,10,specimen_10,40,45,1.0,0.5666413387752977,0.16126953574370784
familiar,selection,reverse,speed_rescaling,direction,0.5,10,specimen_10,40,90,1.0,0.14218200633509945,0.3223817836723617
familiar,selection,reverse,speed_rescaling,direction,0.5,10,specimen_10,40,135,0.5,0.48952083043341377,0.5901107222640016
familiar,selection,reverse,speed_rescaling,direction,0.5,10,specimen_10,40,135,1.0,0.5136931268648711,1.2832873396861781
familiar,selection,reverse,speed_rescaling,direction,0.5,10,specimen_10,40,180,0.5,0.7864412632212653,1.5703703249457281
familiar,selection,reverse,speed_rescaling,direction,0.5,10,specimen_10,40,180,1.0,0.7531815947309312,1.883870674292902
familiar,selection,reverse,speed_rescaling,direction,0.5,10,specimen_10,40,225,0.5,0.5489917655998089,0.46076067980596447
familiar,selection,reverse,speed_rescaling,direction,0.5,10,specimen_10,40,225,1.0,0.5938418322932465,0.05550098654062452
familiar,selection,reverse,speed_rescaling,direction,0.5,10,specimen_10,40,270,0.5,0.7707206424720473,1.0310489928535445
familiar,selection,reverse,speed_rescaling,direction,0.5,10,specimen_10,40,270,1.0,0.7626982090052778,0.5324163228350051
familiar,selection,reverse,speed_rescaling,direction,0.5,10,specimen_10,40,315,0.5,0.5744613325533529,1.0499678030105069
familiar,selection,reverse,speed_rescaling,direction,0.5,10,specimen_10,40,315,1.0,0.5747641295196436,0.29276575446686015
familiar,selection,reverse,speed_rescaling,direction,0.5,10,specimen_10,60,0,0.5,0.3129084666636077,0.1328533959274717
familiar,selection,reverse,speed_rescaling,direction,0.5,10,specimen_10,60,0,1.0,0.3942613901864503,0.2164013073547144
familiar,selection,reverse,speed_rescaling,direction,0.5,10,specimen_10,60,45,0.5,0.6928040604022309,0.8394139283250049
familiar,selection,reverse,speed_rescaling,direction,0.5,10,specimen_10,60,45,1.0,0.713716252835134,0.749852196835946
familiar,selection,reverse,speed_rescaling,direction,0.5,10,specimen_10,60,90,0.5,0.6968437368226366,0.3015976618071772
familiar,selection,reverse,speed_rescaling,direction,0.5,10,specimen_10,60,90,1.0,0.6581151404265345,0.5970530376579477
familiar,selection,reverse,speed_rescaling,direction,0.5,10,specimen_10,60,135,0.5,0.6881796275328176,0.4006757651123183
familiar,selection,reverse,speed_rescaling,direction,0.5,10,specimen_10,60,135,1.0,0.678816704443809,0.850612625668167
familiar,selection,reverse,speed_rescaling,direction,0.5,10,specimen_10,60,180,0.5,0.9282528689728916,1.720309613423451
familiar,selection,reverse,speed_rescaling,direction,0.5,10,specimen_10,60,180,1.0,0.9095405499800252,2.0754119729395724
familiar,selection,reverse,speed_rescaling,direction,0.5,10,specimen_10,60,225,0.5,0.6904923168706828,0.7357347334751635
familiar,selection,reverse,speed_rescaling,direction,0.5,10,specimen_10,60,225,1.0,0.6983063048015046,0.5465656561635772
familiar,selection,reverse,speed_rescaling,direction,0.5,10,specimen_10,60,270,0.5,0.9003709064663479,1.0963704927584903
familiar,selection,reverse,speed_rescaling,direction,0.5,10,specimen_10,60,270,1.0,0.8602981550631937,0.7192383453445592
familiar,selection,reverse,speed_rescaling,direction,0.5,10,specimen_10,60,315,0.5,0.678395635650491,0.6649877313303053
familiar,selection,reverse,speed_rescaling,direction,0.5,10,specimen_10,60,315,1.0,0.6636197003131824,0.6504600326378196
familiar,selection,reverse,speed_rescaling,direction,0.5,57,specimen_57,20,0,1.0,0.27501342398293027,0.07332846919430086
familiar,selection,reverse,speed_rescaling,direction,0.5,57,specimen_57,20,45,0.5,0.4421805676994895,0.4139183005508106
familiar,selection,reverse,speed_rescaling,direction,0.5,57,specimen_57,20,45,1.0,0.42135404066083665,0.33847200988193094
familiar,selection,reverse,speed_rescaling,direction,0.5,57,specimen_57,20,90,0.5,0.4484330138944559,0.9622112706557596
familiar,selection,reverse,speed_rescaling,direction,0.5,57,specimen_57,20,90,1.0,0.5292000775530131,1.3458542426868618
familiar,selection,reverse,speed_rescaling,direction,0.5,57,specimen_57,20,135,0.5,0.5297930450988533,0.9935876817423462
familiar,selection,reverse,speed_rescaling,direction,0.5,57,specimen_57,20,135,1.0,0.5964126941032313,1.378962407074849
familiar,selection,reverse,speed_rescaling,direction,0.5,57,specimen_57,20,180,0.5,0.6237880291507706,1.3995001091559367
familiar,selection,reverse,speed_rescaling,direction,0.5,57,specimen_57,20,180,1.0,0.670231056326326,1.7456090839037994
familiar,selection,reverse,speed_rescaling,direction,0.5,57,specimen_57,20,225,0.5,0.465502965961109,0.3552216427624334
familiar,selection,reverse,speed_rescaling,direction,0.5,57,specimen_57,20,225,1.0,0.42010589806323323,0.28101281000187617
familiar,selection,reverse,speed_rescaling,direction,0.5,57,specimen_57,20,270,0.5,0.4197749494015328,0.2987209188272669
familiar,selection,reverse,speed_rescaling,direction,0.5,57,specimen_57,20,270,1.0,0.4253760635548795,0.3302366527343743
familiar,selection,reverse,speed_rescaling,direction,0.5,57,specimen_57,20,315,0.5,0.47415796387538683,0.4308859109062104
familiar,selection,reverse,speed_rescaling,direction,0.5,57,specimen_57,20,315,1.0,0.42018899833689344,0.2630211289726194
familiar,selection,reverse,speed_rescaling,direction,0.5,57,specimen_57,40,45,0.5,0.5240032925807059,0.6453977280253194
familiar,selection,reverse,speed_rescaling,direction,0.5,57,specimen_57,40,45,1.0,0.5018918206964317,0.5349366154126993
familiar,selection,reverse,speed_rescaling,direction,0.5,57,specimen_57,40,90,1.0,0.23252523421761118,0.5141574444899475
familiar,selection,reverse,speed_rescaling,direction,0.5,57,specimen_57,40,135,0.5,0.5817417177904872,0.69255579757004
familiar,selection,reverse,speed_rescaling,direction,0.5,57,specimen_57,40,135,1.0,0.7362037545498278,1.3121234007669862
familiar,selection,reverse,speed_rescaling,direction,0.5,57,specimen_57,40,180,0.5,0.8623805198862312,1.67124149124198
familiar,selection,reverse,speed_rescaling,direction,0.5,57,specimen_57,40,180,1.0,0.9512729716214047,2.120850692414106
familiar,selection,reverse,speed_rescaling,direction,0.5,57,specimen_57,40,225,0.5,0.5209185567145792,0.8077214336713245
familiar,selection,reverse,speed_rescaling,direction,0.5,57,specimen_57,40,225,1.0,0.5355076452300421,0.6079455856166381
familiar,selection,reverse,speed_rescaling,direction,0.5,57,specimen_57,40,270,0.5,0.7900945964670383,1.985239074811605
familiar,selection,reverse,speed_rescaling,direction,0.5,57,specimen_57,40,270,1.0,0.693766551192609,1.8087177026434103
familiar,selection,reverse,speed_rescaling,direction,0.5,57,specimen_57,40,315,0.5,0.5194028516249153,1.9016434208017616
familiar,selection,reverse,speed_rescaling,direction,0.5,57,specimen_57,40,315,1.0,0.4884966847000422,1.350207304893913
familiar,selection,reverse,speed_rescaling,direction,0.5,57,specimen_57,60,0,0.5,0.3858738256117495,0.04625620563002092
familiar,selection,reverse,speed_rescaling,direction,0.5,57,specimen_57,60,0,1.0,0.42532841769127666,0.13082502302122906
familiar,selection,reverse,speed_rescaling,direction,0.5,57,specimen_57,60,45,0.5,0.7942974560001037,1.4351462993754944
familiar,selection,reverse,speed_rescaling,direction,0.5,57,specimen_57,60,45,1.0,0.7114929639315033,1.2121132295066332
familiar,selection,reverse,speed_rescaling,direction,0.5,57,specimen_57,60,90,0.5,0.7004534625312452,0.46347590029870567
familiar,selection,reverse,speed_rescaling,direction,0.5,57,specimen_57,60,90,1.0,0.7786161871085079,0.9035854163848622
familiar,selection,reverse,speed_rescaling,direction,0.5,57,specimen_57,60,135,0.5,0.8290295743889446,0.142559123479852
familiar,selection,reverse,speed_rescaling,direction,0.5,57,specimen_57,60,135,1.0,0.9441564992589138,0.7215694010037343
familiar,selection,reverse,speed_rescaling,direction,0.5,57,specimen_57,60,180,0.5,1.1712043640548944,1.9601971821128648
familiar,selection,reverse,speed_rescaling,direction,0.5,57,specimen_57,60,180,1.0,1.3210134107885945,2.435982531633783
familiar,selection,reverse,speed_rescaling,direction,0.5,57,specimen_57,60,225,0.5,0.7086826145489223,1.6496956040670532
familiar,selection,reverse,speed_rescaling,direction,0.5,57,specimen_57,60,225,1.0,0.6518356914084588,1.3016050787388378
familiar,selection,reverse,speed_rescaling,direction,0.5,57,specimen_57,60,270,0.5,0.7570009449058496,1.7344830351026992
familiar,selection,reverse,speed_rescaling,direction,0.5,57,specimen_57,60,270,1.0,0.6787220808727567,1.425318014942207
familiar,selection,reverse,speed_rescaling,direction,0.5,57,specimen_57,60,315,0.5,0.7295070492339718,1.924194948390155
familiar,selection,reverse,speed_rescaling,direction,0.5,57,specimen_57,60,315,1.0,0.6944080714676483,1.8902207816535301
familiar,selection,reverse,speed_rescaling,repeat,0.5,10,specimen_10,20,0,1.0,0.3550767889385589,0.34046538348375655
familiar,selection,reverse,speed_rescaling,repeat,0.5,10,specimen_10,20,45,0.5,0.394718576656851,0.1522939154297811
familiar,selection,reverse,speed_rescaling,repeat,0.5,10,specimen_10,20,45,1.0,0.4811678028802138,0.026802883882025785
familiar,selection,reverse,speed_rescaling,repeat,0.5,10,specimen_10,20,90,0.5,0.5407498685594546,0.07199036100684053
familiar,selection,reverse,speed_rescaling,repeat,0.5,10,specimen_10,20,90,1.0,0.546371716563755,0.06364638259850275
familiar,selection,reverse,speed_rescaling,repeat,0.5,10,specimen_10,20,135,0.5,0.45660882754567406,0.10987190533582769
familiar,selection,reverse,speed_rescaling,repeat,0.5,10,specimen_10,20,135,1.0,0.48654888127332124,0.056957927385020035
familiar,selection,reverse,speed_rescaling,repeat,0.5,10,specimen_10,20,180,0.5,0.325951089366913,0.2137806667579445
familiar,selection,reverse,speed_rescaling,repeat,0.5,10,specimen_10,20,180,1.0,0.358204197143045,0.34440376557824726
familiar,selection,reverse,speed_rescaling,repeat,0.5,10,specimen_10,20,225,0.5,0.36546726243982713,0.11761999455374617
familiar,selection,reverse,speed_rescaling,repeat,0.5,10,specimen_10,20,225,1.0,0.4495929965164777,0.034970900387513715
familiar,selection,reverse,speed_rescaling,repeat,0.5,10,specimen_10,20,270,0.5,0.5190518044460576,0.09771812792508838
familiar,selection,reverse,speed_rescaling,repeat,0.5,10,specimen_10,20,270,1.0,0.5351925152659496,0.13897453317060582
familiar,selection,reverse,speed_rescaling,repeat,0.5,10,specimen_10,20,315,0.5,0.408909281149261,0.22857392514398123
familiar,selection,reverse,speed_rescaling,repeat,0.5,10,specimen_10,20,315,1.0,0.4769350277760833,0.23920063414041648
familiar,selection,reverse,speed_rescaling,repeat,0.5,10,specimen_10,40,45,0.5,0.48172135129179444,0.45029849778977915
familiar,selection,reverse,speed_rescaling,repeat,0.5,10,specimen_10,40,45,1.0,0.5269392412038956,0.28319421381673127
familiar,selection,reverse,speed_rescaling,repeat,0.5,10,specimen_10,40,90,1.0,0.7084187151322966,1.3619185138490204
familiar,selection,reverse,speed_rescaling,repeat,0.5,10,specimen_10,40,135,0.5,0.4978646690799918,0.7935549529318905
familiar,selection,reverse,speed_rescaling,repeat,0.5,10,specimen_10,40,135,1.0,0.5459323991591428,0.40101295783520385
familiar,selection,reverse,speed_rescaling,repeat,0.5,10,specimen_10,40,180,0.5,0.3311474732129946,0.18670464974983592
familiar,selection,reverse,speed_rescaling,repeat,0.5,10,specimen_10,40,180,1.0,0.3162163170018412,0.1995703767715198
familiar,selection,reverse,speed_rescaling,repeat,0.5,10,specimen_10,40,225,0.5,0.5120128953178956,0.5609227425077375
familiar,selection,reverse,speed_rescaling,repeat,0.5,10,specimen_10,40,225,1.0,0.5410182915041242,0.17742566461364795
familiar,selection,reverse,speed_rescaling,repeat,0.5,10,specimen_10,40,270,0.5,0.7276249547737267,1.1312110555553176
familiar,selection,reverse,speed_rescaling,repeat,0.5,10,specimen_10,40,270,1.0,0.7220529467157576,0.6543410009080285
familiar,selection,reverse,speed_rescaling,repeat,0.5,10,specimen_10,40,315,0.5,0.5194157658173504,1.1501298657122798
familiar,selection,reverse,speed_rescaling,repeat,0.5,10,specimen_10,40,315,1.0,0.5184020457593285,0.4146904325398836
familiar,selection,reverse,speed_rescaling,repeat,0.5,10,specimen_10,60,0,0.5,0.2948269508835986,0.020247977230715142
familiar,selection,reverse,speed_rescaling,repeat,0.5,10,specimen_10,60,0,1.0,0.38862094348395804,0.07932965513885981
familiar,selection,reverse,speed_rescaling,repeat,0.5,10,specimen_10,60,45,0.5,0.7142185887962329,0.9520193470217615
familiar,selection,reverse,speed_rescaling,repeat,0.5,10,specimen_10,60,45,1.0,0.7286785131724355,0.8869238490518006
familiar,selection,reverse,speed_rescaling,repeat,0.5,10,specimen_10,60,90,0.5,0.9267237221913254,1.2638679400277208
familiar,selection,reverse,speed_rescaling,repeat,0.5,10,specimen_10,60,90,1.0,0.8786283799492178,1.3085475898612076
familiar,selection,reverse,speed_rescaling,repeat,0.5,10,specimen_10,60,135,0.5,0.6991450586641816,1.1647898367225797
familiar,selection,reverse,speed_rescaling,repeat,0.5,10,specimen_10,60,135,1.0,0.6892780654640678,1.0549880018509883
familiar,selection,reverse,speed_rescaling,repeat,0.5,10,specimen_10,60,180,0.5,0.4014202946908669,0.154844011588553
familiar,selection,reverse,speed_rescaling,repeat,0.5,10,specimen_10,60,180,1.0,0.4180553235063614,0.16981134542041687
familiar,selection,reverse,speed_rescaling,repeat,0.5,10,specimen_10,60,225,0.5,0.6804043595603272,0.84834015217192
familiar,selection,reverse,speed_rescaling,repeat,0.5,10,specimen_10,60,225,1.0,0.6790266393088847,0.6836373083794318
familiar,selection,reverse,speed_rescaling,repeat,0.5,10,specimen_10,60,270,0.5,0.906296394303323,1.2089759114552467
familiar,selection,reverse,speed_rescaling,repeat,0.5,10,specimen_10,60,270,1.0,0.8681453550621617,0.8563099975604138
familiar,selection,reverse,speed_rescaling,repeat,0.5,10,specimen_10,60,315,0.5,0.6859689973257841,0.7775931500270619
familiar,selection,reverse,speed_rescaling,repeat,0.5,10,specimen_10,60,315,1.0,0.6778315510310211,0.7875316848536742
familiar,selection,reverse,speed_rescaling,repeat,0.5,57,specimen_57,20,0,1.0,0.2863043406071424,0.056027012526141506
familiar,selection,reverse,speed_rescaling,repeat,0.5,57,specimen_57,20,45,0.5,0.4725023696768145,0.42813158054479417
familiar,selection,reverse,speed_rescaling,repeat,0.5,57,specimen_57,20,45,1.0,0.4305729285631921,0.3557734665500903
familiar,selection,reverse,speed_rescaling,repeat,0.5,57,specimen_57,20,90,0.5,0.4766053675097317,0.39090022724272455
familiar,selection,reverse,speed_rescaling,repeat,0.5,57,specimen_57,20,90,1.0,0.4658222712093172,0.30125324819410143
familiar,selection,reverse,speed_rescaling,repeat,0.5,57,specimen_57,20,135,0.5,0.5077028962287816,0.35952381615613793
familiar,selection,reverse,speed_rescaling,repeat,0.5,57,specimen_57,20,135,1.0,0.43804184074722535,0.2681450838061143
familiar,selection,reverse,speed_rescaling,repeat,0.5,57,specimen_57,20,180,0.5,0.3222583777546297,0.046388611257452445
familiar,selection,reverse,speed_rescaling,repeat,0.5,57,specimen_57,20,180,1.0,0.27108029661641614,0.09850159302283626
familiar,selection,reverse,speed_rescaling,repeat,0.5,57,specimen_57,20,225,0.5,0.4858097337298061,0.369434922756417
familiar,selection,reverse,speed_rescaling,repeat,0.5,57,specimen_57,20,225,1.0,0.4279373396234643,0.2983142666700355
familiar,selection,reverse,speed_rescaling,repeat,0.5,57,specimen_57,20,270,0.5,0.41381832263506974,0.3129341988212505
familiar,selection,reverse,speed_rescaling,repeat,0.5,57,specimen_57,20,270,1.0,0.428461205417503,0.34753810940253366
familiar,selection,reverse,speed_rescaling,repeat,0.5,57,specimen_57,20,315,0.5,0.4750273764394519,0.445099190900194
familiar,selection,reverse,speed_rescaling,repeat,0.5,57,specimen_57,20,315,1.0,0.39997056051346563,0.2803225856407788
familiar,selection,reverse,speed_rescaling,repeat,0.5,57,specimen_57,40,45,0.5,0.5449932041235971,0.6603543716234854
familiar,selection,reverse,speed_rescaling,repeat,0.5,57,specimen_57,40,45,1.0,0.5235719548768473,0.5531429492937114
familiar,selection,reverse,speed_rescaling,repeat,0.5,57,specimen_57,40,90,1.0,0.8057954502132096,1.6237315786034598
familiar,selection,reverse,speed_rescaling,repeat,0.5,57,specimen_57,40,135,0.5,0.5785967473588914,1.0637365114591772
familiar,selection,reverse,speed_rescaling,repeat,0.5,57,specimen_57,40,135,1.0,0.5458284147200038,0.8257656223264211
familiar,selection,reverse,speed_rescaling,repeat,0.5,57,specimen_57,40,180,0.5,0.26065737518395143,0.08505081778723733
familiar,selection,reverse,speed_rescaling,repeat,0.5,57,specimen_57,40,180,1.0,0.2676276912091957,0.017038330679301494
familiar,selection,reverse,speed_rescaling,repeat,0.5,57,specimen_57,40,225,0.5,0.5472309548862012,0.8226780772694906
familiar,selection,reverse,speed_rescaling,repeat,0.5,57,specimen_57,40,225,1.0,0.5575569379997014,0.6261519194976501
familiar,selection,reverse,speed_rescaling,repeat,0.5,57,specimen_57,40,270,0.5,0.8258195558421654,2.0001957184097714
familiar,selection,reverse,speed_rescaling,repeat,0.5,57,specimen_57,40,270,1.0,0.7111617585322353,1.8269240365244224
familiar,selection,reverse,speed_rescaling,repeat,0.5,57,specimen_57,40,315,0.5,0.539650394586498,1.9166000643999277
familiar,selection,reverse,speed_rescaling,repeat,0.5,57,specimen_57,40,315,1.0,0.5165259974756434,1.368413638774925
familiar,selection,reverse,speed_rescaling,repeat,0.5,57,specimen_57,60,0,0.5,0.345205815509998,0.028433480935695976
familiar,selection,reverse,speed_rescaling,repeat,0.5,57,specimen_57,60,0,1.0,0.3699516274195314,0.10912988304383286
familiar,selection,reverse,speed_rescaling,repeat,0.5,57,specimen_57,60,45,0.5,0.8500328114928918,1.4529690240698194
familiar,selection,reverse,speed_rescaling,repeat,0.5,57,specimen_57,60,45,1.0,0.7421193227434918,1.2338083694840294
familiar,selection,reverse,speed_rescaling,repeat,0.5,57,specimen_57,60,90,0.5,0.8918573172643821,1.519017421198916
familiar,selection,reverse,speed_rescaling,repeat,0.5,57,specimen_57,60,90,1.0,0.834698781473751,1.509652225547581
familiar,selection,reverse,speed_rescaling,repeat,0.5,57,specimen_57,60,135,0.5,0.8471536391481159,1.8399341980177697
familiar,selection,reverse,speed_rescaling,repeat,0.5,57,specimen_57,60,135,1.0,0.783031870514106,1.691668240928709
familiar,selection,reverse,speed_rescaling,repeat,0.5,57,specimen_57,60,180,0.5,0.37526057718078504,0.02229613938475672
familiar,selection,reverse,speed_rescaling,repeat,0.5,57,specimen_57,60,180,1.0,0.41195038610633833,0.0227448897013397
familiar,selection,reverse,speed_rescaling,repeat,0.5,57,specimen_57,60,225,0.5,0.7584668015948374,1.667518328761378
familiar,selection,reverse,speed_rescaling,repeat,0.5,57,specimen_57,60,225,1.0,0.6811673313510695,1.323300218716234
familiar,selection,reverse,speed_rescaling,repeat,0.5,57,specimen_57,60,270,0.5,0.7976735790875966,1.7523057597970242
familiar,selection,reverse,speed_rescaling,repeat,0.5,57,specimen_57,60,270,1.0,0.6984942799343293,1.447013154919603
familiar,selection,reverse,speed_rescaling,repeat,0.5,57,specimen_57,60,315,0.5,0.780120160740135,1.94201767308448
familiar,selection,reverse,speed_rescaling,repeat,0.5,57,specimen_57,60,315,1.0,0.7363000531168397,1.9119159216309263
familiar,selection,reverse,speed_rescaling,single,0.5,10,specimen_10,20,0,1.0,0.36798153877102924,0.44181378216801837
familiar,selection,reverse,speed_rescaling,single,0.5,10,specimen_10,20,45,0.5,0.41458567107657673,0.06903542482579117
familiar,selection,reverse,speed_rescaling,single,0.5,10,specimen_10,20,45,1.0,0.49929905191190765,0.1281512825662876
familiar,selection,reverse,speed_rescaling,single,0.5,10,specimen_10,20,90,0.5,0.5668567435543143,0.011268129597149401
familiar,selection,reverse,speed_rescaling,single,0.5,10,specimen_10,20,90,1.0,0.5630905267460288,0.03770201608575907
familiar,selection,reverse,speed_rescaling,single,0.5,10,specimen_10,20,135,0.5,0.4668479498481928,0.02661341473183776
familiar,selection,reverse,speed_rescaling,single,0.5,10,specimen_10,20,135,1.0,0.4928578991919717,0.15830632606928186
familiar,selection,reverse,speed_rescaling,single,0.5,10,specimen_10,20,180,0.5,0.34321708335033546,0.2970391573619344
familiar,selection,reverse,speed_rescaling,single,0.5,10,specimen_10,20,180,1.0,0.3754945076666889,0.4457521642625091
familiar,selection,reverse,speed_rescaling,single,0.5,10,specimen_10,20,225,0.5,0.3854322774436903,0.034361503949756234
familiar,selection,reverse,speed_rescaling,single,0.5,10,specimen_10,20,225,1.0,0.46247272577357873,0.13631929907177553
familiar,selection,reverse,speed_rescaling,single,0.5,10,specimen_10,20,270,0.5,0.5465223669881413,0.01445963732109845
familiar,selection,reverse,speed_rescaling,single,0.5,10,specimen_10,20,270,1.0,0.5576797772606712,0.037626134486344
familiar,selection,reverse,speed_rescaling,single,0.5,10,specimen_10,20,315,0.5,0.4212239150817489,0.1453154345399913
familiar,selection,reverse,speed_rescaling,single,0.5,10,specimen_10,20,315,1.0,0.5043001900047862,0.13785223545615466
familiar,selection,reverse,speed_rescaling,single,0.5,10,specimen_10,40,45,0.5,0.5223744548192762,0.35013643508800607
familiar,selection,reverse,speed_rescaling,single,0.5,10,specimen_10,40,45,1.0,0.5666413387752977,0.16126953574370784
familiar,selection,reverse,speed_rescaling,single,0.5,10,specimen_10,40,90,1.0,0.7320159183774367,1.239993835775997
familiar,selection,reverse,speed_rescaling,single,0.5,10,specimen_10,40,135,0.5,0.5324126933600971,0.6933928902301174
familiar,selection,reverse,speed_rescaling,single,0.5,10,specimen_10,40,135,1.0,0.5963290417187234,0.2790882797621804
familiar,selection,reverse,speed_rescaling,single,0.5,10,specimen_10,40,180,0.5,0.3574101484618167,0.286866712451609
familiar,selection,reverse,speed_rescaling,single,0.5,10,specimen_10,40,180,1.0,0.3576342853864077,0.3214950548445432
familiar,selection,reverse,speed_rescaling,single,0.5,10,specimen_10,40,225,0.5,0.5489917655998089,0.46076067980596447
familiar,selection,reverse,speed_rescaling,single,0.5,10,specimen_10,40,225,1.0,0.5938418322932465,0.05550098654062452
familiar,selection,reverse,speed_rescaling,single,0.5,10,specimen_10,40,270,0.5,0.7707206424720473,1.0310489928535445
familiar,selection,reverse,speed_rescaling,single,0.5,10,specimen_10,40,270,1.0,0.7626982090052778,0.5324163228350051
familiar,selection,reverse,speed_rescaling,single,0.5,10,specimen_10,40,315,0.5,0.5744613325533529,1.0499678030105069
familiar,selection,reverse,speed_rescaling,single,0.5,10,specimen_10,40,315,1.0,0.5747641295196436,0.29276575446686015
familiar,selection,reverse,speed_rescaling,single,0.5,10,specimen_10,60,0,0.5,0.3129084666636077,0.1328533959274717
familiar,selection,reverse,speed_rescaling,single,0.5,10,specimen_10,60,0,1.0,0.3942613901864503,0.2164013073547144
familiar,selection,reverse,speed_rescaling,single,0.5,10,specimen_10,60,45,0.5,0.6928040604022309,0.8394139283250049
familiar,selection,reverse,speed_rescaling,single,0.5,10,specimen_10,60,45,1.0,0.713716252835134,0.749852196835946
familiar,selection,reverse,speed_rescaling,single,0.5,10,specimen_10,60,90,0.5,0.9066644177541425,1.1512625213309642
familiar,selection,reverse,speed_rescaling,single,0.5,10,specimen_10,60,90,1.0,0.8538408575024858,1.171475937645353
familiar,selection,reverse,speed_rescaling,single,0.5,10,specimen_10,60,135,0.5,0.6860009874741521,1.0521844180258233
familiar,selection,reverse,speed_rescaling,single,0.5,10,specimen_10,60,135,1.0,0.6786351950787216,0.9179163496351337
familiar,selection,reverse,speed_rescaling,single,0.5,10,specimen_10,60,180,0.5,0.43043574088834324,0.26744943028530954
familiar,selection,reverse,speed_rescaling,single,0.5,10,specimen_10,60,180,1.0,0.4369552099260982,0.30688299763627147
familiar,selection,reverse,speed_rescaling,single,0.5,10,specimen_10,60,225,0.5,0.6904923168706828,0.7357347334751635
familiar,selection,reverse,speed_rescaling,single,0.5,10,specimen_10,60,225,1.0,0.6983063048015046,0.5465656561635772
familiar,selection,reverse,speed_rescaling,single,0.5,10,specimen_10,60,270,0.5,0.9003709064663479,1.0963704927584903
familiar,selection,reverse,speed_rescaling,single,0.5,10,specimen_10,60,270,1.0,0.8602981550631937,0.7192383453445592
familiar,selection,reverse,speed_rescaling,single,0.5,10,specimen_10,60,315,0.5,0.678395635650491,0.6649877313303053
familiar,selection,reverse,speed_rescaling,single,0.5,10,specimen_10,60,315,1.0,0.6636197003131824,0.6504600326378196
familiar,selection,reverse,speed_rescaling,single,0.5,57,specimen_57,20,0,1.0,0.27501342398293027,0.07332846919430086
familiar,selection,reverse,speed_rescaling,single,0.5,57,specimen_57,20,45,0.5,0.4421805676994895,0.4139183005508106
familiar,selection,reverse,speed_rescaling,single,0.5,57,specimen_57,20,45,1.0,0.42135404066083665,0.33847200988193094
familiar,selection,reverse,speed_rescaling,single,0.5,57,specimen_57,20,90,0.5,0.46273667414983244,0.37668694724874097
familiar,selection,reverse,speed_rescaling,single,0.5,57,specimen_57,20,90,1.0,0.4493451886339361,0.2839517915259421
familiar,selection,reverse,speed_rescaling,single,0.5,57,specimen_57,20,135,0.5,0.49282250690510504,0.34531053616215435
familiar,selection,reverse,speed_rescaling,single,0.5,57,specimen_57,20,135,1.0,0.44925588143726963,0.25084362713795494
familiar,selection,reverse,speed_rescaling,single,0.5,57,specimen_57,20,180,0.5,0.31292830533845023,0.060601891251436
familiar,selection,reverse,speed_rescaling,single,0.5,57,specimen_57,20,180,1.0,0.2761121952544205,0.11580304969099561
familiar,selection,reverse,speed_rescaling,single,0.5,57,specimen_57,20,225,0.5,0.465502965961109,0.3552216427624334
familiar,selection,reverse,speed_rescaling,single,0.5,57,specimen_57,20,225,1.0,0.42010589806323323,0.28101281000187617
familiar,selection,reverse,speed_rescaling,single,0.5,57,specimen_57,20,270,0.5,0.4197749494015328,0.2987209188272669
familiar,selection,reverse,speed_rescaling,single,0.5,57,specimen_57,20,270,1.0,0.4253760635548795,0.3302366527343743
familiar,selection,reverse,speed_rescaling,single,0.5,57,specimen_57,20,315,0.5,0.47415796387538683,0.4308859109062104
familiar,selection,reverse,speed_rescaling,single,0.5,57,specimen_57,20,315,1.0,0.42018899833689344,0.2630211289726194
familiar,selection,reverse,speed_rescaling,single,0.5,57,specimen_57,40,45,0.5,0.5240032925807059,0.6453977280253194
familiar,selection,reverse,speed_rescaling,single,0.5,57,specimen_57,40,45,1.0,0.5018918206964317,0.5349366154126993
familiar,selection,reverse,speed_rescaling,single,0.5,57,specimen_57,40,90,1.0,0.7867484463080556,1.6055252447224477
familiar,selection,reverse,speed_rescaling,single,0.5,57,specimen_57,40,135,0.5,0.5559826193131562,1.0487798678610112
familiar,selection,reverse,speed_rescaling,single,0.5,57,specimen_57,40,135,1.0,0.5300478624065131,0.8075592884454091
familiar,selection,reverse,speed_rescaling,single,0.5,57,specimen_57,40,180,0.5,0.26347175097332615,0.07009417418907121
familiar,selection,reverse,speed_rescaling,single,0.5,57,specimen_57,40,180,1.0,0.28371587474763366,0.0011680032017105657
familiar,selection,reverse,speed_rescaling,single,0.5,57,specimen_57,40,225,0.5,0.5209185567145792,0.8077214336713245
familiar,selection,reverse,speed_rescaling,single,0.5,57,specimen_57,40,225,1.0,0.5355076452300421,0.6079455856166381
familiar,selection,reverse,speed_rescaling,single,0.5,57,specimen_57,40,270,0.5,0.7900945964670383,1.985239074811605
familiar,selection,reverse,speed_rescaling,single,0.5,57,specimen_57,40,270,1.0,0.693766551192609,1.8087177026434103
familiar,selection,reverse,speed_rescaling,single,0.5,57,specimen_57,40,315,0.5,0.5194028516249153,1.9016434208017616
familiar,selection,reverse,speed_rescaling,single,0.5,57,specimen_57,40,315,1.0,0.4884966847000422,1.350207304893913
familiar,selection,reverse,speed_rescaling,single,0.5,57,specimen_57,60,0,0.5,0.3858738256117495,0.04625620563002092
familiar,selection,reverse,speed_rescaling,single,0.5,57,specimen_57,60,0,1.0,0.42532841769127666,0.13082502302122906
familiar,selection,reverse,speed_rescaling,single,0.5,57,specimen_57,60,45,0.5,0.7942974560001037,1.4351462993754944
familiar,selection,reverse,speed_rescaling,single,0.5,57,specimen_57,60,45,1.0,0.7114929639315033,1.2121132295066332
familiar,selection,reverse,speed_rescaling,single,0.5,57,specimen_57,60,90,0.5,0.8567245505791429,1.501194696504591
familiar,selection,reverse,speed_rescaling,single,0.5,57,specimen_57,60,90,1.0,0.7917765698045529,1.487957085570185
familiar,selection,reverse,speed_rescaling,single,0.5,57,specimen_57,60,135,0.5,0.8078935389430146,1.8221114733234447
familiar,selection,reverse,speed_rescaling,single,0.5,57,specimen_57,60,135,1.0,0.7508445018247549,1.6699731009513128
familiar,selection,reverse,speed_rescaling,single,0.5,57,specimen_57,60,180,0.5,0.3833940607476796,0.004473414690431776
familiar,selection,reverse,speed_rescaling,single,0.5,57,specimen_57,60,180,1.0,0.4311591336412493,0.04444002967873589
familiar,selection,reverse,speed_rescaling,single,0.5,57,specimen_57,60,225,0.5,0.7086826145489223,1.6496956040670532
familiar,selection,reverse,speed_rescaling,single,0.5,57,specimen_57,60,225,1.0,0.6518356914084588,1.3016050787388378
familiar,selection,reverse,speed_rescaling,single,0.5,57,specimen_57,60,270,0.5,0.7570009449058496,1.7344830351026992
familiar,selection,reverse,speed_rescaling,single,0.5,57,specimen_57,60,270,1.0,0.6787220808727567,1.425318014942207
familiar,selection,reverse,speed_rescaling,single,0.5,57,specimen_57,60,315,0.5,0.7295070492339718,1.924194948390155
familiar,selection,reverse,speed_rescaling,single,0.5,57,specimen_57,60,315,1.0,0.6944080714676483,1.8902207816535301
familiar,transfer,forward,conditions_only,direction,0.5,10,specimen_10,30,45,0.5,0.21321905561567692,0.39434341977593246
familiar,transfer,forward,conditions_only,direction,0.5,10,specimen_10,30,45,1.0,0.21032313006238737,0.4443232606096881
familiar,transfer,forward,conditions_only,direction,0.5,10,specimen_10,30,90,1.0,0.30343209005722205,0.8983295010439921
familiar,transfer,forward,conditions_only,direction,0.5,10,specimen_10,30,135,0.5,0.24827808192874015,0.411241917830808
familiar,transfer,forward,conditions_only,direction,0.5,10,specimen_10,30,135,1.0,0.25949423266543664,0.4228151722934065
familiar,transfer,forward,conditions_only,direction,0.5,10,specimen_10,30,180,0.5,0.3523219040989541,0.008844849476784877
familiar,transfer,forward,conditions_only,direction,0.5,10,specimen_10,30,180,1.0,0.40004552252267594,0.0874176574380906
familiar,transfer,forward,conditions_only,direction,0.5,10,specimen_10,30,225,0.5,0.2111712282565268,0.2863558427997929
familiar,transfer,forward,conditions_only,direction,0.5,10,specimen_10,30,225,1.0,0.17949733901788853,0.15303008432330478
familiar,transfer,forward,conditions_only,direction,0.5,10,specimen_10,30,270,0.5,0.35619163427394956,0.8930129428175748
familiar,transfer,forward,conditions_only,direction,0.5,10,specimen_10,30,270,1.0,0.2777674758556421,0.45698066216628186
familiar,transfer,forward,conditions_only,direction,0.5,10,specimen_10,30,315,0.5,0.27557268848246325,0.3016154206497704
familiar,transfer,forward,conditions_only,direction,0.5,10,specimen_10,30,315,1.0,0.26415487747020044,0.21126493793731937
familiar,transfer,forward,conditions_only,direction,0.5,10,specimen_10,50,45,0.5,0.3710013926028153,1.2768883353833809
familiar,transfer,forward,conditions_only,direction,0.5,10,specimen_10,50,45,1.0,0.3587840255624593,1.1454187701775016
familiar,transfer,forward,conditions_only,direction,0.5,10,specimen_10,50,90,1.0,0.4053177583343774,1.5351916068881013
familiar,transfer,forward,conditions_only,direction,0.5,10,specimen_10,50,135,0.5,0.4731505518228067,1.874045230441153
familiar,transfer,forward,conditions_only,direction,0.5,10,specimen_10,50,135,1.0,0.4374224852522321,1.0984913375499517
familiar,transfer,forward,conditions_only,direction,0.5,10,specimen_10,50,180,0.5,0.4829493389799541,0.44380401175565665
familiar,transfer,forward,conditions_only,direction,0.5,10,specimen_10,50,180,1.0,0.5565778418019286,0.519494863681368
familiar,transfer,forward,conditions_only,direction,0.5,10,specimen_10,50,225,0.5,0.3580096179360963,1.162656726834027
familiar,transfer,forward,conditions_only,direction,0.5,10,specimen_10,50,225,1.0,0.43683891599498653,1.0575239552523554
familiar,transfer,forward,conditions_only,direction,0.5,10,specimen_10,50,270,0.5,0.36975125187608276,1.2875067579308137
familiar,transfer,forward,conditions_only,direction,0.5,10,specimen_10,50,270,1.0,0.38313104565839695,1.0854690422864832
familiar,transfer,forward,conditions_only,direction,0.5,10,specimen_10,50,315,0.5,0.4568219868231685,0.7845722481417031
familiar,transfer,forward,conditions_only,direction,0.5,10,specimen_10,50,315,1.0,0.4651127026415243,0.6265702400969271
familiar,transfer,forward,conditions_only,direction,0.5,57,specimen_57,30,45,0.5,0.3660381151908207,0.1735013277349009
familiar,transfer,forward,conditions_only,direction,0.5,57,specimen_57,30,45,1.0,0.3788333968259097,0.11411450996391936
familiar,transfer,forward,conditions_only,direction,0.5,57,specimen_57,30,90,1.0,0.43676717915665836,1.0336390097770876
familiar,transfer,forward,conditions_only,direction,0.5,57,specimen_57,30,135,0.5,0.4168084064313722,0.22430528718935305
familiar,transfer,forward,conditions_only,direction,0.5,57,specimen_57,30,135,1.0,0.37511334550178993,0.20822458955911294
familiar,transfer,forward,conditions_only,direction,0.5,57,specimen_57,30,180,0.5,0.4466852127225242,0.2114979629267649
familiar,transfer,forward,conditions_only,direction,0.5,57,specimen_57,30,180,1.0,0.41457192608810284,0.2097522235502351
familiar,transfer,forward,conditions_only,direction,0.5,57,specimen_57,30,225,0.5,0.35022210669060616,0.3624371997107588
familiar,transfer,forward,conditions_only,direction,0.5,57,specimen_57,30,225,1.0,0.3977363715086226,0.2775721191562647
familiar,transfer,forward,conditions_only,direction,0.5,57,specimen_57,30,270,0.5,0.3275639288892022,2.0173988417965907
familiar,transfer,forward,conditions_only,direction,0.5,57,specimen_57,30,270,1.0,0.41462734096030246,1.662798540241428
familiar,transfer,forward,conditions_only,direction,0.5,57,specimen_57,30,315,0.5,0.39759649223409177,0.1201093260987347
familiar,transfer,forward,conditions_only,direction,0.5,57,specimen_57,30,315,1.0,0.40601674143036853,0.09429811021589962
familiar,transfer,forward,conditions_only,direction,0.5,57,specimen_57,50,45,0.5,0.37423299067184473,1.7555509563238856
familiar,transfer,forward,conditions_only,direction,0.5,57,specimen_57,50,45,1.0,0.3980216865107014,1.4854456607983009
familiar,transfer,forward,conditions_only,direction,0.5,57,specimen_57,50,90,1.0,0.3764941790146444,2.0298623479319358
familiar,transfer,forward,conditions_only,direction,0.5,57,specimen_57,50,135,0.5,0.42965255935356,1.7443191672351648
familiar,transfer,forward,conditions_only,direction,0.5,57,specimen_57,50,135,1.0,0.40989062053987624,1.5246929570341483
familiar,transfer,forward,conditions_only,direction,0.5,57,specimen_57,50,180,0.5,0.569704363307515,0.09317635108000644
familiar,transfer,forward,conditions_only,direction,0.5,57,specimen_57,50,180,1.0,0.5023157126527996,0.12476893631825714
familiar,transfer,forward,conditions_only,direction,0.5,57,specimen_57,50,225,0.5,0.38526822706615366,1.3697828671743109
familiar,transfer,forward,conditions_only,direction,0.5,57,specimen_57,50,225,1.0,0.4057492262550016,1.1457077988457043
familiar,transfer,forward,conditions_only,direction,0.5,57,specimen_57,50,270,0.5,0.3428313512435741,1.7370737606917874
familiar,transfer,forward,conditions_only,direction,0.5,57,specimen_57,50,270,1.0,0.37774002879226504,1.470595868314705
familiar,transfer,forward,conditions_only,direction,0.5,57,specimen_57,50,315,0.5,0.3601437894274769,1.0913286746148763
familiar,transfer,forward,conditions_only,direction,0.5,57,specimen_57,50,315,1.0,0.3499608550297924,0.9955767317817816
familiar,transfer,forward,conditions_only,repeat,0.5,10,specimen_10,30,45,0.5,0.21321905561567692,0.39434341977593246
familiar,transfer,forward,conditions_only,repeat,0.5,10,specimen_10,30,45,1.0,0.21032313006238737,0.4443232606096881
familiar,transfer,forward,conditions_only,repeat,0.5,10,specimen_10,30,90,1.0,0.30343209005722205,0.8983295010439921
familiar,transfer,forward,conditions_only,repeat,0.5,10,specimen_10,30,135,0.5,0.24827808192874015,0.411241917830808
familiar,transfer,forward,conditions_only,repeat,0.5,10,specimen_10,30,135,1.0,0.25949423266543664,0.4228151722934065
familiar,transfer,forward,conditions_only,repeat,0.5,10,specimen_10,30,180,0.5,0.3523219040989541,0.008844849476784877
familiar,transfer,forward,conditions_only,repeat,0.5,10,specimen_10,30,180,1.0,0.40004552252267594,0.0874176574380906
familiar,transfer,forward,conditions_only,repeat,0.5,10,specimen_10,30,225,0.5,0.2111712282565268,0.2863558427997929
familiar,transfer,forward,conditions_only,repeat,0.5,10,specimen_10,30,225,1.0,0.17949733901788853,0.15303008432330478
familiar,transfer,forward,conditions_only,repeat,0.5,10,specimen_10,30,270,0.5,0.35619163427394956,0.8930129428175748
familiar,transfer,forward,conditions_only,repeat,0.5,10,specimen_10,30,270,1.0,0.2777674758556421,0.45698066216628186
familiar,transfer,forward,conditions_only,repeat,0.5,10,specimen_10,30,315,0.5,0.27557268848246325,0.3016154206497704
familiar,transfer,forward,conditions_only,repeat,0.5,10,specimen_10,30,315,1.0,0.26415487747020044,0.21126493793731937
familiar,transfer,forward,conditions_only,repeat,0.5,10,specimen_10,50,45,0.5,0.3710013926028153,1.2768883353833809
familiar,transfer,forward,conditions_only,repeat,0.5,10,specimen_10,50,45,1.0,0.3587840255624593,1.1454187701775016
familiar,transfer,forward,conditions_only,repeat,0.5,10,specimen_10,50,90,1.0,0.4053177583343774,1.5351916068881013
familiar,transfer,forward,conditions_only,repeat,0.5,10,specimen_10,50,135,0.5,0.4731505518228067,1.874045230441153
familiar,transfer,forward,conditions_only,repeat,0.5,10,specimen_10,50,135,1.0,0.4374224852522321,1.0984913375499517
familiar,transfer,forward,conditions_only,repeat,0.5,10,specimen_10,50,180,0.5,0.4829493389799541,0.44380401175565665
familiar,transfer,forward,conditions_only,repeat,0.5,10,specimen_10,50,180,1.0,0.5565778418019286,0.519494863681368
familiar,transfer,forward,conditions_only,repeat,0.5,10,specimen_10,50,225,0.5,0.3580096179360963,1.162656726834027
familiar,transfer,forward,conditions_only,repeat,0.5,10,specimen_10,50,225,1.0,0.43683891599498653,1.0575239552523554
familiar,transfer,forward,conditions_only,repeat,0.5,10,specimen_10,50,270,0.5,0.36975125187608276,1.2875067579308137
familiar,transfer,forward,conditions_only,repeat,0.5,10,specimen_10,50,270,1.0,0.38313104565839695,1.0854690422864832
familiar,transfer,forward,conditions_only,repeat,0.5,10,specimen_10,50,315,0.5,0.4568219868231685,0.7845722481417031
familiar,transfer,forward,conditions_only,repeat,0.5,10,specimen_10,50,315,1.0,0.4651127026415243,0.6265702400969271
familiar,transfer,forward,conditions_only,repeat,0.5,57,specimen_57,30,45,0.5,0.3660381151908207,0.1735013277349009
familiar,transfer,forward,conditions_only,repeat,0.5,57,specimen_57,30,45,1.0,0.3788333968259097,0.11411450996391936
familiar,transfer,forward,conditions_only,repeat,0.5,57,specimen_57,30,90,1.0,0.43676717915665836,1.0336390097770876
familiar,transfer,forward,conditions_only,repeat,0.5,57,specimen_57,30,135,0.5,0.4168084064313722,0.22430528718935305
familiar,transfer,forward,conditions_only,repeat,0.5,57,specimen_57,30,135,1.0,0.37511334550178993,0.20822458955911294
familiar,transfer,forward,conditions_only,repeat,0.5,57,specimen_57,30,180,0.5,0.4466852127225242,0.2114979629267649
familiar,transfer,forward,conditions_only,repeat,0.5,57,specimen_57,30,180,1.0,0.41457192608810284,0.2097522235502351
familiar,transfer,forward,conditions_only,repeat,0.5,57,specimen_57,30,225,0.5,0.35022210669060616,0.3624371997107588
familiar,transfer,forward,conditions_only,repeat,0.5,57,specimen_57,30,225,1.0,0.3977363715086226,0.2775721191562647
familiar,transfer,forward,conditions_only,repeat,0.5,57,specimen_57,30,270,0.5,0.3275639288892022,2.0173988417965907
familiar,transfer,forward,conditions_only,repeat,0.5,57,specimen_57,30,270,1.0,0.41462734096030246,1.662798540241428
familiar,transfer,forward,conditions_only,repeat,0.5,57,specimen_57,30,315,0.5,0.39759649223409177,0.1201093260987347
familiar,transfer,forward,conditions_only,repeat,0.5,57,specimen_57,30,315,1.0,0.40601674143036853,0.09429811021589962
familiar,transfer,forward,conditions_only,repeat,0.5,57,specimen_57,50,45,0.5,0.37423299067184473,1.7555509563238856
familiar,transfer,forward,conditions_only,repeat,0.5,57,specimen_57,50,45,1.0,0.3980216865107014,1.4854456607983009
familiar,transfer,forward,conditions_only,repeat,0.5,57,specimen_57,50,90,1.0,0.3764941790146444,2.0298623479319358
familiar,transfer,forward,conditions_only,repeat,0.5,57,specimen_57,50,135,0.5,0.42965255935356,1.7443191672351648
familiar,transfer,forward,conditions_only,repeat,0.5,57,specimen_57,50,135,1.0,0.40989062053987624,1.5246929570341483
familiar,transfer,forward,conditions_only,repeat,0.5,57,specimen_57,50,180,0.5,0.569704363307515,0.09317635108000644
familiar,transfer,forward,conditions_only,repeat,0.5,57,specimen_57,50,180,1.0,0.5023157126527996,0.12476893631825714
familiar,transfer,forward,conditions_only,repeat,0.5,57,specimen_57,50,225,0.5,0.38526822706615366,1.3697828671743109
familiar,transfer,forward,conditions_only,repeat,0.5,57,specimen_57,50,225,1.0,0.4057492262550016,1.1457077988457043
familiar,transfer,forward,conditions_only,repeat,0.5,57,specimen_57,50,270,0.5,0.3428313512435741,1.7370737606917874
familiar,transfer,forward,conditions_only,repeat,0.5,57,specimen_57,50,270,1.0,0.37774002879226504,1.470595868314705
familiar,transfer,forward,conditions_only,repeat,0.5,57,specimen_57,50,315,0.5,0.3601437894274769,1.0913286746148763
familiar,transfer,forward,conditions_only,repeat,0.5,57,specimen_57,50,315,1.0,0.3499608550297924,0.9955767317817816
familiar,transfer,forward,conditions_only,single,0.5,10,specimen_10,30,45,0.5,0.21321905561567692,0.39434341977593246
familiar,transfer,forward,conditions_only,single,0.5,10,specimen_10,30,45,1.0,0.21032313006238737,0.4443232606096881
familiar,transfer,forward,conditions_only,single,0.5,10,specimen_10,30,90,1.0,0.30343209005722205,0.8983295010439921
familiar,transfer,forward,conditions_only,single,0.5,10,specimen_10,30,135,0.5,0.24827808192874015,0.411241917830808
familiar,transfer,forward,conditions_only,single,0.5,10,specimen_10,30,135,1.0,0.25949423266543664,0.4228151722934065
familiar,transfer,forward,conditions_only,single,0.5,10,specimen_10,30,180,0.5,0.3523219040989541,0.008844849476784877
familiar,transfer,forward,conditions_only,single,0.5,10,specimen_10,30,180,1.0,0.40004552252267594,0.0874176574380906
familiar,transfer,forward,conditions_only,single,0.5,10,specimen_10,30,225,0.5,0.2111712282565268,0.2863558427997929
familiar,transfer,forward,conditions_only,single,0.5,10,specimen_10,30,225,1.0,0.17949733901788853,0.15303008432330478
familiar,transfer,forward,conditions_only,single,0.5,10,specimen_10,30,270,0.5,0.35619163427394956,0.8930129428175748
familiar,transfer,forward,conditions_only,single,0.5,10,specimen_10,30,270,1.0,0.2777674758556421,0.45698066216628186
familiar,transfer,forward,conditions_only,single,0.5,10,specimen_10,30,315,0.5,0.27557268848246325,0.3016154206497704
familiar,transfer,forward,conditions_only,single,0.5,10,specimen_10,30,315,1.0,0.26415487747020044,0.21126493793731937
familiar,transfer,forward,conditions_only,single,0.5,10,specimen_10,50,45,0.5,0.3710013926028153,1.2768883353833809
familiar,transfer,forward,conditions_only,single,0.5,10,specimen_10,50,45,1.0,0.3587840255624593,1.1454187701775016
familiar,transfer,forward,conditions_only,single,0.5,10,specimen_10,50,90,1.0,0.4053177583343774,1.5351916068881013
familiar,transfer,forward,conditions_only,single,0.5,10,specimen_10,50,135,0.5,0.4731505518228067,1.874045230441153
familiar,transfer,forward,conditions_only,single,0.5,10,specimen_10,50,135,1.0,0.4374224852522321,1.0984913375499517
familiar,transfer,forward,conditions_only,single,0.5,10,specimen_10,50,180,0.5,0.4829493389799541,0.44380401175565665
familiar,transfer,forward,conditions_only,single,0.5,10,specimen_10,50,180,1.0,0.5565778418019286,0.519494863681368
familiar,transfer,forward,conditions_only,single,0.5,10,specimen_10,50,225,0.5,0.3580096179360963,1.162656726834027
familiar,transfer,forward,conditions_only,single,0.5,10,specimen_10,50,225,1.0,0.43683891599498653,1.0575239552523554
familiar,transfer,forward,conditions_only,single,0.5,10,specimen_10,50,270,0.5,0.36975125187608276,1.2875067579308137
familiar,transfer,forward,conditions_only,single,0.5,10,specimen_10,50,270,1.0,0.38313104565839695,1.0854690422864832
familiar,transfer,forward,conditions_only,single,0.5,10,specimen_10,50,315,0.5,0.4568219868231685,0.7845722481417031
familiar,transfer,forward,conditions_only,single,0.5,10,specimen_10,50,315,1.0,0.4651127026415243,0.6265702400969271
familiar,transfer,forward,conditions_only,single,0.5,57,specimen_57,30,45,0.5,0.3660381151908207,0.1735013277349009
familiar,transfer,forward,conditions_only,single,0.5,57,specimen_57,30,45,1.0,0.3788333968259097,0.11411450996391936
familiar,transfer,forward,conditions_only,single,0.5,57,specimen_57,30,90,1.0,0.43676717915665836,1.0336390097770876
familiar,transfer,forward,conditions_only,single,0.5,57,specimen_57,30,135,0.5,0.4168084064313722,0.22430528718935305
familiar,transfer,forward,conditions_only,single,0.5,57,specimen_57,30,135,1.0,0.37511334550178993,0.20822458955911294
familiar,transfer,forward,conditions_only,single,0.5,57,specimen_57,30,180,0.5,0.4466852127225242,0.2114979629267649
familiar,transfer,forward,conditions_only,single,0.5,57,specimen_57,30,180,1.0,0.41457192608810284,0.2097522235502351
familiar,transfer,forward,conditions_only,single,0.5,57,specimen_57,30,225,0.5,0.35022210669060616,0.3624371997107588
familiar,transfer,forward,conditions_only,single,0.5,57,specimen_57,30,225,1.0,0.3977363715086226,0.2775721191562647
familiar,transfer,forward,conditions_only,single,0.5,57,specimen_57,30,270,0.5,0.3275639288892022,2.0173988417965907
familiar,transfer,forward,conditions_only,single,0.5,57,specimen_57,30,270,1.0,0.41462734096030246,1.662798540241428
familiar,transfer,forward,conditions_only,single,0.5,57,specimen_57,30,315,0.5,0.39759649223409177,0.1201093260987347
familiar,transfer,forward,conditions_only,single,0.5,57,specimen_57,30,315,1.0,0.40601674143036853,0.09429811021589962
familiar,transfer,forward,conditions_only,single,0.5,57,specimen_57,50,45,0.5,0.37423299067184473,1.7555509563238856
familiar,transfer,forward,conditions_only,single,0.5,57,specimen_57,50,45,1.0,0.3980216865107014,1.4854456607983009
familiar,transfer,forward,conditions_only,single,0.5,57,specimen_57,50,90,1.0,0.3764941790146444,2.0298623479319358
familiar,transfer,forward,conditions_only,single,0.5,57,specimen_57,50,135,0.5,0.42965255935356,1.7443191672351648
familiar,transfer,forward,conditions_only,single,0.5,57,specimen_57,50,135,1.0,0.40989062053987624,1.5246929570341483
familiar,transfer,forward,conditions_only,single,0.5,57,specimen_57,50,180,0.5,0.569704363307515,0.09317635108000644
familiar,transfer,forward,conditions_only,single,0.5,57,specimen_57,50,180,1.0,0.5023157126527996,0.12476893631825714
familiar,transfer,forward,conditions_only,single,0.5,57,specimen_57,50,225,0.5,0.38526822706615366,1.3697828671743109
familiar,transfer,forward,conditions_only,single,0.5,57,specimen_57,50,225,1.0,0.4057492262550016,1.1457077988457043
familiar,transfer,forward,conditions_only,single,0.5,57,specimen_57,50,270,0.5,0.3428313512435741,1.7370737606917874
familiar,transfer,forward,conditions_only,single,0.5,57,specimen_57,50,270,1.0,0.37774002879226504,1.470595868314705
familiar,transfer,forward,conditions_only,single,0.5,57,specimen_57,50,315,0.5,0.3601437894274769,1.0913286746148763
familiar,transfer,forward,conditions_only,single,0.5,57,specimen_57,50,315,1.0,0.3499608550297924,0.9955767317817816
familiar,transfer,forward,copy,direction,0.5,10,specimen_10,30,45,0.5,0.4118844876900845,0.5745780649780841
familiar,transfer,forward,copy,direction,0.5,10,specimen_10,30,45,1.0,0.42449091039437564,0.5142911723475008
familiar,transfer,forward,copy,direction,0.5,10,specimen_10,30,90,1.0,0.4950754616543387,0.11604314115112824
familiar,transfer,forward,copy,direction,0.5,10,specimen_10,30,135,0.5,0.3922199748774908,0.6855535064619697
familiar,transfer,forward,copy,direction,0.5,10,specimen_10,30,135,1.0,0.3682409383256795,0.6618714301174686
familiar,transfer,forward,copy,direction,0.5,10,specimen_10,30,180,0.5,0.6064311219192985,1.1521446471169399
familiar,transfer,forward,copy,direction,0.5,10,specimen_10,30,180,1.0,0.5568466016024268,1.044978739574458
familiar,transfer,forward,copy,direction,0.5,10,specimen_10,30,225,0.5,0.5660753258790107,0.8572597782074531
familiar,transfer,forward,copy,direction,0.5,10,specimen_10,30,225,1.0,0.5883518880882772,0.9808763114660992
familiar,transfer,forward,copy,direction,0.5,10,specimen_10,30,270,0.5,0.6971577252320106,0.20116305663401501
familiar,transfer,forward,copy,direction,0.5,10,specimen_10,30,270,1.0,0.5509147505526869,0.6280643963466217
familiar,transfer,forward,copy,direction,0.5,10,specimen_10,30,315,0.5,0.3833729703026922,0.7169232306199655
familiar,transfer,forward,copy,direction,0.5,10,specimen_10,30,315,1.0,0.41326618635920553,0.7984540980250042
familiar,transfer,forward,copy,direction,0.5,10,specimen_10,50,45,0.5,0.30449786343323665,0.49218479654125
familiar,transfer,forward,copy,direction,0.5,10,specimen_10,50,45,1.0,0.28055144672856874,0.3768300618915241
familiar,transfer,forward,copy,direction,0.5,10,specimen_10,50,90,1.0,0.3961353902926432,0.6968685318910508
familiar,transfer,forward,copy,direction,0.5,10,specimen_10,50,135,0.5,0.3305660393329886,0.9295529054240872
familiar,transfer,forward,copy,direction,0.5,10,specimen_10,50,135,1.0,0.3759562945567418,0.17198649352293027
familiar,transfer,forward,copy,direction,0.5,10,specimen_10,50,180,0.5,0.5838870552029977,0.55894679578281
familiar,transfer,forward,copy,direction,0.5,10,specimen_10,50,180,1.0,0.5925653052154166,0.4668717938542577
familiar,transfer,forward,copy,direction,0.5,10,specimen_10,50,225,0.5,0.39616144870873854,0.16071088909750686
familiar,transfer,forward,copy,direction,0.5,10,specimen_10,50,225,1.0,0.3855159053107971,0.07058973700801086
familiar,transfer,forward,copy,direction,0.5,10,specimen_10,50,270,0.5,0.46104191818033513,0.34938566751775046
familiar,transfer,forward,copy,direction,0.5,10,specimen_10,50,270,1.0,0.4479229471752961,0.16193892512796593
familiar,transfer,forward,copy,direction,0.5,10,specimen_10,50,315,0.5,0.3191329438119343,0.05891857153917579
familiar,transfer,forward,copy,direction,0.5,10,specimen_10,50,315,1.0,0.3541035148817244,0.20249041482393704
familiar,transfer,forward,copy,direction,0.5,57,specimen_57,30,45,0.5,0.48727437124443007,0.6510919525247599
familiar,transfer,forward,copy,direction,0.5,57,specimen_57,30,45,1.0,0.4682454203272988,0.7001717184989138
familiar,transfer,forward,copy,direction,0.5,57,specimen_57,30,90,1.0,0.510509914435125,0.16359457207632278
familiar,transfer,forward,copy,direction,0.5,57,specimen_57,30,135,0.5,0.5503761868171176,0.7281619326090689
familiar,transfer,forward,copy,direction,0.5,57,specimen_57,30,135,1.0,0.5011686937714114,0.7321338083574065
familiar,transfer,forward,copy,direction,0.5,57,specimen_57,30,180,0.5,0.7066983366411477,1.2104695560725642
familiar,transfer,forward,copy,direction,0.5,57,specimen_57,30,180,1.0,0.6752822676999672,1.197820416068428
familiar,transfer,forward,copy,direction,0.5,57,specimen_57,30,225,0.5,0.5452619401789581,0.6368502168021316
familiar,transfer,forward,copy,direction,0.5,57,specimen_57,30,225,1.0,0.5827857335103778,0.7120060721387836
familiar,transfer,forward,copy,direction,0.5,57,specimen_57,30,270,0.5,0.5075406188885477,1.0675510468393563
familiar,transfer,forward,copy,direction,0.5,57,specimen_57,30,270,1.0,0.5946435112890881,0.72208168622288
familiar,transfer,forward,copy,direction,0.5,57,specimen_57,30,315,0.5,0.5634468902892861,0.7541011206766456
familiar,transfer,forward,copy,direction,0.5,57,specimen_57,30,315,1.0,0.562348792009252,0.7710927212520683
familiar,transfer,forward,copy,direction,0.5,57,specimen_57,50,45,0.5,0.3487141063751423,1.1151756219761104
familiar,transfer,forward,copy,direction,0.5,57,specimen_57,50,45,1.0,0.3412648487145504,0.8611851570066791
familiar,transfer,forward,copy,direction,0.5,57,specimen_57,50,90,1.0,0.48476718412161984,1.335867477429241
familiar,transfer,forward,copy,direction,0.5,57,specimen_57,50,135,0.5,0.3406084645072025,0.9441550467124546
familiar,transfer,forward,copy,direction,0.5,57,specimen_57,50,135,1.0,0.36600036909918526,0.7425163175014826
familiar,transfer,forward,copy,direction,0.5,57,specimen_57,50,180,0.5,0.6789634332334517,0.7652462519641046
familiar,transfer,forward,copy,direction,0.5,57,specimen_57,50,180,1.0,0.6041950303413274,0.7172695167230129
familiar,transfer,forward,copy,direction,0.5,57,specimen_57,50,225,0.5,0.38023612322369155,0.5121652339321463
familiar,transfer,forward,copy,direction,0.5,57,specimen_57,50,225,1.0,0.4259748522643931,0.3031017850957154
familiar,transfer,forward,copy,direction,0.5,57,specimen_57,50,270,0.5,0.4496739480698437,0.9432808747730799
familiar,transfer,forward,copy,direction,0.5,57,specimen_57,50,270,1.0,0.47290391854139874,0.6913939556505433
familiar,transfer,forward,copy,direction,0.5,57,specimen_57,50,315,0.5,0.3401674895439142,0.39216605942835314
familiar,transfer,forward,copy,direction,0.5,57,specimen_57,50,315,1.0,0.35327833121778646,0.3108442813552732
familiar,transfer,forward,copy,repeat,0.5,10,specimen_10,30,45,0.5,0.5651759916548068,0.2807425113978793
familiar,transfer,forward,copy,repeat,0.5,10,specimen_10,30,45,1.0,0.5689797656103938,0.3410294040284626
familiar,transfer,forward,copy,repeat,0.5,10,specimen_10,30,90,1.0,0.7100561629548522,0.7392774352248351
familiar,transfer,forward,copy,repeat,0.5,10,specimen_10,30,135,0.5,0.5427164911756627,0.1697670699139937
familiar,transfer,forward,copy,repeat,0.5,10,specimen_10,30,135,1.0,0.5253256822730162,0.19344914625849474
familiar,transfer,forward,copy,repeat,0.5,10,specimen_10,30,180,0.5,0.35738048203871875,0.29682407074097644
familiar,transfer,forward,copy,repeat,0.5,10,specimen_10,30,180,1.0,0.2974191812743932,0.1896581631984947
familiar,transfer,forward,copy,repeat,0.5,10,specimen_10,30,225,0.5,0.5498974166198086,0.0019392018314897674
familiar,transfer,forward,copy,repeat,0.5,10,specimen_10,30,225,1.0,0.5631417755031576,0.12555573509013584
familiar,transfer,forward,copy,repeat,0.5,10,specimen_10,30,270,0.5,0.8771476133676054,0.6541575197419484
familiar,transfer,forward,copy,repeat,0.5,10,specimen_10,30,270,1.0,0.7738794785935479,0.22725618002934167
familiar,transfer,forward,copy,repeat,0.5,10,specimen_10,30,315,0.5,0.5080359942344085,0.13839734575599782
familiar,transfer,forward,copy,repeat,0.5,10,specimen_10,30,315,1.0,0.5088922442936291,0.05686647835095915
familiar,transfer,forward,copy,repeat,0.5,10,specimen_10,50,45,0.5,0.4885125759951165,1.3475053729172135
familiar,transfer,forward,copy,repeat,0.5,10,specimen_10,50,45,1.0,0.48465027838107266,1.2321506382674876
familiar,transfer,forward,copy,repeat,0.5,10,specimen_10,50,90,1.0,0.7134488163261411,1.5521891082670143
familiar,transfer,forward,copy,repeat,0.5,10,specimen_10,50,135,0.5,0.5741865670222711,1.7848734818000507
familiar,transfer,forward,copy,repeat,0.5,10,specimen_10,50,135,1.0,0.5275089300837887,1.0273070698988938
familiar,transfer,forward,copy,repeat,0.5,10,specimen_10,50,180,0.5,0.37015013264882385,0.29637378059315334
familiar,transfer,forward,copy,repeat,0.5,10,specimen_10,50,180,1.0,0.39661519764072883,0.38844878252170567
familiar,transfer,forward,copy,repeat,0.5,10,specimen_10,50,225,0.5,0.4988877808387561,1.0160314654734703
familiar,transfer,forward,copy,repeat,0.5,10,specimen_10,50,225,1.0,0.452484266091383,0.9259103133839742
familiar,transfer,forward,copy,repeat,0.5,10,specimen_10,50,270,0.5,0.7216228268607751,1.204706243893714
familiar,transfer,forward,copy,repeat,0.5,10,specimen_10,50,270,1.0,0.7291032356795556,1.0172595015039292
familiar,transfer,forward,copy,repeat,0.5,10,specimen_10,50,315,0.5,0.4937706327904261,0.7964020048367876
familiar,transfer,forward,copy,repeat,0.5,10,specimen_10,50,315,1.0,0.5123761986796935,0.6528301615520263
familiar,transfer,forward,copy,repeat,0.5,57,specimen_57,30,45,0.5,0.4360843397558516,0.5070293448840981
familiar,transfer,forward,copy,repeat,0.5,57,specimen_57,30,45,1.0,0.4318817564865693,0.4579495789099442
familiar,transfer,forward,copy,repeat,0.5,57,specimen_57,30,90,1.0,0.6611942759128332,1.3217158694851807
familiar,transfer,forward,copy,repeat,0.5,57,specimen_57,30,135,0.5,0.42947886452821454,0.4299593647997891
familiar,transfer,forward,copy,repeat,0.5,57,specimen_57,30,135,1.0,0.4490765248462208,0.4259874890514515
familiar,transfer,forward,copy,repeat,0.5,57,specimen_57,30,180,0.5,0.30679500984624886,0.052348258663706154
familiar,transfer,forward,copy,repeat,0.5,57,specimen_57,30,180,1.0,0.30020795741570844,0.0396991186595701
familiar,transfer,forward,copy,repeat,0.5,57,specimen_57,30,225,0.5,0.411522863158182,0.5212710806067264
familiar,transfer,forward,copy,repeat,0.5,57,specimen_57,30,225,1.0,0.400530045441186,0.44611522527007436
familiar,transfer,forward,copy,repeat,0.5,57,specimen_57,30,270,0.5,0.6334315042785237,2.2256723442482143
familiar,transfer,forward,copy,repeat,0.5,57,specimen_57,30,270,1.0,0.6158241908525547,1.880202983631738
familiar,transfer,forward,copy,repeat,0.5,57,specimen_57,30,315,0.5,0.4106449445820018,0.4040201767322124
familiar,transfer,forward,copy,repeat,0.5,57,specimen_57,30,315,1.0,0.3988565464620657,0.3870285761567897
familiar,transfer,forward,copy,repeat,0.5,57,specimen_57,50,45,0.5,0.7501420794708018,2.2732969193849684
familiar,transfer,forward,copy,repeat,0.5,57,specimen_57,50,45,1.0,0.7523593136540745,2.019306454415537
familiar,transfer,forward,copy,repeat,0.5,57,specimen_57,50,90,1.0,0.9281438311712709,2.493988774838099
familiar,transfer,forward,copy,repeat,0.5,57,specimen_57,50,135,0.5,0.7439799656724291,2.1022763441213126
familiar,transfer,forward,copy,repeat,0.5,57,specimen_57,50,135,1.0,0.770377245941678,1.9006376149103406
familiar,transfer,forward,copy,repeat,0.5,57,specimen_57,50,180,0.5,0.3745065485765347,0.39287504544475343
familiar,transfer,forward,copy,repeat,0.5,57,specimen_57,50,180,1.0,0.39751962285696846,0.44085178068584513
familiar,transfer,forward,copy,repeat,0.5,57,specimen_57,50,225,0.5,0.6341095345145474,1.6702865313410042
familiar,transfer,forward,copy,repeat,0.5,57,specimen_57,50,225,1.0,0.6343870134190992,1.4612230825045733
familiar,transfer,forward,copy,repeat,0.5,57,specimen_57,50,270,0.5,0.8359459809207049,2.101402172181938
familiar,transfer,forward,copy,repeat,0.5,57,specimen_57,50,270,1.0,0.7871044625686093,1.8495152530594012
familiar,transfer,forward,copy,repeat,0.5,57,specimen_57,50,315,0.5,0.6446290355495318,1.550287356837211
familiar,transfer,forward,copy,repeat,0.5,57,specimen_57,50,315,1.0,0.6194766960817054,1.4689655787641311
familiar,transfer,forward,copy,single,0.5,10,specimen_10,30,45,0.5,0.5471000085169081,0.3325149557770871
familiar,transfer,forward,copy,single,0.5,10,specimen_10,30,45,1.0,0.5528138968146812,0.3928018484076704
familiar,transfer,forward,copy,single,0.5,10,specimen_10,30,90,1.0,0.6939986588142778,0.7910498796040429
familiar,transfer,forward,copy,single,0.5,10,specimen_10,30,135,0.5,0.5299200905162489,0.2215395142932015
familiar,transfer,forward,copy,single,0.5,10,specimen_10,30,135,1.0,0.5118137713842662,0.24522159063770255
familiar,transfer,forward,copy,single,0.5,10,specimen_10,30,180,0.5,0.33882526110041794,0.24505162636176864
familiar,transfer,forward,copy,single,0.5,10,specimen_10,30,180,1.0,0.2815883059434945,0.1378857188192869
familiar,transfer,forward,copy,single,0.5,10,specimen_10,30,225,0.5,0.5287883715316289,0.04983324254771804
familiar,transfer,forward,copy,single,0.5,10,specimen_10,30,225,1.0,0.5412208093313118,0.07378329071092804
familiar,transfer,forward,copy,single,0.5,10,specimen_10,30,270,0.5,0.8486565667181657,0.7059299641211562
familiar,transfer,forward,copy,single,0.5,10,specimen_10,30,270,1.0,0.7425737429895296,0.2790286244085495
familiar,transfer,forward,copy,single,0.5,10,specimen_10,30,315,0.5,0.4978571862269779,0.19016979013520563
familiar,transfer,forward,copy,single,0.5,10,specimen_10,30,315,1.0,0.4976085268346888,0.10863892273016695
familiar,transfer,forward,copy,single,0.5,10,specimen_10,50,45,0.5,0.5053446916576536,1.3992778172964213
familiar,transfer,forward,copy,single,0.5,10,specimen_10,50,45,1.0,0.5099215150331026,1.2839230826466954
familiar,transfer,forward,copy,single,0.5,10,specimen_10,50,90,1.0,0.7008377703582002,1.603961552646222
familiar,transfer,forward,copy,single,0.5,10,specimen_10,50,135,0.5,0.5948434009722814,1.8366459261792585
familiar,transfer,forward,copy,single,0.5,10,specimen_10,50,135,1.0,0.548551843213369,1.0790795142781016
familiar,transfer,forward,copy,single,0.5,10,specimen_10,50,180,0.5,0.3767473134096602,0.34814622497236114
familiar,transfer,forward,copy,single,0.5,10,specimen_10,50,180,1.0,0.4158578314177059,0.4402212269009135
familiar,transfer,forward,copy,single,0.5,10,specimen_10,50,225,0.5,0.49906763120009057,1.0678039098526781
familiar,transfer,forward,copy,single,0.5,10,specimen_10,50,225,1.0,0.46524560333299353,0.977682757763182
familiar,transfer,forward,copy,single,0.5,10,specimen_10,50,270,0.5,0.696626128539986,1.2564786882729218
familiar,transfer,forward,copy,single,0.5,10,specimen_10,50,270,1.0,0.7048141728847965,1.069031945883137
familiar,transfer,forward,copy,single,0.5,10,specimen_10,50,315,0.5,0.5175280481231354,0.8481744492159954
familiar,transfer,forward,copy,single,0.5,10,specimen_10,50,315,1.0,0.5435930779160009,0.7046026059312341
familiar,transfer,forward,copy,single,0.5,57,specimen_57,30,45,0.5,0.4717655885000742,0.5146024251989192
familiar,transfer,forward,copy,single,0.5,57,specimen_57,30,45,1.0,0.4656941097398879,0.46552265922476527
familiar,transfer,forward,copy,single,0.5,57,specimen_57,30,90,1.0,0.6843394424144259,1.3292889498000018
familiar,transfer,forward,copy,single,0.5,57,specimen_57,30,135,0.5,0.4580262896141967,0.43753244511461015
familiar,transfer,forward,copy,single,0.5,57,specimen_57,30,135,1.0,0.4784495060260909,0.4335605693662726
familiar,transfer,forward,copy,single,0.5,57,specimen_57,30,180,0.5,0.31995735890577204,0.044775178348885086
familiar,transfer,forward,copy,single,0.5,57,specimen_57,30,180,1.0,0.3278269472545054,0.03212603834474903
familiar,transfer,forward,copy,single,0.5,57,specimen_57,30,225,0.5,0.43568415493227725,0.5288441609215475
familiar,transfer,forward,copy,single,0.5,57,specimen_57,30,225,1.0,0.42750762375581736,0.4536883055848954
familiar,transfer,forward,copy,single,0.5,57,specimen_57,30,270,0.5,0.6530320857745701,2.2332454245630355
familiar,transfer,forward,copy,single,0.5,57,specimen_57,30,270,1.0,0.6371717730902696,1.887776063946559
familiar,transfer,forward,copy,single,0.5,57,specimen_57,30,315,0.5,0.4302566805077465,0.4115932570470335
familiar,transfer,forward,copy,single,0.5,57,specimen_57,30,315,1.0,0.42249374968071063,0.3946016564716108
familiar,transfer,forward,copy,single,0.5,57,specimen_57,50,45,0.5,0.7793291417181057,2.2808699996997897
familiar,transfer,forward,copy,single,0.5,57,specimen_57,50,45,1.0,0.7838950904267721,2.0268795347303583
familiar,transfer,forward,copy,single,0.5,57,specimen_57,50,90,1.0,0.9492665121127102,2.50156185515292
familiar,transfer,forward,copy,single,0.5,57,specimen_57,50,135,0.5,0.7709164931402434,2.109849424436134
familiar,transfer,forward,copy,single,0.5,57,specimen_57,50,135,1.0,0.7986367496728976,1.9082106952251616
familiar,transfer,forward,copy,single,0.5,57,specimen_57,50,180,0.5,0.384491134608977,0.4004481257595745
familiar,transfer,forward,copy,single,0.5,57,specimen_57,50,180,1.0,0.4130140243716234,0.4484248610006662
familiar,transfer,forward,copy,single,0.5,57,specimen_57,50,225,0.5,0.6545155365019178,1.6778596116558253
familiar,transfer,forward,copy,single,0.5,57,specimen_57,50,225,1.0,0.6579905142787027,1.4687961628193944
familiar,transfer,forward,copy,single,0.5,57,specimen_57,50,270,0.5,0.8591846416479894,2.108975252496759
familiar,transfer,forward,copy,single,0.5,57,specimen_57,50,270,1.0,0.8065471374349381,1.8570883333742223
familiar,transfer,forward,copy,single,0.5,57,specimen_57,50,315,0.5,0.6750818170695375,1.5578604371520322
familiar,transfer,forward,copy,single,0.5,57,specimen_57,50,315,1.0,0.6569694146711244,1.4765386590789522
familiar,transfer,forward,encoder,direction,0.5,10,specimen_10,30,45,0.5,0.22072300811608633,0.3996732113134411
familiar,transfer,forward,encoder,direction,0.5,10,specimen_10,30,45,1.0,0.2214000622431437,0.4484297187079275
familiar,transfer,forward,encoder,direction,0.5,10,specimen_10,30,90,1.0,0.3008461892604828,0.8473796796626621
familiar,transfer,forward,encoder,direction,0.5,10,specimen_10,30,135,0.5,0.2203494260708491,0.33504967087693355
familiar,transfer,forward,encoder,direction,0.5,10,specimen_10,30,135,1.0,0.23703027268250784,0.34874053259912935
familiar,transfer,forward,encoder,direction,0.5,10,specimen_10,30,180,0.5,0.36091705163319904,0.07091269899913687
familiar,transfer,forward,encoder,direction,0.5,10,specimen_10,30,180,1.0,0.4129902720451355,0.026750154960247352
familiar,transfer,forward,encoder,direction,0.5,10,specimen_10,30,225,0.5,0.20178404450416565,0.23527899714416164
familiar,transfer,forward,encoder,direction,0.5,10,specimen_10,30,225,1.0,0.17869262397289276,0.10570058130540873
familiar,transfer,forward,encoder,direction,0.5,10,specimen_10,30,270,0.5,0.38638431827227276,0.8612860663567318
familiar,transfer,forward,encoder,direction,0.5,10,specimen_10,30,270,1.0,0.2892318864663442,0.42601397565069576
familiar,transfer,forward,encoder,direction,0.5,10,specimen_10,30,315,0.5,0.26828111211458844,0.3087585894565642
familiar,transfer,forward,encoder,direction,0.5,10,specimen_10,30,315,1.0,0.27252153555552167,0.22240944608928404
familiar,transfer,forward,encoder,direction,0.5,10,specimen_10,50,45,0.5,0.3407101631164551,1.2775924353414103
familiar,transfer,forward,encoder,direction,0.5,10,specimen_10,50,45,1.0,0.34912089506785077,1.1327567296198129
familiar,transfer,forward,encoder,direction,0.5,10,specimen_10,50,90,1.0,0.3896906077861786,1.4230130816573114
familiar,transfer,forward,encoder,direction,0.5,10,specimen_10,50,135,0.5,0.38261714577674866,1.7661588102910322
familiar,transfer,forward,encoder,direction,0.5,10,specimen_10,50,135,1.0,0.3840728998184204,0.9772334066673355
familiar,transfer,forward,encoder,direction,0.5,10,specimen_10,50,180,0.5,0.48342418670654297,0.3768798509117391
familiar,transfer,forward,encoder,direction,0.5,10,specimen_10,50,180,1.0,0.5459847450256348,0.4471367777529573
familiar,transfer,forward,encoder,direction,0.5,10,specimen_10,50,225,0.5,0.3080546756585439,1.1170206750054634
familiar,transfer,forward,encoder,direction,0.5,10,specimen_10,50,225,1.0,0.3864594300587972,1.0097780905023965
familiar,transfer,forward,encoder,direction,0.5,10,specimen_10,50,270,0.5,0.34801575541496277,1.268295022297808
familiar,transfer,forward,encoder,direction,0.5,10,specimen_10,50,270,1.0,0.3744007448355357,1.0596039279823453
familiar,transfer,forward,encoder,direction,0.5,10,specimen_10,50,315,0.5,0.4001228908697764,0.816069749224393
familiar,transfer,forward,encoder,direction,0.5,10,specimen_10,50,315,1.0,0.4328082700570424,0.651078322961271
familiar,transfer,forward,encoder,direction,0.5,57,specimen_57,30,45,0.5,0.2612919211387634,0.34907501044683026
familiar,transfer,forward,encoder,direction,0.5,57,specimen_57,30,45,1.0,0.24256845315297446,0.28828507165404876
familiar,transfer,forward,encoder,direction,0.5,57,specimen_57,30,90,1.0,0.29991356531778973,1.1525340170070058
familiar,transfer,forward,encoder,direction,0.5,57,specimen_57,30,135,0.5,0.26118333141009015,0.3137870463603609
familiar,transfer,forward,encoder,direction,0.5,57,specimen_57,30,135,1.0,0.2752511550982793,0.303749905035911
familiar,transfer,forward,encoder,direction,0.5,57,specimen_57,30,180,0.5,0.29741738736629486,0.13114531739099478
familiar,transfer,forward,encoder,direction,0.5,57,specimen_57,30,180,1.0,0.3160642484823863,0.12279825414950397
familiar,transfer,forward,encoder,direction,0.5,57,specimen_57,30,225,0.5,0.2406679888566335,0.44479510274450745
familiar,transfer,forward,encoder,direction,0.5,57,specimen_57,30,225,1.0,0.2812078297138214,0.36338633745118004
familiar,transfer,forward,encoder,direction,0.5,57,specimen_57,30,270,0.5,0.3292157252629598,2.1212866974492486
familiar,transfer,forward,encoder,direction,0.5,57,specimen_57,30,270,1.0,0.34578975041707355,1.7716609028008579
familiar,transfer,forward,encoder,direction,0.5,57,specimen_57,30,315,0.5,0.27802757422129315,0.2786027349835294
familiar,transfer,forward,encoder,direction,0.5,57,specimen_57,30,315,1.0,0.3191262185573578,0.25806917376827604
familiar,transfer,forward,encoder,direction,0.5,57,specimen_57,50,45,0.5,0.41123054424921673,2.002951606713257
familiar,transfer,forward,encoder,direction,0.5,57,specimen_57,50,45,1.0,0.4015049934387207,1.7265568031487362
familiar,transfer,forward,encoder,direction,0.5,57,specimen_57,50,90,1.0,0.4848267634709676,2.1886439010631134
familiar,transfer,forward,encoder,direction,0.5,57,specimen_57,50,135,0.5,0.40561603506406146,1.8823609709147553
familiar,transfer,forward,encoder,direction,0.5,57,specimen_57,50,135,1.0,0.41551942626635235,1.6667028642085742
familiar,transfer,forward,encoder,direction,0.5,57,specimen_57,50,180,0.5,0.3861049910386403,0.22983202442818343
familiar,transfer,forward,encoder,direction,0.5,57,specimen_57,50,180,1.0,0.33322758475939435,0.26800037746177735
familiar,transfer,forward,encoder,direction,0.5,57,specimen_57,50,225,0.5,0.3826968769232432,1.5090491892562838
familiar,transfer,forward,encoder,direction,0.5,57,specimen_57,50,225,1.0,0.38581640521685284,1.2881744904234318
familiar,transfer,forward,encoder,direction,0.5,57,specimen_57,50,270,0.5,0.46640341480573017,1.894624265833867
familiar,transfer,forward,encoder,direction,0.5,57,specimen_57,50,270,1.0,0.4533139367898305,1.6289250758186522
familiar,transfer,forward,encoder,direction,0.5,57,specimen_57,50,315,0.5,0.3441699643929799,1.3252929883112212
familiar,transfer,forward,encoder,direction,0.5,57,specimen_57,50,315,1.0,0.3562775154908498,1.2329017266740394
familiar,transfer,forward,encoder,repeat,0.5,10,specimen_10,30,45,0.5,0.22374153633912405,0.31355520044121993
familiar,transfer,forward,encoder,repeat,0.5,10,specimen_10,30,45,1.0,0.2398588756720225,0.36099661675007216
familiar,transfer,forward,encoder,repeat,0.5,10,specimen_10,30,90,1.0,0.3475867708524068,0.7506480123495111
familiar,transfer,forward,encoder,repeat,0.5,10,specimen_10,30,135,0.5,0.21233665943145752,0.2462057027494221
familiar,transfer,forward,encoder,repeat,0.5,10,specimen_10,30,135,1.0,0.21221712728341421,0.2594756773308311
familiar,transfer,forward,encoder,repeat,0.5,10,specimen_10,30,180,0.5,0.34955719113349915,0.14481932645538506
familiar,transfer,forward,encoder,repeat,0.5,10,specimen_10,30,180,1.0,0.3783986767133077,0.046435110027875114
familiar,transfer,forward,encoder,repeat,0.5,10,specimen_10,30,225,0.5,0.22734162708123526,0.16250557511365993
familiar,transfer,forward,encoder,repeat,0.5,10,specimen_10,30,225,1.0,0.2188300242026647,0.03479029174686188
familiar,transfer,forward,encoder,repeat,0.5,10,specimen_10,30,270,0.5,0.4358039398988088,0.785005772243267
familiar,transfer,forward,encoder,repeat,0.5,10,specimen_10,30,270,1.0,0.309278945128123,0.3503733352577914
familiar,transfer,forward,encoder,repeat,0.5,10,specimen_10,30,315,0.5,0.2135158876578013,0.23091707995848143
familiar,transfer,forward,encoder,repeat,0.5,10,specimen_10,30,315,1.0,0.22808141012986502,0.14521538752068805
familiar,transfer,forward,encoder,repeat,0.5,10,specimen_10,50,45,0.5,0.32154791553815204,1.1687030804074914
familiar,transfer,forward,encoder,repeat,0.5,10,specimen_10,50,45,1.0,0.30491939187049866,1.0249289577457847
familiar,transfer,forward,encoder,repeat,0.5,10,specimen_10,50,90,1.0,0.3900372087955475,1.2988705230935649
familiar,transfer,forward,encoder,repeat,0.5,10,specimen_10,50,135,0.5,0.3304753601551056,1.6374291264710388
familiar,transfer,forward,encoder,repeat,0.5,10,specimen_10,50,135,1.0,0.33290522297223407,0.8423717475707401
familiar,transfer,forward,encoder,repeat,0.5,10,specimen_10,50,180,0.5,0.4693363308906555,0.2745731693677867
familiar,transfer,forward,encoder,repeat,0.5,10,specimen_10,50,180,1.0,0.5032563010851542,0.33986249242640715
familiar,transfer,forward,encoder,repeat,0.5,10,specimen_10,50,225,0.5,0.2879505554835002,1.0221814088673435
familiar,transfer,forward,encoder,repeat,0.5,10,specimen_10,50,225,1.0,0.32246918479601544,0.9065769302724872
familiar,transfer,forward,encoder,repeat,0.5,10,specimen_10,50,270,0.5,0.3507571518421173,1.1639328850347663
familiar,transfer,forward,encoder,repeat,0.5,10,specimen_10,50,270,1.0,0.35498084624608356,0.9495435382712891
familiar,transfer,forward,encoder,repeat,0.5,10,specimen_10,50,315,0.5,0.30395762622356415,0.7168345107159336
familiar,transfer,forward,encoder,repeat,0.5,10,specimen_10,50,315,1.0,0.333273986975352,0.5534245528975776
familiar,transfer,forward,encoder,repeat,0.5,57,specimen_57,30,45,0.5,0.27936094502607983,0.3761884257131314
familiar,transfer,forward,encoder,repeat,0.5,57,specimen_57,30,45,1.0,0.2629855126142502,0.3179998197964757
familiar,transfer,forward,encoder,repeat,0.5,57,specimen_57,30,90,1.0,0.3156145513057709,1.181712725636029
familiar,transfer,forward,encoder,repeat,0.5,57,specimen_57,30,135,0.5,0.2636499951283137,0.33800919146607916
familiar,transfer,forward,encoder,repeat,0.5,57,specimen_57,30,135,1.0,0.2902345061302185,0.3284373982071213
familiar,transfer,forward,encoder,repeat,0.5,57,specimen_57,30,180,0.5,0.2942315687735875,0.11036308609594563
familiar,transfer,forward,encoder,repeat,0.5,57,specimen_57,30,180,1.0,0.3191442936658859,0.10104225780148392
familiar,transfer,forward,encoder,repeat,0.5,57,specimen_57,30,225,0.5,0.2560818096001943,0.4637104103266933
familiar,transfer,forward,encoder,repeat,0.5,57,specimen_57,30,225,1.0,0.2930672566095988,0.3839889398586958
familiar,transfer,forward,encoder,repeat,0.5,57,specimen_57,30,270,0.5,0.3612558841705322,2.1409922759543654
familiar,transfer,forward,encoder,repeat,0.5,57,specimen_57,30,270,1.0,0.356323500474294,1.7900860554553875
familiar,transfer,forward,encoder,repeat,0.5,57,specimen_57,30,315,0.5,0.28800703088442486,0.30163421173191696
familiar,transfer,forward,encoder,repeat,0.5,57,specimen_57,30,315,1.0,0.33068711558977765,0.27961085802241215
familiar,transfer,forward,encoder,repeat,0.5,57,specimen_57,50,45,0.5,0.44784151514371234,2.042773315672464
familiar,transfer,forward,encoder,repeat,0.5,57,specimen_57,50,45,1.0,0.4425935943921407,1.7707510883224435
familiar,transfer,forward,encoder,repeat,0.5,57,specimen_57,50,90,1.0,0.5405363341172537,2.2354326633367805
familiar,transfer,forward,encoder,repeat,0.5,57,specimen_57,50,135,0.5,0.43487850824991864,1.9157433419176038
familiar,transfer,forward,encoder,repeat,0.5,57,specimen_57,50,135,1.0,0.44936402638753253,1.7016998362233882
familiar,transfer,forward,encoder,repeat,0.5,57,specimen_57,50,180,0.5,0.36306098103523254,0.2596907720560406
familiar,transfer,forward,encoder,repeat,0.5,57,specimen_57,50,180,1.0,0.3224734365940094,0.2984723986595476
familiar,transfer,forward,encoder,repeat,0.5,57,specimen_57,50,225,0.5,0.41041097044944763,1.53445091644328
familiar,transfer,forward,encoder,repeat,0.5,57,specimen_57,50,225,1.0,0.40914176901181537,1.3179043194703697
familiar,transfer,forward,encoder,repeat,0.5,57,specimen_57,50,270,0.5,0.5129471719264984,1.922392819208912
familiar,transfer,forward,encoder,repeat,0.5,57,specimen_57,50,270,1.0,0.4926140308380127,1.6586057224070447
familiar,transfer,forward,encoder,repeat,0.5,57,specimen_57,50,315,0.5,0.3688119153181712,1.3577408649618938
familiar,transfer,forward,encoder,repeat,0.5,57,specimen_57,50,315,1.0,0.37680060664812726,1.2635712389686684
familiar,transfer,forward,encoder,single,0.5,10,specimen_10,30,45,0.5,0.23024926582972208,0.3124662173323489
familiar,transfer,forward,encoder,single,0.5,10,specimen_10,30,45,1.0,0.24035589893658957,0.36088132791707733
familiar,transfer,forward,encoder,single,0.5,10,specimen_10,30,90,1.0,0.3466110626856486,0.746665067004376
familiar,transfer,forward,encoder,single,0.5,10,specimen_10,30,135,0.5,0.22083131968975067,0.24617109442529939
familiar,transfer,forward,encoder,single,0.5,10,specimen_10,30,135,1.0,0.21696442365646362,0.25620797073365725
familiar,transfer,forward,encoder,single,0.5,10,specimen_10,30,180,0.5,0.35834752519925434,0.14303994044351084
familiar,transfer,forward,encoder,single,0.5,10,specimen_10,30,180,1.0,0.38523497184117633,0.045161115291886635
familiar,transfer,forward,encoder,single,0.5,10,specimen_10,30,225,0.5,0.24341638386249542,0.16768148783799233
familiar,transfer,forward,encoder,single,0.5,10,specimen_10,30,225,1.0,0.22749819854895273,0.04030965857060161
familiar,transfer,forward,encoder,single,0.5,10,specimen_10,30,270,0.5,0.4389097988605499,0.7879124913862229
familiar,transfer,forward,encoder,single,0.5,10,specimen_10,30,270,1.0,0.3185214896996816,0.35471739228020915
familiar,transfer,forward,encoder,single,0.5,10,specimen_10,30,315,0.5,0.23319527506828308,0.23804568379032176
familiar,transfer,forward,encoder,single,0.5,10,specimen_10,30,315,1.0,0.23552622894446054,0.14868625474209132
familiar,transfer,forward,encoder,single,0.5,10,specimen_10,50,45,0.5,0.32377253969510394,1.1724554807368832
familiar,transfer,forward,encoder,single,0.5,10,specimen_10,50,45,1.0,0.3014172166585922,1.0350833129179184
familiar,transfer,forward,encoder,single,0.5,10,specimen_10,50,90,1.0,0.38598863283793133,1.3013785524849093
familiar,transfer,forward,encoder,single,0.5,10,specimen_10,50,135,0.5,0.3315661350886027,1.6401291806252758
familiar,transfer,forward,encoder,single,0.5,10,specimen_10,50,135,1.0,0.3320426642894745,0.8462468503723363
familiar,transfer,forward,encoder,single,0.5,10,specimen_10,50,180,0.5,0.4705322782198588,0.28026386773729645
familiar,transfer,forward,encoder,single,0.5,10,specimen_10,50,180,1.0,0.5074723064899445,0.3493493843345458
familiar,transfer,forward,encoder,single,0.5,10,specimen_10,50,225,0.5,0.29670610030492145,1.0265474381762922
familiar,transfer,forward,encoder,single,0.5,10,specimen_10,50,225,1.0,0.3293253183364868,0.9182341604099474
familiar,transfer,forward,encoder,single,0.5,10,specimen_10,50,270,0.5,0.35886364181836444,1.171862243113235
familiar,transfer,forward,encoder,single,0.5,10,specimen_10,50,270,1.0,0.35995054244995117,0.9580135367881543
familiar,transfer,forward,encoder,single,0.5,10,specimen_10,50,315,0.5,0.31780849397182465,0.7222872198459344
familiar,transfer,forward,encoder,single,0.5,10,specimen_10,50,315,1.0,0.34276242057482403,0.5655074333343094
familiar,transfer,forward,encoder,single,0.5,57,specimen_57,30,45,0.5,0.2984280586242676,0.38909796931595125
familiar,transfer,forward,encoder,single,0.5,57,specimen_57,30,45,1.0,0.28076718747615814,0.3286236060235577
familiar,transfer,forward,encoder,single,0.5,57,specimen_57,30,90,1.0,0.3265465398629506,1.1920110055521247
familiar,transfer,forward,encoder,single,0.5,57,specimen_57,30,135,0.5,0.27210289736588794,0.34757029972989195
familiar,transfer,forward,encoder,single,0.5,57,specimen_57,30,135,1.0,0.3060092131296794,0.3394782369890981
familiar,transfer,forward,encoder,single,0.5,57,specimen_57,30,180,0.5,0.3037453542153041,0.09914575985039768
familiar,transfer,forward,encoder,single,0.5,57,specimen_57,30,180,1.0,0.33056748410065967,0.08983634858318301
familiar,transfer,forward,encoder,single,0.5,57,specimen_57,30,225,0.5,0.2757041056950887,0.4749648894598379
familiar,transfer,forward,encoder,single,0.5,57,specimen_57,30,225,1.0,0.30969194571177167,0.396125607927236
familiar,transfer,forward,encoder,single,0.5,57,specimen_57,30,270,0.5,0.38655681411425274,2.1537075882239947
familiar,transfer,forward,encoder,single,0.5,57,specimen_57,30,270,1.0,0.3740483522415161,1.803962463921599
familiar,transfer,forward,encoder,single,0.5,57,specimen_57,30,315,0.5,0.29999567071596783,0.31510672832370096
familiar,transfer,forward,encoder,single,0.5,57,specimen_57,30,315,1.0,0.34374507268269855,0.2934922803311113
familiar,transfer,forward,encoder,single,0.5,57,specimen_57,50,45,0.5,0.47068413098653156,2.058959149458428
familiar,transfer,forward,encoder,single,0.5,57,specimen_57,50,45,1.0,0.4624967972437541,1.7862864765771966
familiar,transfer,forward,encoder,single,0.5,57,specimen_57,50,90,1.0,0.5666411618391672,2.254404264800735
familiar,transfer,forward,encoder,single,0.5,57,specimen_57,50,135,0.5,0.4519278208414714,1.9284717752508318
familiar,transfer,forward,encoder,single,0.5,57,specimen_57,50,135,1.0,0.4716570774714152,1.7154290011486324
familiar,transfer,forward,encoder,single,0.5,57,specimen_57,50,180,0.5,0.35999860366185504,0.27310890977892405
familiar,transfer,forward,encoder,single,0.5,57,specimen_57,50,180,1.0,0.3258950710296631,0.31235871124188225
familiar,transfer,forward,encoder,single,0.5,57,specimen_57,50,225,0.5,0.43403645356496173,1.550490711868827
familiar,transfer,forward,encoder,single,0.5,57,specimen_57,50,225,1.0,0.42821407318115234,1.3340902522132332
familiar,transfer,forward,encoder,single,0.5,57,specimen_57,50,270,0.5,0.5483309328556061,1.943453587920269
familiar,transfer,forward,encoder,single,0.5,57,specimen_57,50,270,1.0,0.5210940142472585,1.6796366383330994
familiar,transfer,forward,encoder,single,0.5,57,specimen_57,50,315,0.5,0.3881425658861796,1.375233132551443
familiar,transfer,forward,encoder,single,0.5,57,specimen_57,50,315,1.0,0.3989415168762207,1.2826650346826154
familiar,transfer,forward,encoder_wrong_support,direction,0.5,10,specimen_10,30,45,0.5,0.47452054421106976,0.5699171024878619
familiar,transfer,forward,encoder_wrong_support,direction,0.5,10,specimen_10,30,45,1.0,0.46688103675842285,0.6184938222998174
familiar,transfer,forward,encoder_wrong_support,direction,0.5,10,specimen_10,30,90,1.0,0.42416977882385254,1.0172245082739104
familiar,transfer,forward,encoder_wrong_support,direction,0.5,10,specimen_10,30,135,0.5,0.5061761935551962,0.5007236770018159
familiar,transfer,forward,encoder_wrong_support,direction,0.5,10,specimen_10,30,135,1.0,0.5498100717862447,0.5183404877702046
familiar,transfer,forward,encoder_wrong_support,direction,0.5,10,specimen_10,30,180,0.5,0.5251393616199493,0.07150779605898523
familiar,transfer,forward,encoder_wrong_support,direction,0.5,10,specimen_10,30,180,1.0,0.6280063589413961,0.1743716268388217
familiar,transfer,forward,encoder_wrong_support,direction,0.5,10,specimen_10,30,225,0.5,0.4114889403184255,0.36871374583354166
familiar,transfer,forward,encoder_wrong_support,direction,0.5,10,specimen_10,30,225,1.0,0.37286897500356037,0.23884430261822012
familiar,transfer,forward,encoder_wrong_support,direction,0.5,10,specimen_10,30,270,0.5,0.4224853018919627,0.996900798470233
familiar,transfer,forward,encoder_wrong_support,direction,0.5,10,specimen_10,30,270,1.0,0.42731528480847675,0.5658430247257118
familiar,transfer,forward,encoder_wrong_support,direction,0.5,10,specimen_10,30,315,0.5,0.5608965953191122,0.46010882953456506
familiar,transfer,forward,encoder_wrong_support,direction,0.5,10,specimen_10,30,315,1.0,0.5419996480147043,0.3750360014896958
familiar,transfer,forward,encoder_wrong_support,direction,0.5,10,specimen_10,50,45,0.5,0.6234119733174642,1.524288985772752
familiar,transfer,forward,encoder_wrong_support,direction,0.5,10,specimen_10,50,45,1.0,0.6681911945343018,1.3865299125279364
familiar,transfer,forward,encoder_wrong_support,direction,0.5,10,specimen_10,50,90,1.0,0.6025226414203644,1.6939731600192787
familiar,transfer,forward,encoder_wrong_support,direction,0.5,10,specimen_10,50,135,0.5,0.716740608215332,2.0120870341207437
familiar,transfer,forward,encoder_wrong_support,direction,0.5,10,specimen_10,50,135,1.0,0.6995009978612264,1.2405012447243777
familiar,transfer,forward,encoder_wrong_support,direction,0.5,10,specimen_10,50,180,0.5,0.6284324725468954,0.5804596851038336
familiar,transfer,forward,encoder_wrong_support,direction,0.5,10,specimen_10,50,180,1.0,0.776643435160319,0.6627263048248881
familiar,transfer,forward,encoder_wrong_support,direction,0.5,10,specimen_10,50,225,0.5,0.5923636754353842,1.3019230489160003
familiar,transfer,forward,encoder_wrong_support,direction,0.5,10,specimen_10,50,225,1.0,0.6811542510986328,1.199990646830083
familiar,transfer,forward,encoder_wrong_support,direction,0.5,10,specimen_10,50,270,0.5,0.5146135290463766,1.4450572630728933
familiar,transfer,forward,encoder_wrong_support,direction,0.5,10,specimen_10,50,270,1.0,0.574499229590098,1.2437982497904305
familiar,transfer,forward,encoder_wrong_support,direction,0.5,10,specimen_10,50,315,0.5,0.7268666625022888,1.018536561838048
familiar,transfer,forward,encoder_wrong_support,direction,0.5,10,specimen_10,50,315,1.0,0.7588269511858622,0.8638952349891849
familiar,transfer,forward,encoder_wrong_support,direction,0.5,57,specimen_57,30,45,0.5,0.39138472080230713,0.1788311192724095
familiar,transfer,forward,encoder_wrong_support,direction,0.5,57,specimen_57,30,45,1.0,0.3733968337376912,0.1182209680621588
familiar,transfer,forward,encoder_wrong_support,direction,0.5,57,specimen_57,30,90,1.0,0.440421462059021,0.9826891883957574
familiar,transfer,forward,encoder_wrong_support,direction,0.5,57,specimen_57,30,135,0.5,0.4627264440059662,0.14811304023547864
familiar,transfer,forward,encoder_wrong_support,direction,0.5,57,specimen_57,30,135,1.0,0.39138705531756085,0.13414994986483578
familiar,transfer,forward,encoder_wrong_support,direction,0.5,57,specimen_57,30,180,0.5,0.5124053359031677,0.2735658124491169
familiar,transfer,forward,encoder_wrong_support,direction,0.5,57,specimen_57,30,180,1.0,0.45801395177841187,0.27041972602807834
familiar,transfer,forward,encoder_wrong_support,direction,0.5,57,specimen_57,30,225,0.5,0.37679705023765564,0.31136035405512746
familiar,transfer,forward,encoder_wrong_support,direction,0.5,57,specimen_57,30,225,1.0,0.39563185969988507,0.2302426161383686
familiar,transfer,forward,encoder_wrong_support,direction,0.5,57,specimen_57,30,270,0.5,0.37732715408007306,1.9856719653357473
familiar,transfer,forward,encoder_wrong_support,direction,0.5,57,specimen_57,30,270,1.0,0.4449704090754191,1.6318318537258418
familiar,transfer,forward,encoder_wrong_support,direction,0.5,57,specimen_57,30,315,0.5,0.43160919348398846,0.12725249490552848
familiar,transfer,forward,encoder_wrong_support,direction,0.5,57,specimen_57,30,315,1.0,0.4141017198562622,0.10544261836786428
familiar,transfer,forward,encoder_wrong_support,direction,0.5,57,specimen_57,50,45,0.5,0.4508289893468221,1.7562550562819152
familiar,transfer,forward,encoder_wrong_support,direction,0.5,57,specimen_57,50,45,1.0,0.4613030254840851,1.4727836202406122
familiar,transfer,forward,encoder_wrong_support,direction,0.5,57,specimen_57,50,90,1.0,0.42054574688275653,1.917683822701146
familiar,transfer,forward,encoder_wrong_support,direction,0.5,57,specimen_57,50,135,0.5,0.5062074164549509,1.636432747085044
familiar,transfer,forward,encoder_wrong_support,direction,0.5,57,specimen_57,50,135,1.0,0.47228018442789715,1.4034350261515323
familiar,transfer,forward,encoder_wrong_support,direction,0.5,57,specimen_57,50,180,0.5,0.6753589312235514,0.04739728353431357
familiar,transfer,forward,encoder_wrong_support,direction,0.5,57,specimen_57,50,180,1.0,0.5901675224304199,0.08811834176019673
familiar,transfer,forward,encoder_wrong_support,direction,0.5,57,specimen_57,50,225,0.5,0.45264073212941486,1.3241468153457474
familiar,transfer,forward,encoder_wrong_support,direction,0.5,57,specimen_57,50,225,1.0,0.45755590001742047,1.0979619340957454
familiar,transfer,forward,encoder_wrong_support,direction,0.5,57,specimen_57,50,270,0.5,0.3671345015366872,1.7178620250587817
familiar,transfer,forward,encoder_wrong_support,direction,0.5,57,specimen_57,50,270,1.0,0.40284931659698486,1.4447307540105667
familiar,transfer,forward,encoder_wrong_support,direction,0.5,57,specimen_57,50,315,0.5,0.4447000523408254,1.1228261756975664
familiar,transfer,forward,encoder_wrong_support,direction,0.5,57,specimen_57,50,315,1.0,0.4218739370505015,1.0200848146461254
familiar,transfer,forward,encoder_wrong_support,repeat,0.5,10,specimen_10,30,45,0.5,0.5394935806592306,0.5970305177541629
familiar,transfer,forward,encoder_wrong_support,repeat,0.5,10,specimen_10,30,45,1.0,0.5375415782133738,0.6482085704422443
familiar,transfer,forward,encoder_wrong_support,repeat,0.5,10,specimen_10,30,90,1.0,0.4841025670369466,1.0464032169029336
familiar,transfer,forward,encoder_wrong_support,repeat,0.5,10,specimen_10,30,135,0.5,0.5713958541552225,0.5249458221075342
familiar,transfer,forward,encoder_wrong_support,repeat,0.5,10,specimen_10,30,135,1.0,0.6162930727005005,0.5430279809414148
familiar,transfer,forward,encoder_wrong_support,repeat,0.5,10,specimen_10,30,180,0.5,0.5669935743014017,0.09229002735403441
familiar,transfer,forward,encoder_wrong_support,repeat,0.5,10,specimen_10,30,180,1.0,0.6753921508789062,0.19612762318684177
familiar,transfer,forward,encoder_wrong_support,repeat,0.5,10,specimen_10,30,225,0.5,0.46730106075604755,0.3876290534157274
familiar,transfer,forward,encoder_wrong_support,repeat,0.5,10,specimen_10,30,225,1.0,0.43469815452893573,0.2594469050257359
familiar,transfer,forward,encoder_wrong_support,repeat,0.5,10,specimen_10,30,270,0.5,0.4554456373055776,1.0166063769753495
familiar,transfer,forward,encoder_wrong_support,repeat,0.5,10,specimen_10,30,270,1.0,0.47267449895540875,0.5842681773802413
familiar,transfer,forward,encoder_wrong_support,repeat,0.5,10,specimen_10,30,315,0.5,0.6268799901008606,0.4831403062829527
familiar,transfer,forward,encoder_wrong_support,repeat,0.5,10,specimen_10,30,315,1.0,0.5995330810546875,0.3965776857438319
familiar,transfer,forward,encoder_wrong_support,repeat,0.5,10,specimen_10,50,45,0.5,0.6936294436454773,1.5641106947319594
familiar,transfer,forward,encoder_wrong_support,repeat,0.5,10,specimen_10,50,45,1.0,0.7473410765329996,1.4307241977016443
familiar,transfer,forward,encoder_wrong_support,repeat,0.5,10,specimen_10,50,90,1.0,0.6723076899846395,1.740761922292946
familiar,transfer,forward,encoder_wrong_support,repeat,0.5,10,specimen_10,50,135,0.5,0.7813815673192342,2.045469405123592
familiar,transfer,forward,encoder_wrong_support,repeat,0.5,10,specimen_10,50,135,1.0,0.7628644307454427,1.2754982167391915
familiar,transfer,forward,encoder_wrong_support,repeat,0.5,10,specimen_10,50,180,0.5,0.6732816497484843,0.6103184327316907
familiar,transfer,forward,encoder_wrong_support,repeat,0.5,10,specimen_10,50,180,1.0,0.8344016273816427,0.6931983260226584
familiar,transfer,forward,encoder_wrong_support,repeat,0.5,10,specimen_10,50,225,0.5,0.6559086839358012,1.3273247761029963
familiar,transfer,forward,encoder_wrong_support,repeat,0.5,10,specimen_10,50,225,1.0,0.7493325074513754,1.2297204758770208
familiar,transfer,forward,encoder_wrong_support,repeat,0.5,10,specimen_10,50,270,0.5,0.5668701628843943,1.4728258164479382
familiar,transfer,forward,encoder_wrong_support,repeat,0.5,10,specimen_10,50,270,1.0,0.6357615888118744,1.2734788963788228
familiar,transfer,forward,encoder_wrong_support,repeat,0.5,10,specimen_10,50,315,0.5,0.7983534733454386,1.0509844384887208
familiar,transfer,forward,encoder_wrong_support,repeat,0.5,10,specimen_10,50,315,1.0,0.8261228005091349,0.8945647472838137
familiar,transfer,forward,encoder_wrong_support,repeat,0.5,57,specimen_57,30,45,0.5,0.5102662344773611,0.09271310840018838
familiar,transfer,forward,encoder_wrong_support,repeat,0.5,57,specimen_57,30,45,1.0,0.49426544706026715,0.06288086179872625
familiar,transfer,forward,encoder_wrong_support,repeat,0.5,57,specimen_57,30,90,1.0,0.5519604285558065,0.8859575210826064
familiar,transfer,forward,encoder_wrong_support,repeat,0.5,57,specimen_57,30,135,0.5,0.5985170404116312,0.05926907210796717
familiar,transfer,forward,encoder_wrong_support,repeat,0.5,57,specimen_57,30,135,1.0,0.5197384059429169,0.06473944025043576
familiar,transfer,forward,encoder_wrong_support,repeat,0.5,57,specimen_57,30,180,0.5,0.6564193964004517,0.3474724399053651
familiar,transfer,forward,encoder_wrong_support,repeat,0.5,57,specimen_57,30,180,1.0,0.5894517302513123,0.34360499101620084
familiar,transfer,forward,encoder_wrong_support,repeat,0.5,57,specimen_57,30,225,0.5,0.49901015559832257,0.23858693202462578
familiar,transfer,forward,encoder_wrong_support,repeat,0.5,57,specimen_57,30,225,1.0,0.5085392793019613,0.15933232657982177
familiar,transfer,forward,encoder_wrong_support,repeat,0.5,57,specimen_57,30,270,0.5,0.46752849221229553,1.9093916712222825
familiar,transfer,forward,encoder_wrong_support,repeat,0.5,57,specimen_57,30,270,1.0,0.5440635482470194,1.5561912133329374
familiar,transfer,forward,encoder_wrong_support,repeat,0.5,57,specimen_57,30,315,0.5,0.5513838728268942,0.04941098540744571
familiar,transfer,forward,encoder_wrong_support,repeat,0.5,57,specimen_57,30,315,1.0,0.5301539301872253,0.048101674143852434
familiar,transfer,forward,encoder_wrong_support,repeat,0.5,57,specimen_57,50,45,0.5,0.5324060519536337,1.647365701347996
familiar,transfer,forward,encoder_wrong_support,repeat,0.5,57,specimen_57,50,45,1.0,0.5418062011400858,1.364955848366584
familiar,transfer,forward,encoder_wrong_support,repeat,0.5,57,specimen_57,50,90,1.0,0.48483996589978534,1.7935412641373993
familiar,transfer,forward,encoder_wrong_support,repeat,0.5,57,specimen_57,50,135,0.5,0.5965120395024618,1.5077030632650505
familiar,transfer,forward,encoder_wrong_support,repeat,0.5,57,specimen_57,50,135,1.0,0.5592695275942484,1.2685733670549368
familiar,transfer,forward,encoder_wrong_support,repeat,0.5,57,specimen_57,50,180,0.5,0.8080248236656189,0.08989001893181181
familiar,transfer,forward,encoder_wrong_support,repeat,0.5,57,specimen_57,50,180,1.0,0.7189429998397827,0.1163520362520271
familiar,transfer,forward,encoder_wrong_support,repeat,0.5,57,specimen_57,50,225,0.5,0.5357102553049723,1.2293075492076273
familiar,transfer,forward,encoder_wrong_support,repeat,0.5,57,specimen_57,50,225,1.0,0.5470484793186188,0.9947607738658361
familiar,transfer,forward,encoder_wrong_support,repeat,0.5,57,specimen_57,50,270,0.5,0.4159764846165975,1.61349988779574
familiar,transfer,forward,encoder_wrong_support,repeat,0.5,57,specimen_57,50,270,1.0,0.45719820261001587,1.3346703642995108
familiar,transfer,forward,encoder_wrong_support,repeat,0.5,57,specimen_57,50,315,0.5,0.528194526831309,1.023590937189107
familiar,transfer,forward,encoder_wrong_support,repeat,0.5,57,specimen_57,50,315,1.0,0.5077107946077982,0.9224310445824323
familiar,transfer,forward,encoder_wrong_support,single,0.5,10,specimen_10,30,45,0.5,0.5722591280937195,0.6099400613569829
familiar,transfer,forward,encoder_wrong_support,single,0.5,10,specimen_10,30,45,1.0,0.5657831827799479,0.6588323566693264
familiar,transfer,forward,encoder_wrong_support,single,0.5,10,specimen_10,30,90,1.0,0.5080127418041229,1.0567014968190291
familiar,transfer,forward,encoder_wrong_support,single,0.5,10,specimen_10,30,135,0.5,0.5990662177403768,0.5345069303713469
familiar,transfer,forward,encoder_wrong_support,single,0.5,10,specimen_10,30,135,1.0,0.6495492458343506,0.5540688197233917
familiar,transfer,forward,encoder_wrong_support,single,0.5,10,specimen_10,30,180,0.5,0.5959940751393636,0.10350735359958235
familiar,transfer,forward,encoder_wrong_support,single,0.5,10,specimen_10,30,180,1.0,0.7043882608413696,0.2073335324051427
familiar,transfer,forward,encoder_wrong_support,single,0.5,10,specimen_10,30,225,0.5,0.4994652469952901,0.39888353254887204
familiar,transfer,forward,encoder_wrong_support,single,0.5,10,specimen_10,30,225,1.0,0.4684009850025177,0.2715835730942761
familiar,transfer,forward,encoder_wrong_support,single,0.5,10,specimen_10,30,270,0.5,0.4796890318393707,1.029321689244979
familiar,transfer,forward,encoder_wrong_support,single,0.5,10,specimen_10,30,270,1.0,0.5076512595017751,0.5981445858464528
familiar,transfer,forward,encoder_wrong_support,single,0.5,10,specimen_10,30,315,0.5,0.6598105231920878,0.4966128228747368
familiar,transfer,forward,encoder_wrong_support,single,0.5,10,specimen_10,30,315,1.0,0.6321239074071249,0.41045910805253105
familiar,transfer,forward,encoder_wrong_support,single,0.5,10,specimen_10,50,45,0.5,0.7258851925532023,1.5802965285179231
familiar,transfer,forward,encoder_wrong_support,single,0.5,10,specimen_10,50,45,1.0,0.7773922085762024,1.4462595859563974
familiar,transfer,forward,encoder_wrong_support,single,0.5,10,specimen_10,50,90,1.0,0.7020110487937927,1.7597335237569007
familiar,transfer,forward,encoder_wrong_support,single,0.5,10,specimen_10,50,135,0.5,0.8100014527638754,2.0581978384568203
familiar,transfer,forward,encoder_wrong_support,single,0.5,10,specimen_10,50,135,1.0,0.7937639156977335,1.2892273816644357
familiar,transfer,forward,encoder_wrong_support,single,0.5,10,specimen_10,50,180,0.5,0.7005666097005209,0.6237365704545742
familiar,transfer,forward,encoder_wrong_support,single,0.5,10,specimen_10,50,180,1.0,0.8659551938374838,0.7070846386049933
familiar,transfer,forward,encoder_wrong_support,single,0.5,10,specimen_10,50,225,0.5,0.6942598223686218,1.3433645715285432
familiar,transfer,forward,encoder_wrong_support,single,0.5,10,specimen_10,50,225,1.0,0.7847232818603516,1.2459064086198846
familiar,transfer,forward,encoder_wrong_support,single,0.5,10,specimen_10,50,270,0.5,0.6044307351112366,1.4938865851592953
familiar,transfer,forward,encoder_wrong_support,single,0.5,10,specimen_10,50,270,1.0,0.6732472976048788,1.2945098123048775
familiar,transfer,forward,encoder_wrong_support,single,0.5,10,specimen_10,50,315,0.5,0.8316121498743693,1.0684767060782698
familiar,transfer,forward,encoder_wrong_support,single,0.5,10,specimen_10,50,315,1.0,0.861650546391805,0.9136585429977607
familiar,transfer,forward,encoder_wrong_support,single,0.5,57,specimen_57,30,45,0.5,0.5115868846575419,0.09162412529131736
familiar,transfer,forward,encoder_wrong_support,single,0.5,57,specimen_57,30,45,1.0,0.4933881262938182,0.06719339111329725
familiar,transfer,forward,encoder_wrong_support,single,0.5,57,specimen_57,30,90,1.0,0.5514585574467977,0.8819745757374712
familiar,transfer,forward,encoder_wrong_support,single,0.5,57,specimen_57,30,135,0.5,0.5940016309420267,0.05923446378384445
familiar,transfer,forward,encoder_wrong_support,single,0.5,57,specimen_57,30,135,1.0,0.5184902250766754,0.07367214996797922
familiar,transfer,forward,encoder_wrong_support,single,0.5,57,specimen_57,30,180,0.5,0.6477307875951132,0.3456930538934908
familiar,transfer,forward,encoder_wrong_support,single,0.5,57,specimen_57,30,180,1.0,0.5840213994185129,0.34233099628021235
familiar,transfer,forward,encoder_wrong_support,single,0.5,57,specimen_57,30,225,0.5,0.48821964859962463,0.24376284474895818
familiar,transfer,forward,encoder_wrong_support,single,0.5,57,specimen_57,30,225,1.0,0.4978220562140147,0.1648516934035615
familiar,transfer,forward,encoder_wrong_support,single,0.5,57,specimen_57,30,270,0.5,0.4653364916642507,1.9122983903652386
familiar,transfer,forward,encoder_wrong_support,single,0.5,57,specimen_57,30,270,1.0,0.5373779535293579,1.5605352703553554
familiar,transfer,forward,encoder_wrong_support,single,0.5,57,specimen_57,30,315,0.5,0.5435638328393301,0.05653958923928604
familiar,transfer,forward,encoder_wrong_support,single,0.5,57,specimen_57,30,315,1.0,0.5232206185658773,0.05437990746097695
familiar,transfer,forward,encoder_wrong_support,single,0.5,57,specimen_57,50,45,0.5,0.5260856548945109,1.651118101677388
familiar,transfer,forward,encoder_wrong_support,single,0.5,57,specimen_57,50,45,1.0,0.5320276220639547,1.3751102035387177
familiar,transfer,forward,encoder_wrong_support,single,0.5,57,specimen_57,50,90,1.0,0.477464884519577,1.7960492935287438
familiar,transfer,forward,encoder_wrong_support,single,0.5,57,specimen_57,50,135,0.5,0.5878657301266988,1.5104031174192878
familiar,transfer,forward,encoder_wrong_support,single,0.5,57,specimen_57,50,135,1.0,0.549892524878184,1.2724484698565328
familiar,transfer,forward,encoder_wrong_support,single,0.5,57,specimen_57,50,180,0.5,0.7943995594978333,0.07390732322153389
familiar,transfer,forward,encoder_wrong_support,single,0.5,57,specimen_57,50,180,1.0,0.7026410897572836,0.11208708540996408
familiar,transfer,forward,encoder_wrong_support,single,0.5,57,specimen_57,50,225,0.5,0.5271666745344797,1.2336735785165762
familiar,transfer,forward,encoder_wrong_support,single,0.5,57,specimen_57,50,225,1.0,0.5339154005050659,1.0064180040032962
familiar,transfer,forward,encoder_wrong_support,single,0.5,57,specimen_57,50,270,0.5,0.4146830042203267,1.6214292458742088
familiar,transfer,forward,encoder_wrong_support,single,0.5,57,specimen_57,50,270,1.0,0.45314547419548035,1.343140362816376
familiar,transfer,forward,encoder_wrong_support,single,0.5,57,specimen_57,50,315,0.5,0.5207449694474539,1.0290436463191075
familiar,transfer,forward,encoder_wrong_support,single,0.5,57,specimen_57,50,315,1.0,0.49567747116088867,0.934513925019164
familiar,transfer,forward,fixed_features,direction,0.5,10,specimen_10,30,45,0.5,0.21742040708262225,0.31545724345937765
familiar,transfer,forward,fixed_features,direction,0.5,10,specimen_10,30,45,1.0,0.2641423920033574,0.34968591861929543
familiar,transfer,forward,fixed_features,direction,0.5,10,specimen_10,30,90,1.0,0.34948748372229793,0.8054258161336005
familiar,transfer,forward,fixed_features,direction,0.5,10,specimen_10,30,135,0.5,0.19040813704261303,0.34628358526198355
familiar,transfer,forward,fixed_features,direction,0.5,10,specimen_10,30,135,1.0,0.19158591188021723,0.341149570494221
familiar,transfer,forward,fixed_features,direction,0.5,10,specimen_10,30,180,0.5,0.3091587861708183,0.06088394423368376
familiar,transfer,forward,fixed_features,direction,0.5,10,specimen_10,30,180,1.0,0.33688728356271075,0.02096094422174355
familiar,transfer,forward,fixed_features,direction,0.5,10,specimen_10,30,225,0.5,0.21350145141904528,0.24156762996883036
familiar,transfer,forward,fixed_features,direction,0.5,10,specimen_10,30,225,1.0,0.20878735430917672,0.09576715723986129
familiar,transfer,forward,fixed_features,direction,0.5,10,specimen_10,30,270,0.5,0.4037786306121056,0.8449788144918252
familiar,transfer,forward,fixed_features,direction,0.5,10,specimen_10,30,270,1.0,0.29742025604744954,0.39706059231615454
familiar,transfer,forward,fixed_features,direction,0.5,10,specimen_10,30,315,0.5,0.19301751710560774,0.24152253488066444
familiar,transfer,forward,fixed_features,direction,0.5,10,specimen_10,30,315,1.0,0.2045326947345625,0.1388186966242858
familiar,transfer,forward,fixed_features,direction,0.5,10,specimen_10,50,45,0.5,0.2780191893369902,1.0211180779176585
familiar,transfer,forward,fixed_features,direction,0.5,10,specimen_10,50,45,1.0,0.2500647835439576,0.8594989996892597
familiar,transfer,forward,fixed_features,direction,0.5,10,specimen_10,50,90,1.0,0.3592591861422443,1.2605254796415168
familiar,transfer,forward,fixed_features,direction,0.5,10,specimen_10,50,135,0.5,0.31496825822469887,1.6590014402715174
familiar,transfer,forward,fixed_features,direction,0.5,10,specimen_10,50,135,1.0,0.26650369109699107,0.8520500818032076
familiar,transfer,forward,fixed_features,direction,0.5,10,specimen_10,50,180,0.5,0.43065992411926574,0.2558004655862399
familiar,transfer,forward,fixed_features,direction,0.5,10,specimen_10,50,180,1.0,0.44484766483202165,0.30385235770279395
familiar,transfer,forward,fixed_features,direction,0.5,10,specimen_10,50,225,0.5,0.27416594731792926,0.984062525570674
familiar,transfer,forward,fixed_features,direction,0.5,10,specimen_10,50,225,1.0,0.2789670396562085,0.8541857887974811
familiar,transfer,forward,fixed_features,direction,0.5,10,specimen_10,50,270,0.5,0.33751695762628464,1.093325552420123
familiar,transfer,forward,fixed_features,direction,0.5,10,specimen_10,50,270,1.0,0.32003247487248937,0.8669695421581204
familiar,transfer,forward,fixed_features,direction,0.5,10,specimen_10,50,315,0.5,0.2621479489952454,0.5602145199373676
familiar,transfer,forward,fixed_features,direction,0.5,10,specimen_10,50,315,1.0,0.26703480175083244,0.37688212494205664
familiar,transfer,forward,fixed_features,direction,0.5,57,specimen_57,30,45,0.5,0.24287216420637758,0.2701897135316417
familiar,transfer,forward,fixed_features,direction,0.5,57,specimen_57,30,45,1.0,0.23315689739189624,0.21408876359662254
familiar,transfer,forward,fixed_features,direction,0.5,57,specimen_57,30,90,1.0,0.3109756526840067,1.1330894920382095
familiar,transfer,forward,fixed_features,direction,0.5,57,specimen_57,30,135,0.5,0.2524329344581409,0.3163341812493129
familiar,transfer,forward,fixed_features,direction,0.5,57,specimen_57,30,135,1.0,0.24811350938617416,0.3028320261242061
familiar,transfer,forward,fixed_features,direction,0.5,57,specimen_57,30,180,0.5,0.2758317952237164,0.12488137763381726
familiar,transfer,forward,fixed_features,direction,0.5,57,specimen_57,30,180,1.0,0.28668495883193823,0.1209358589947242
familiar,transfer,forward,fixed_features,direction,0.5,57,specimen_57,30,225,0.5,0.21756557004534516,0.44745475176082133
familiar,transfer,forward,fixed_features,direction,0.5,57,specimen_57,30,225,1.0,0.27568826859462864,0.36458238449599717
familiar,transfer,forward,fixed_features,direction,0.5,57,specimen_57,30,270,0.5,0.2880467099086368,2.105483203342264
familiar,transfer,forward,fixed_features,direction,0.5,57,specimen_57,30,270,1.0,0.3034092189759941,1.7529131503942754
familiar,transfer,forward,fixed_features,direction,0.5,57,specimen_57,30,315,0.5,0.2626607157832843,0.21241213659179664
familiar,transfer,forward,fixed_features,direction,0.5,57,specimen_57,30,315,1.0,0.3061075731956855,0.1890248389645367
familiar,transfer,forward,fixed_features,direction,0.5,57,specimen_57,50,45,0.5,0.32895009023655203,1.779825173432773
familiar,transfer,forward,fixed_features,direction,0.5,57,specimen_57,50,45,1.0,0.3241298313281354,1.508590145269125
familiar,transfer,forward,fixed_features,direction,0.5,57,specimen_57,50,90,1.0,0.40458094293844965,2.060589868393655
familiar,transfer,forward,fixed_features,direction,0.5,57,specimen_57,50,135,0.5,0.3651949516290473,1.7807422542169729
familiar,transfer,forward,fixed_features,direction,0.5,57,specimen_57,50,135,1.0,0.34457248397377777,1.5592841548659164
familiar,transfer,forward,fixed_features,direction,0.5,57,specimen_57,50,180,0.5,0.4390017873330671,0.1290817487108331
familiar,transfer,forward,fixed_features,direction,0.5,57,specimen_57,50,180,1.0,0.37587834161966677,0.15865255973407433
familiar,transfer,forward,fixed_features,direction,0.5,57,specimen_57,50,225,0.5,0.3357997468527863,1.402820045862725
familiar,transfer,forward,fixed_features,direction,0.5,57,specimen_57,50,225,1.0,0.3366574565122862,1.1764579491412421
familiar,transfer,forward,fixed_features,direction,0.5,57,specimen_57,50,270,0.5,0.40734265517619583,1.7655991127850978
familiar,transfer,forward,fixed_features,direction,0.5,57,specimen_57,50,270,1.0,0.39229315510132706,1.4965491694551054
familiar,transfer,forward,fixed_features,direction,0.5,57,specimen_57,50,315,0.5,0.28218459854876116,1.1143310153960182
familiar,transfer,forward,fixed_features,direction,0.5,57,specimen_57,50,315,1.0,0.271196932229173,1.0162666398315077
familiar,transfer,forward,fixed_features,repeat,0.5,10,specimen_10,30,45,0.5,0.2110775165670101,0.3245300973230445
familiar,transfer,forward,fixed_features,repeat,0.5,10,specimen_10,30,45,1.0,0.25334006375112367,0.36048993669747076
familiar,transfer,forward,fixed_features,repeat,0.5,10,specimen_10,30,90,1.0,0.34585017074341734,0.8162742469993007
familiar,transfer,forward,fixed_features,repeat,0.5,10,specimen_10,30,135,0.5,0.19556837833950488,0.35455663007530713
familiar,transfer,forward,fixed_features,repeat,0.5,10,specimen_10,30,135,1.0,0.19884383522714985,0.3509724061979044
familiar,transfer,forward,fixed_features,repeat,0.5,10,specimen_10,30,180,0.5,0.30486535290218614,0.05381351852752253
familiar,transfer,forward,fixed_features,repeat,0.5,10,specimen_10,30,180,1.0,0.3365838210750514,0.029372493982304793
familiar,transfer,forward,fixed_features,repeat,0.5,10,specimen_10,30,225,0.5,0.20581729369693735,0.24795429872670388
familiar,transfer,forward,fixed_features,repeat,0.5,10,specimen_10,30,225,1.0,0.20578682758820785,0.10337911625749163
familiar,transfer,forward,fixed_features,repeat,0.5,10,specimen_10,30,270,0.5,0.40060790456141643,0.8515161278522809
familiar,transfer,forward,fixed_features,repeat,0.5,10,specimen_10,30,270,1.0,0.29514759875236374,0.40485201525578063
familiar,transfer,forward,fixed_features,repeat,0.5,10,specimen_10,30,315,0.5,0.19336101853367973,0.248835481509732
familiar,transfer,forward,fixed_features,repeat,0.5,10,specimen_10,30,315,1.0,0.1996678886750628,0.14753104109901571
familiar,transfer,forward,fixed_features,repeat,0.5,10,specimen_10,50,45,0.5,0.2738703801148448,1.033982448799398
familiar,transfer,forward,fixed_features,repeat,0.5,10,specimen_10,50,45,1.0,0.2432570623105621,0.8748276657866711
familiar,transfer,forward,fixed_features,repeat,0.5,10,specimen_10,50,90,1.0,0.36314756909634144,1.2757546804704862
familiar,transfer,forward,fixed_features,repeat,0.5,10,specimen_10,50,135,0.5,0.31616690978544015,1.6707415882858039
familiar,transfer,forward,fixed_features,repeat,0.5,10,specimen_10,50,135,1.0,0.27466714498847206,0.8660171090597029
familiar,transfer,forward,fixed_features,repeat,0.5,10,specimen_10,50,180,0.5,0.42429260584432243,0.266126273151987
familiar,transfer,forward,fixed_features,repeat,0.5,10,specimen_10,50,180,1.0,0.4463503256980917,0.31610619371137205
familiar,transfer,forward,fixed_features,repeat,0.5,10,specimen_10,50,225,0.5,0.2632601548267252,0.9937997289092751
familiar,transfer,forward,fixed_features,repeat,0.5,10,specimen_10,50,225,1.0,0.2774479826463803,0.865684368640524
familiar,transfer,forward,fixed_features,repeat,0.5,10,specimen_10,50,270,0.5,0.34003462969750853,1.103655887082994
familiar,transfer,forward,fixed_features,repeat,0.5,10,specimen_10,50,270,1.0,0.32484608178808444,0.8791091472498042
familiar,transfer,forward,fixed_features,repeat,0.5,10,specimen_10,50,315,0.5,0.26664237981623834,0.5716801169254241
familiar,transfer,forward,fixed_features,repeat,0.5,10,specimen_10,50,315,1.0,0.2708035033448198,0.3903661569743615
familiar,transfer,forward,fixed_features,repeat,0.5,57,specimen_57,30,45,0.5,0.24080723747022717,0.2958946066161483
familiar,transfer,forward,fixed_features,repeat,0.5,57,specimen_57,30,45,1.0,0.22147097721844552,0.24168947940678875
familiar,transfer,forward,fixed_features,repeat,0.5,57,specimen_57,30,90,1.0,0.3036030403457313,1.1587822061068516
familiar,transfer,forward,fixed_features,repeat,0.5,57,specimen_57,30,135,0.5,0.23649048828129007,0.33749701027912465
familiar,transfer,forward,fixed_features,repeat,0.5,57,specimen_57,30,135,1.0,0.24694583267895528,0.32586955449083516
familiar,transfer,forward,fixed_features,repeat,0.5,57,specimen_57,30,180,0.5,0.25799971290891127,0.10566363348357896
familiar,transfer,forward,fixed_features,repeat,0.5,57,specimen_57,30,180,1.0,0.26708183827255155,0.10005731823807368
familiar,transfer,forward,fixed_features,repeat,0.5,57,specimen_57,30,225,0.5,0.2250042377881163,0.4666899642868779
familiar,transfer,forward,fixed_features,repeat,0.5,57,specimen_57,30,225,1.0,0.26646152391554234,0.38533647244728775
familiar,transfer,forward,fixed_features,repeat,0.5,57,specimen_57,30,270,0.5,0.3186558511708531,2.127014597472867
familiar,transfer,forward,fixed_features,repeat,0.5,57,specimen_57,30,270,1.0,0.3069114224347056,1.7759665006702805
familiar,transfer,forward,fixed_features,repeat,0.5,57,specimen_57,30,315,0.5,0.2584981297975884,0.23704624148146497
familiar,transfer,forward,fixed_features,repeat,0.5,57,specimen_57,30,315,1.0,0.3022735303318654,0.2152713026644676
familiar,transfer,forward,fixed_features,repeat,0.5,57,specimen_57,50,45,0.5,0.3358378205855095,1.822899927705579
familiar,transfer,forward,fixed_features,repeat,0.5,57,specimen_57,50,45,1.0,0.32496855062920055,1.5548653010154188
familiar,transfer,forward,fixed_features,repeat,0.5,57,specimen_57,50,90,1.0,0.4337533025186837,2.1037010633742756
familiar,transfer,forward,fixed_features,repeat,0.5,57,specimen_57,50,135,0.5,0.37362615831453455,1.816548857512535
familiar,transfer,forward,fixed_features,repeat,0.5,57,specimen_57,50,135,1.0,0.3561835054393143,1.598166707192811
familiar,transfer,forward,fixed_features,repeat,0.5,57,specimen_57,50,180,0.5,0.39615845306384817,0.1619381696685097
familiar,transfer,forward,fixed_features,repeat,0.5,57,specimen_57,50,180,1.0,0.34237028356779825,0.19426647015506304
familiar,transfer,forward,fixed_features,repeat,0.5,57,specimen_57,50,225,0.5,0.3524912469646717,1.4359988492877802
familiar,transfer,forward,fixed_features,repeat,0.5,57,specimen_57,50,225,1.0,0.33654612255493094,1.212223026246476
familiar,transfer,forward,fixed_features,repeat,0.5,57,specimen_57,50,270,0.5,0.4472679168213833,1.8026981973046796
familiar,transfer,forward,fixed_features,repeat,0.5,57,specimen_57,50,270,1.0,0.4170419787021587,1.536308860990737
familiar,transfer,forward,fixed_features,repeat,0.5,57,specimen_57,50,315,0.5,0.28562918291538714,1.1562865447368593
familiar,transfer,forward,fixed_features,repeat,0.5,57,specimen_57,50,315,1.0,0.26467044958500824,1.0610694400328853
familiar,transfer,forward,fixed_features,single,0.5,10,specimen_10,30,45,0.5,0.2248317215303887,0.3206419948820741
familiar,transfer,forward,fixed_features,single,0.5,10,specimen_10,30,45,1.0,0.27492494647464066,0.3550931854631393
familiar,transfer,forward,fixed_features,single,0.5,10,specimen_10,30,90,1.0,0.3612238566407943,0.8097483334028686
familiar,transfer,forward,fixed_features,single,0.5,10,specimen_10,30,135,0.5,0.1950487677540674,0.3493597862651664
familiar,transfer,forward,fixed_features,single,0.5,10,specimen_10,30,135,1.0,0.19801642939743921,0.34449063564626714
familiar,transfer,forward,fixed_features,single,0.5,10,specimen_10,30,180,0.5,0.2974867494572185,0.058234591824173065
familiar,transfer,forward,fixed_features,single,0.5,10,specimen_10,30,180,1.0,0.32627909857542986,0.023847464573694688
familiar,transfer,forward,fixed_features,single,0.5,10,specimen_10,30,225,0.5,0.21430562013029933,0.24461698375826035
familiar,transfer,forward,fixed_features,single,0.5,10,specimen_10,30,225,1.0,0.2211148398106062,0.0990238112272922
familiar,transfer,forward,fixed_features,single,0.5,10,specimen_10,30,270,0.5,0.4129283667262829,0.8491270523224747
familiar,transfer,forward,fixed_features,single,0.5,10,specimen_10,30,270,1.0,0.30789739644237585,0.4014103838218154
familiar,transfer,forward,fixed_features,single,0.5,10,specimen_10,30,315,0.5,0.1857689474981011,0.24685309157193014
familiar,transfer,forward,fixed_features,single,0.5,10,specimen_10,30,315,1.0,0.19764858575280067,0.14435532407134066
familiar,transfer,forward,fixed_features,single,0.5,10,specimen_10,50,45,0.5,0.27756017338219097,1.0288505091747553
familiar,transfer,forward,fixed_features,single,0.5,10,specimen_10,50,45,1.0,0.24282854573716298,0.8677540959404728
familiar,transfer,forward,fixed_features,single,0.5,10,specimen_10,50,90,1.0,0.36910765832834347,1.2669266583077554
familiar,transfer,forward,fixed_features,single,0.5,10,specimen_10,50,135,0.5,0.31151496763119774,1.6634852391164767
familiar,transfer,forward,fixed_features,single,0.5,10,specimen_10,50,135,1.0,0.25835823595203106,0.8570661479250407
familiar,transfer,forward,fixed_features,single,0.5,10,specimen_10,50,180,0.5,0.42014587597049763,0.2599076407046552
familiar,transfer,forward,fixed_features,single,0.5,10,specimen_10,50,180,1.0,0.43458903249189795,0.30844047556344234
familiar,transfer,forward,fixed_features,single,0.5,10,specimen_10,50,225,0.5,0.265896967389216,0.9891393687336922
familiar,transfer,forward,fixed_features,single,0.5,10,specimen_10,50,225,1.0,0.26795177738835135,0.8597087091605139
familiar,transfer,forward,fixed_features,single,0.5,10,specimen_10,50,270,0.5,0.34540230458710086,1.100399747442357
familiar,transfer,forward,fixed_features,single,0.5,10,specimen_10,50,270,1.0,0.32716189210383706,0.8745123930860852
familiar,transfer,forward,fixed_features,single,0.5,10,specimen_10,50,315,0.5,0.24582724026694672,0.569102723872739
familiar,transfer,forward,fixed_features,single,0.5,10,specimen_10,50,315,1.0,0.25334165140575027,0.3862825449755407
familiar,transfer,forward,fixed_features,single,0.5,57,specimen_57,30,45,0.5,0.23988720212478817,0.28870214344763756
familiar,transfer,forward,fixed_features,single,0.5,57,specimen_57,30,45,1.0,0.22440522052070358,0.23424846711477476
familiar,transfer,forward,fixed_features,single,0.5,57,specimen_57,30,90,1.0,0.3067956098332307,1.1520846604979011
familiar,transfer,forward,fixed_features,single,0.5,57,specimen_57,30,135,0.5,0.24125433284157594,0.33190764739558365
familiar,transfer,forward,fixed_features,single,0.5,57,specimen_57,30,135,1.0,0.24638376111150648,0.3200350403685306
familiar,transfer,forward,fixed_features,single,0.5,57,specimen_57,30,180,0.5,0.2598553054601807,0.11072745958963617
familiar,transfer,forward,fixed_features,single,0.5,57,specimen_57,30,180,1.0,0.26845579869598607,0.10533412440113282
familiar,transfer,forward,fixed_features,single,0.5,57,specimen_57,30,225,0.5,0.22139369696243172,0.4615349884664324
familiar,transfer,forward,fixed_features,single,0.5,57,specimen_57,30,225,1.0,0.2666540235390465,0.37999526424613445
familiar,transfer,forward,fixed_features,single,0.5,57,specimen_57,30,270,0.5,0.3093537974222908,2.121095680109148
familiar,transfer,forward,fixed_features,single,0.5,57,specimen_57,30,270,1.0,0.30606204166596584,1.769870493232947
familiar,transfer,forward,fixed_features,single,0.5,57,specimen_57,30,315,0.5,0.2589568011098337,0.230106353519215
familiar,transfer,forward,fixed_features,single,0.5,57,specimen_57,30,315,1.0,0.30107368042366967,0.20814224255089092
familiar,transfer,forward,fixed_features,single,0.5,57,specimen_57,50,45,0.5,0.3322298286136515,1.8107824817273248
familiar,transfer,forward,fixed_features,single,0.5,57,specimen_57,50,45,1.0,0.32571590211444956,1.54230004385587
familiar,transfer,forward,fixed_features,single,0.5,57,specimen_57,50,90,1.0,0.4255562833524624,2.092392589985714
familiar,transfer,forward,fixed_features,single,0.5,57,specimen_57,50,135,0.5,0.3724212523699479,1.8071488374565032
familiar,transfer,forward,fixed_features,single,0.5,57,specimen_57,50,135,1.0,0.35412599005792583,1.5883608004518996
familiar,transfer,forward,fixed_features,single,0.5,57,specimen_57,50,180,0.5,0.4105705196270195,0.15344536016775556
familiar,transfer,forward,fixed_features,single,0.5,57,specimen_57,50,180,1.0,0.3527285058952398,0.18541908648546568
familiar,transfer,forward,fixed_features,single,0.5,57,specimen_57,50,225,0.5,0.3484442837545134,1.427376854595312
familiar,transfer,forward,fixed_features,single,0.5,57,specimen_57,50,225,1.0,0.33525884937247347,1.2032800573306495
familiar,transfer,forward,fixed_features,single,0.5,57,specimen_57,50,270,0.5,0.43342548395819475,1.792850062517429
familiar,transfer,forward,fixed_features,single,0.5,57,specimen_57,50,270,1.0,0.4073252080950363,1.5261391151783912
familiar,transfer,forward,fixed_features,single,0.5,57,specimen_57,50,315,0.5,0.2847493029137194,1.144766863303205
familiar,transfer,forward,fixed_features,single,0.5,57,specimen_57,50,315,1.0,0.26356003411331047,1.0491921013160508
familiar,transfer,forward,retrieval,direction,0.5,10,specimen_10,30,45,0.5,0.15814477953978387,0.15417799053436065
familiar,transfer,forward,retrieval,direction,0.5,10,specimen_10,30,45,1.0,0.16295827477351293,0.22734110892511694
familiar,transfer,forward,retrieval,direction,0.5,10,specimen_10,30,90,1.0,0.13746631985599797,0.25604561016045047
familiar,transfer,forward,retrieval,direction,0.5,10,specimen_10,30,135,0.5,0.14063924771529848,0.090942772880508
familiar,transfer,forward,retrieval,direction,0.5,10,specimen_10,30,135,1.0,0.11696285046254885,0.039006430681981064
familiar,transfer,forward,retrieval,direction,0.5,10,specimen_10,30,180,0.5,0.12657175639660923,0.002271334107900591
familiar,transfer,forward,retrieval,direction,0.5,10,specimen_10,30,180,1.0,0.1457026771789535,0.0730681744647581
familiar,transfer,forward,retrieval,direction,0.5,10,specimen_10,30,225,0.5,0.15193865008163018,0.007295948986419054
familiar,transfer,forward,retrieval,direction,0.5,10,specimen_10,30,225,1.0,0.13425677918012513,0.06172187240228144
familiar,transfer,forward,retrieval,direction,0.5,10,specimen_10,30,270,0.5,0.1809469717089078,0.11908417598955601
familiar,transfer,forward,retrieval,direction,0.5,10,specimen_10,30,270,1.0,0.11559615469177505,0.12912318176710058
familiar,transfer,forward,retrieval,direction,0.5,10,specimen_10,30,315,0.5,0.189753979637341,0.18917368606831364
familiar,transfer,forward,retrieval,direction,0.5,10,specimen_10,30,315,1.0,0.144177065452913,0.10315358854584422
familiar,transfer,forward,retrieval,direction,0.5,10,specimen_10,50,45,0.5,0.13476911854742274,0.0015013928396667708
familiar,transfer,forward,retrieval,direction,0.5,10,specimen_10,50,45,1.0,0.12266738932458791,0.05463982666838718
familiar,transfer,forward,retrieval,direction,0.5,10,specimen_10,50,90,1.0,0.19609297404970483,0.24025017959802586
familiar,transfer,forward,retrieval,direction,0.5,10,specimen_10,50,135,0.5,0.11249375396576666,0.25216627362866095
familiar,transfer,forward,retrieval,direction,0.5,10,specimen_10,50,135,1.0,0.17816762079959925,0.24719415902626585
familiar,transfer,forward,retrieval,direction,0.5,10,specimen_10,50,180,0.5,0.14061913636202342,0.16278187004562028
familiar,transfer,forward,retrieval,direction,0.5,10,specimen_10,50,180,1.0,0.1605561790970864,0.1064976308304022
familiar,transfer,forward,retrieval,direction,0.5,10,specimen_10,50,225,0.5,0.14644708317621008,0.0937297975962148
familiar,transfer,forward,retrieval,direction,0.5,10,specimen_10,50,225,1.0,0.12060858807734881,0.0394101976380512
familiar,transfer,forward,retrieval,direction,0.5,10,specimen_10,50,270,0.5,0.1775928917224491,0.2186939293592709
familiar,transfer,forward,retrieval,direction,0.5,10,specimen_10,50,270,1.0,0.17301494280182372,0.042292126513637784
familiar,transfer,forward,retrieval,direction,0.5,10,specimen_10,50,315,0.5,0.15849255099402582,0.00553029235515079
familiar,transfer,forward,retrieval,direction,0.5,10,specimen_10,50,315,1.0,0.19040508100070105,0.22081479317388486
familiar,transfer,forward,retrieval,direction,0.5,57,specimen_57,30,45,0.5,0.1235677008678876,0.030098910847219273
familiar,transfer,forward,retrieval,direction,0.5,57,specimen_57,30,45,1.0,0.13218352120801372,0.06670312916811671
familiar,transfer,forward,retrieval,direction,0.5,57,specimen_57,30,90,1.0,0.15322566128696022,0.3480473769725443
familiar,transfer,forward,retrieval,direction,0.5,57,specimen_57,30,135,0.5,0.13472480095355394,0.0864309646879522
familiar,transfer,forward,retrieval,direction,0.5,57,specimen_57,30,135,1.0,0.14148213948202737,0.037993823048112385
familiar,transfer,forward,retrieval,direction,0.5,57,specimen_57,30,180,0.5,0.1607010848973682,0.02968361363901259
familiar,transfer,forward,retrieval,direction,0.5,57,specimen_57,30,180,1.0,0.1615577960571997,0.0238820487422626
familiar,transfer,forward,retrieval,direction,0.5,57,specimen_57,30,225,0.5,0.13513118018876336,0.06815184290586174
familiar,transfer,forward,retrieval,direction,0.5,57,specimen_57,30,225,1.0,0.147293954487409,0.10714762924565047
familiar,transfer,forward,retrieval,direction,0.5,57,specimen_57,30,270,0.5,0.13676343906100988,0.21203439028095739
familiar,transfer,forward,retrieval,direction,0.5,57,specimen_57,30,270,1.0,0.12291631881059238,0.22098981340278523
familiar,transfer,forward,retrieval,direction,0.5,57,specimen_57,30,315,0.5,0.13728294716990205,0.06932618793817036
familiar,transfer,forward,retrieval,direction,0.5,57,specimen_57,30,315,1.0,0.15843577144456017,0.0009069289026827354
familiar,transfer,forward,retrieval,direction,0.5,57,specimen_57,50,45,0.5,0.1261224167175237,0.1508735472063032
familiar,transfer,forward,retrieval,direction,0.5,57,specimen_57,50,45,1.0,0.12183587569133829,0.2668986069101602
familiar,transfer,forward,retrieval,direction,0.5,57,specimen_57,50,90,1.0,0.1427259531330561,0.04017489806981844
familiar,transfer,forward,retrieval,direction,0.5,57,specimen_57,50,135,0.5,0.16101558325773024,0.0681590100287357
familiar,transfer,forward,retrieval,direction,0.5,57,specimen_57,50,135,1.0,0.17067663227654262,0.08571618734166231
familiar,transfer,forward,retrieval,direction,0.5,57,specimen_57,50,180,0.5,0.16358822841602888,0.00982117729397225
familiar,transfer,forward,retrieval,direction,0.5,57,specimen_57,50,180,1.0,0.16190004677745698,0.009264799612387464
familiar,transfer,forward,retrieval,direction,0.5,57,specimen_57,50,225,0.5,0.13784735410962404,0.1614066468108588
familiar,transfer,forward,retrieval,direction,0.5,57,specimen_57,50,225,1.0,0.12310358471281911,0.18809714877968853
familiar,transfer,forward,retrieval,direction,0.5,57,specimen_57,50,270,0.5,0.17596277484196468,0.20249434136687317
familiar,transfer,forward,retrieval,direction,0.5,57,specimen_57,50,270,1.0,0.22433800820257502,0.15364169223452206
familiar,transfer,forward,retrieval,direction,0.5,57,specimen_57,50,315,0.5,0.14824233161857978,0.03989222210342391
familiar,transfer,forward,retrieval,direction,0.5,57,specimen_57,50,315,1.0,0.14779946661097954,0.01811052318006401
familiar,transfer,forward,retrieval,repeat,0.5,10,specimen_10,30,45,0.5,0.15814477953978387,0.15417799053436065
familiar,transfer,forward,retrieval,repeat,0.5,10,specimen_10,30,45,1.0,0.16295827477351293,0.22734110892511694
familiar,transfer,forward,retrieval,repeat,0.5,10,specimen_10,30,90,1.0,0.13746631985599797,0.25604561016045047
familiar,transfer,forward,retrieval,repeat,0.5,10,specimen_10,30,135,0.5,0.14063924771529848,0.090942772880508
familiar,transfer,forward,retrieval,repeat,0.5,10,specimen_10,30,135,1.0,0.11696285046254885,0.039006430681981064
familiar,transfer,forward,retrieval,repeat,0.5,10,specimen_10,30,180,0.5,0.12657175639660923,0.002271334107900591
familiar,transfer,forward,retrieval,repeat,0.5,10,specimen_10,30,180,1.0,0.1457026771789535,0.0730681744647581
familiar,transfer,forward,retrieval,repeat,0.5,10,specimen_10,30,225,0.5,0.15193865008163018,0.007295948986419054
familiar,transfer,forward,retrieval,repeat,0.5,10,specimen_10,30,225,1.0,0.13425677918012513,0.06172187240228144
familiar,transfer,forward,retrieval,repeat,0.5,10,specimen_10,30,270,0.5,0.1809469717089078,0.11908417598955601
familiar,transfer,forward,retrieval,repeat,0.5,10,specimen_10,30,270,1.0,0.11559615469177505,0.12912318176710058
familiar,transfer,forward,retrieval,repeat,0.5,10,specimen_10,30,315,0.5,0.189753979637341,0.18917368606831364
familiar,transfer,forward,retrieval,repeat,0.5,10,specimen_10,30,315,1.0,0.144177065452913,0.10315358854584422
familiar,transfer,forward,retrieval,repeat,0.5,10,specimen_10,50,45,0.5,0.13476911854742274,0.0015013928396667708
familiar,transfer,forward,retrieval,repeat,0.5,10,specimen_10,50,45,1.0,0.12266738932458791,0.05463982666838718
familiar,transfer,forward,retrieval,repeat,0.5,10,specimen_10,50,90,1.0,0.19609297404970483,0.24025017959802586
familiar,transfer,forward,retrieval,repeat,0.5,10,specimen_10,50,135,0.5,0.11249375396576666,0.25216627362866095
familiar,transfer,forward,retrieval,repeat,0.5,10,specimen_10,50,135,1.0,0.17816762079959925,0.24719415902626585
familiar,transfer,forward,retrieval,repeat,0.5,10,specimen_10,50,180,0.5,0.14061913636202342,0.16278187004562028
familiar,transfer,forward,retrieval,repeat,0.5,10,specimen_10,50,180,1.0,0.1605561790970864,0.1064976308304022
familiar,transfer,forward,retrieval,repeat,0.5,10,specimen_10,50,225,0.5,0.14644708317621008,0.0937297975962148
familiar,transfer,forward,retrieval,repeat,0.5,10,specimen_10,50,225,1.0,0.12060858807734881,0.0394101976380512
familiar,transfer,forward,retrieval,repeat,0.5,10,specimen_10,50,270,0.5,0.1775928917224491,0.2186939293592709
familiar,transfer,forward,retrieval,repeat,0.5,10,specimen_10,50,270,1.0,0.17301494280182372,0.042292126513637784
familiar,transfer,forward,retrieval,repeat,0.5,10,specimen_10,50,315,0.5,0.15849255099402582,0.00553029235515079
familiar,transfer,forward,retrieval,repeat,0.5,10,specimen_10,50,315,1.0,0.19040508100070105,0.22081479317388486
familiar,transfer,forward,retrieval,repeat,0.5,57,specimen_57,30,45,0.5,0.1235677008678876,0.030098910847219273
familiar,transfer,forward,retrieval,repeat,0.5,57,specimen_57,30,45,1.0,0.13218352120801372,0.06670312916811671
familiar,transfer,forward,retrieval,repeat,0.5,57,specimen_57,30,90,1.0,0.15322566128696022,0.3480473769725443
familiar,transfer,forward,retrieval,repeat,0.5,57,specimen_57,30,135,0.5,0.13472480095355394,0.0864309646879522
familiar,transfer,forward,retrieval,repeat,0.5,57,specimen_57,30,135,1.0,0.14148213948202737,0.037993823048112385
familiar,transfer,forward,retrieval,repeat,0.5,57,specimen_57,30,180,0.5,0.1607010848973682,0.02968361363901259
familiar,transfer,forward,retrieval,repeat,0.5,57,specimen_57,30,180,1.0,0.1615577960571997,0.0238820487422626
familiar,transfer,forward,retrieval,repeat,0.5,57,specimen_57,30,225,0.5,0.13513118018876336,0.06815184290586174
familiar,transfer,forward,retrieval,repeat,0.5,57,specimen_57,30,225,1.0,0.147293954487409,0.10714762924565047
familiar,transfer,forward,retrieval,repeat,0.5,57,specimen_57,30,270,0.5,0.13676343906100988,0.21203439028095739
familiar,transfer,forward,retrieval,repeat,0.5,57,specimen_57,30,270,1.0,0.12291631881059238,0.22098981340278523
familiar,transfer,forward,retrieval,repeat,0.5,57,specimen_57,30,315,0.5,0.13728294716990205,0.06932618793817036
familiar,transfer,forward,retrieval,repeat,0.5,57,specimen_57,30,315,1.0,0.15843577144456017,0.0009069289026827354
familiar,transfer,forward,retrieval,repeat,0.5,57,specimen_57,50,45,0.5,0.1261224167175237,0.1508735472063032
familiar,transfer,forward,retrieval,repeat,0.5,57,specimen_57,50,45,1.0,0.12183587569133829,0.2668986069101602
familiar,transfer,forward,retrieval,repeat,0.5,57,specimen_57,50,90,1.0,0.1427259531330561,0.04017489806981844
familiar,transfer,forward,retrieval,repeat,0.5,57,specimen_57,50,135,0.5,0.16101558325773024,0.0681590100287357
familiar,transfer,forward,retrieval,repeat,0.5,57,specimen_57,50,135,1.0,0.17067663227654262,0.08571618734166231
familiar,transfer,forward,retrieval,repeat,0.5,57,specimen_57,50,180,0.5,0.16358822841602888,0.00982117729397225
familiar,transfer,forward,retrieval,repeat,0.5,57,specimen_57,50,180,1.0,0.16190004677745698,0.009264799612387464
familiar,transfer,forward,retrieval,repeat,0.5,57,specimen_57,50,225,0.5,0.13784735410962404,0.1614066468108588
familiar,transfer,forward,retrieval,repeat,0.5,57,specimen_57,50,225,1.0,0.12310358471281911,0.18809714877968853
familiar,transfer,forward,retrieval,repeat,0.5,57,specimen_57,50,270,0.5,0.17596277484196468,0.20249434136687317
familiar,transfer,forward,retrieval,repeat,0.5,57,specimen_57,50,270,1.0,0.22433800820257502,0.15364169223452206
familiar,transfer,forward,retrieval,repeat,0.5,57,specimen_57,50,315,0.5,0.14824233161857978,0.03989222210342391
familiar,transfer,forward,retrieval,repeat,0.5,57,specimen_57,50,315,1.0,0.14779946661097954,0.01811052318006401
familiar,transfer,forward,retrieval,single,0.5,10,specimen_10,30,45,0.5,0.15814477953978387,0.15417799053436065
familiar,transfer,forward,retrieval,single,0.5,10,specimen_10,30,45,1.0,0.16295827477351293,0.22734110892511694
familiar,transfer,forward,retrieval,single,0.5,10,specimen_10,30,90,1.0,0.13746631985599797,0.25604561016045047
familiar,transfer,forward,retrieval,single,0.5,10,specimen_10,30,135,0.5,0.14063924771529848,0.090942772880508
familiar,transfer,forward,retrieval,single,0.5,10,specimen_10,30,135,1.0,0.11696285046254885,0.039006430681981064
familiar,transfer,forward,retrieval,single,0.5,10,specimen_10,30,180,0.5,0.12657175639660923,0.002271334107900591
familiar,transfer,forward,retrieval,single,0.5,10,specimen_10,30,180,1.0,0.1457026771789535,0.0730681744647581
familiar,transfer,forward,retrieval,single,0.5,10,specimen_10,30,225,0.5,0.15193865008163018,0.007295948986419054
familiar,transfer,forward,retrieval,single,0.5,10,specimen_10,30,225,1.0,0.13425677918012513,0.06172187240228144
familiar,transfer,forward,retrieval,single,0.5,10,specimen_10,30,270,0.5,0.1809469717089078,0.11908417598955601
familiar,transfer,forward,retrieval,single,0.5,10,specimen_10,30,270,1.0,0.11559615469177505,0.12912318176710058
familiar,transfer,forward,retrieval,single,0.5,10,specimen_10,30,315,0.5,0.189753979637341,0.18917368606831364
familiar,transfer,forward,retrieval,single,0.5,10,specimen_10,30,315,1.0,0.144177065452913,0.10315358854584422
familiar,transfer,forward,retrieval,single,0.5,10,specimen_10,50,45,0.5,0.13476911854742274,0.0015013928396667708
familiar,transfer,forward,retrieval,single,0.5,10,specimen_10,50,45,1.0,0.12266738932458791,0.05463982666838718
familiar,transfer,forward,retrieval,single,0.5,10,specimen_10,50,90,1.0,0.19609297404970483,0.24025017959802586
familiar,transfer,forward,retrieval,single,0.5,10,specimen_10,50,135,0.5,0.11249375396576666,0.25216627362866095
familiar,transfer,forward,retrieval,single,0.5,10,specimen_10,50,135,1.0,0.17816762079959925,0.24719415902626585
familiar,transfer,forward,retrieval,single,0.5,10,specimen_10,50,180,0.5,0.14061913636202342,0.16278187004562028
familiar,transfer,forward,retrieval,single,0.5,10,specimen_10,50,180,1.0,0.1605561790970864,0.1064976308304022
familiar,transfer,forward,retrieval,single,0.5,10,specimen_10,50,225,0.5,0.14644708317621008,0.0937297975962148
familiar,transfer,forward,retrieval,single,0.5,10,specimen_10,50,225,1.0,0.12060858807734881,0.0394101976380512
familiar,transfer,forward,retrieval,single,0.5,10,specimen_10,50,270,0.5,0.1775928917224491,0.2186939293592709
familiar,transfer,forward,retrieval,single,0.5,10,specimen_10,50,270,1.0,0.17301494280182372,0.042292126513637784
familiar,transfer,forward,retrieval,single,0.5,10,specimen_10,50,315,0.5,0.15849255099402582,0.00553029235515079
familiar,transfer,forward,retrieval,single,0.5,10,specimen_10,50,315,1.0,0.19040508100070105,0.22081479317388486
familiar,transfer,forward,retrieval,single,0.5,57,specimen_57,30,45,0.5,0.1235677008678876,0.030098910847219273
familiar,transfer,forward,retrieval,single,0.5,57,specimen_57,30,45,1.0,0.13218352120801372,0.06670312916811671
familiar,transfer,forward,retrieval,single,0.5,57,specimen_57,30,90,1.0,0.15322566128696022,0.3480473769725443
familiar,transfer,forward,retrieval,single,0.5,57,specimen_57,30,135,0.5,0.13472480095355394,0.0864309646879522
familiar,transfer,forward,retrieval,single,0.5,57,specimen_57,30,135,1.0,0.14148213948202737,0.037993823048112385
familiar,transfer,forward,retrieval,single,0.5,57,specimen_57,30,180,0.5,0.1607010848973682,0.02968361363901259
familiar,transfer,forward,retrieval,single,0.5,57,specimen_57,30,180,1.0,0.1615577960571997,0.0238820487422626
familiar,transfer,forward,retrieval,single,0.5,57,specimen_57,30,225,0.5,0.13513118018876336,0.06815184290586174
familiar,transfer,forward,retrieval,single,0.5,57,specimen_57,30,225,1.0,0.147293954487409,0.10714762924565047
familiar,transfer,forward,retrieval,single,0.5,57,specimen_57,30,270,0.5,0.13676343906100988,0.21203439028095739
familiar,transfer,forward,retrieval,single,0.5,57,specimen_57,30,270,1.0,0.12291631881059238,0.22098981340278523
familiar,transfer,forward,retrieval,single,0.5,57,specimen_57,30,315,0.5,0.13728294716990205,0.06932618793817036
familiar,transfer,forward,retrieval,single,0.5,57,specimen_57,30,315,1.0,0.15843577144456017,0.0009069289026827354
familiar,transfer,forward,retrieval,single,0.5,57,specimen_57,50,45,0.5,0.1261224167175237,0.1508735472063032
familiar,transfer,forward,retrieval,single,0.5,57,specimen_57,50,45,1.0,0.12183587569133829,0.2668986069101602
familiar,transfer,forward,retrieval,single,0.5,57,specimen_57,50,90,1.0,0.1427259531330561,0.04017489806981844
familiar,transfer,forward,retrieval,single,0.5,57,specimen_57,50,135,0.5,0.16101558325773024,0.0681590100287357
familiar,transfer,forward,retrieval,single,0.5,57,specimen_57,50,135,1.0,0.17067663227654262,0.08571618734166231
familiar,transfer,forward,retrieval,single,0.5,57,specimen_57,50,180,0.5,0.16358822841602888,0.00982117729397225
familiar,transfer,forward,retrieval,single,0.5,57,specimen_57,50,180,1.0,0.16190004677745698,0.009264799612387464
familiar,transfer,forward,retrieval,single,0.5,57,specimen_57,50,225,0.5,0.13784735410962404,0.1614066468108588
familiar,transfer,forward,retrieval,single,0.5,57,specimen_57,50,225,1.0,0.12310358471281911,0.18809714877968853
familiar,transfer,forward,retrieval,single,0.5,57,specimen_57,50,270,0.5,0.17596277484196468,0.20249434136687317
familiar,transfer,forward,retrieval,single,0.5,57,specimen_57,50,270,1.0,0.22433800820257502,0.15364169223452206
familiar,transfer,forward,retrieval,single,0.5,57,specimen_57,50,315,0.5,0.14824233161857978,0.03989222210342391
familiar,transfer,forward,retrieval,single,0.5,57,specimen_57,50,315,1.0,0.14779946661097954,0.01811052318006401
familiar,transfer,forward,speed_rescaling,direction,0.5,10,specimen_10,30,45,0.5,0.45880072473550615,0.3895517567953577
familiar,transfer,forward,speed_rescaling,direction,0.5,10,specimen_10,30,45,1.0,0.5030363936888178,0.31220405806070983
familiar,transfer,forward,speed_rescaling,direction,0.5,10,specimen_10,30,90,1.0,0.4239985243897358,0.8834357264188712
familiar,transfer,forward,speed_rescaling,direction,0.5,10,specimen_10,30,135,0.5,0.5124290885623072,1.0308148092458613
familiar,transfer,forward,speed_rescaling,direction,0.5,10,specimen_10,30,135,1.0,0.5027163180605086,1.4292640153852116
familiar,transfer,forward,speed_rescaling,direction,0.5,10,specimen_10,30,180,0.5,0.7660421957416151,1.4974059499008316
familiar,transfer,forward,speed_rescaling,direction,0.5,10,specimen_10,30,180,1.0,0.7585683373622816,1.812371324842201
familiar,transfer,forward,speed_rescaling,direction,0.5,10,specimen_10,30,225,0.5,0.4442227103729494,0.10687004356598861
familiar,transfer,forward,speed_rescaling,direction,0.5,10,specimen_10,30,225,1.0,0.4932359668511775,0.15438108105788861
familiar,transfer,forward,speed_rescaling,direction,0.5,10,specimen_10,30,270,0.5,0.7168220895296374,0.7629667651394267
familiar,transfer,forward,speed_rescaling,direction,0.5,10,specimen_10,30,270,1.0,0.6814274773863896,0.1984308340615889
familiar,transfer,forward,speed_rescaling,direction,0.5,10,specimen_10,30,315,0.5,0.446512553839471,0.2472065911534762
familiar,transfer,forward,speed_rescaling,direction,0.5,10,specimen_10,30,315,1.0,0.4782063899103322,0.02804113238320638
familiar,transfer,forward,speed_rescaling,direction,0.5,10,specimen_10,50,45,0.5,0.6467343587453872,1.357748150863876
familiar,transfer,forward,speed_rescaling,direction,0.5,10,specimen_10,50,45,1.0,0.6608382724985482,1.083342890893747
familiar,transfer,forward,speed_rescaling,direction,0.5,10,specimen_10,50,90,1.0,0.4512243935787829,0.4882449542950775
familiar,transfer,forward,speed_rescaling,direction,0.5,10,specimen_10,50,135,0.5,0.6572136982181878,0.24113066319059762
familiar,transfer,forward,speed_rescaling,direction,0.5,10,specimen_10,50,135,1.0,0.6448267736181496,1.013126992663198
familiar,transfer,forward,speed_rescaling,direction,0.5,10,specimen_10,50,180,0.5,0.8355651532644233,1.2473690380162996
familiar,transfer,forward,speed_rescaling,direction,0.5,10,specimen_10,50,180,1.0,0.801324871638368,1.651985280040386
familiar,transfer,forward,speed_rescaling,direction,0.5,10,specimen_10,50,225,0.5,0.6070882405289004,1.0262742434201328
familiar,transfer,forward,speed_rescaling,direction,0.5,10,specimen_10,50,225,1.0,0.5821622657717231,0.7771025660102338
familiar,transfer,forward,speed_rescaling,direction,0.5,10,specimen_10,50,270,0.5,0.7636348818565658,1.2149490218403765
familiar,transfer,forward,speed_rescaling,direction,0.5,10,specimen_10,50,270,1.0,0.8099654460513768,0.8684517541301888
familiar,transfer,forward,speed_rescaling,direction,0.5,10,specimen_10,50,315,0.5,0.6012569568348547,0.8066447827834502
familiar,transfer,forward,speed_rescaling,direction,0.5,10,specimen_10,50,315,1.0,0.5962819996924179,0.5040224141782859
familiar,transfer,forward,speed_rescaling,direction,0.5,57,specimen_57,30,45,0.5,0.5020471947310455,0.5327219167127952
familiar,transfer,forward,speed_rescaling,direction,0.5,57,specimen_57,30,45,1.0,0.45268868119777417,0.4250979696156765
familiar,transfer,forward,speed_rescaling,direction,0.5,57,specimen_57,30,90,1.0,0.48856146203604783,0.633174007765039
familiar,transfer,forward,speed_rescaling,direction,0.5,57,specimen_57,30,135,0.5,0.5408035461687711,1.1233173135089607
familiar,transfer,forward,speed_rescaling,direction,0.5,57,specimen_57,30,135,1.0,0.5943862919705863,1.5289023881987682
familiar,transfer,forward,speed_rescaling,direction,0.5,57,specimen_57,30,180,0.5,0.7091733504374624,1.605624936972456
familiar,transfer,forward,speed_rescaling,direction,0.5,57,specimen_57,30,180,1.0,0.7901352039119754,1.9945889959097898
familiar,transfer,forward,speed_rescaling,direction,0.5,57,specimen_57,30,225,0.5,0.4745515717910591,0.5469636524354236
familiar,transfer,forward,speed_rescaling,direction,0.5,57,specimen_57,30,225,1.0,0.44918141851010773,0.41326361597580663
familiar,transfer,forward,speed_rescaling,direction,0.5,57,specimen_57,30,270,0.5,0.5942255245552541,2.2513649160769114
familiar,transfer,forward,speed_rescaling,direction,0.5,57,specimen_57,30,270,1.0,0.5061928736389835,1.8473513743374703
familiar,transfer,forward,speed_rescaling,direction,0.5,57,specimen_57,30,315,0.5,0.45532268286856464,0.4297127485609096
familiar,transfer,forward,speed_rescaling,direction,0.5,57,specimen_57,30,315,1.0,0.41850803299161415,0.354176966862522
familiar,transfer,forward,speed_rescaling,direction,0.5,57,specimen_57,50,45,0.5,0.7807776918464514,2.263313068790395
familiar,transfer,forward,speed_rescaling,direction,0.5,57,specimen_57,50,45,1.0,0.7151736664078187,1.9430268624956932
familiar,transfer,forward,speed_rescaling,direction,0.5,57,specimen_57,50,90,1.0,0.4575205237191555,0.14837622755373037
familiar,transfer,forward,speed_rescaling,direction,0.5,57,specimen_57,50,135,0.5,0.677092844672031,0.22801798110780203
familiar,transfer,forward,speed_rescaling,direction,0.5,57,specimen_57,50,135,1.0,0.7374255651838265,0.44497493237402796
familiar,transfer,forward,speed_rescaling,direction,0.5,57,specimen_57,50,180,0.5,0.9663416365394234,1.4813833175687572
familiar,transfer,forward,speed_rescaling,direction,0.5,57,specimen_57,50,180,1.0,1.0055831780112143,1.9047607665985233
familiar,transfer,forward,speed_rescaling,direction,0.5,57,specimen_57,50,225,0.5,0.7049291373266034,1.660302680746431
familiar,transfer,forward,speed_rescaling,direction,0.5,57,specimen_57,50,225,1.0,0.6745741011549341,1.3849434905847295
familiar,transfer,forward,speed_rescaling,direction,0.5,57,specimen_57,50,270,0.5,0.8262556391511563,2.0914183215873643
familiar,transfer,forward,speed_rescaling,direction,0.5,57,specimen_57,50,270,1.0,0.671320618848901,1.7732356611395574
familiar,transfer,forward,speed_rescaling,direction,0.5,57,specimen_57,50,315,0.5,0.7317954296569492,1.5403035062426378
familiar,transfer,forward,speed_rescaling,direction,0.5,57,specimen_57,50,315,1.0,0.6432567186765739,1.3926859868442873
familiar,transfer,forward,speed_rescaling,repeat,0.5,10,specimen_10,30,45,0.5,0.45880072473550615,0.3895517567953577
familiar,transfer,forward,speed_rescaling,repeat,0.5,10,specimen_10,30,45,1.0,0.5030363936888178,0.31220405806070983
familiar,transfer,forward,speed_rescaling,repeat,0.5,10,specimen_10,30,90,1.0,0.6407209676280433,0.7104520892570824
familiar,transfer,forward,speed_rescaling,repeat,0.5,10,specimen_10,30,135,0.5,0.469106465546233,0.2785763153114721
familiar,transfer,forward,speed_rescaling,repeat,0.5,10,specimen_10,30,135,1.0,0.47904732754617335,0.16462380029074197
familiar,transfer,forward,speed_rescaling,repeat,0.5,10,specimen_10,30,180,0.5,0.3109712621507208,0.18801482534349806
familiar,transfer,forward,speed_rescaling,repeat,0.5,10,specimen_10,30,180,1.0,0.32550926708234945,0.21848350916624748
familiar,transfer,forward,speed_rescaling,repeat,0.5,10,specimen_10,30,225,0.5,0.4442227103729494,0.10687004356598861
familiar,transfer,forward,speed_rescaling,repeat,0.5,10,specimen_10,30,225,1.0,0.4932359668511775,0.15438108105788861
familiar,transfer,forward,speed_rescaling,repeat,0.5,10,specimen_10,30,270,0.5,0.7168220895296374,0.7629667651394267
familiar,transfer,forward,speed_rescaling,repeat,0.5,10,specimen_10,30,270,1.0,0.6814274773863896,0.1984308340615889
familiar,transfer,forward,speed_rescaling,repeat,0.5,10,specimen_10,30,315,0.5,0.446512553839471,0.2472065911534762
familiar,transfer,forward,speed_rescaling,repeat,0.5,10,specimen_10,30,315,1.0,0.4782063899103322,0.02804113238320638
familiar,transfer,forward,speed_rescaling,repeat,0.5,10,specimen_10,50,45,0.5,0.6467343587453872,1.357748150863876
familiar,transfer,forward,speed_rescaling,repeat,0.5,10,specimen_10,50,45,1.0,0.6608382724985482,1.083342890893747
familiar,transfer,forward,speed_rescaling,repeat,0.5,10,specimen_10,50,90,1.0,0.8207251589341188,1.4033813608932737
familiar,transfer,forward,speed_rescaling,repeat,0.5,10,specimen_10,50,135,0.5,0.7001744949121447,1.7951162597467132
familiar,transfer,forward,speed_rescaling,repeat,0.5,10,specimen_10,50,135,1.0,0.6177968747769672,0.8784993225251532
familiar,transfer,forward,speed_rescaling,repeat,0.5,10,specimen_10,50,180,0.5,0.40647475681260187,0.30661655853981595
familiar,transfer,forward,speed_rescaling,repeat,0.5,10,specimen_10,50,180,1.0,0.3337276891766388,0.2396410351479652
familiar,transfer,forward,speed_rescaling,repeat,0.5,10,specimen_10,50,225,0.5,0.6070882405289004,1.0262742434201328
familiar,transfer,forward,speed_rescaling,repeat,0.5,10,specimen_10,50,225,1.0,0.5821622657717231,0.7771025660102338
familiar,transfer,forward,speed_rescaling,repeat,0.5,10,specimen_10,50,270,0.5,0.7636348818565658,1.2149490218403765
familiar,transfer,forward,speed_rescaling,repeat,0.5,10,specimen_10,50,270,1.0,0.8099654460513768,0.8684517541301888
familiar,transfer,forward,speed_rescaling,repeat,0.5,10,specimen_10,50,315,0.5,0.6012569568348547,0.8066447827834502
familiar,transfer,forward,speed_rescaling,repeat,0.5,10,specimen_10,50,315,1.0,0.5962819996924179,0.5040224141782859
familiar,transfer,forward,speed_rescaling,repeat,0.5,57,specimen_57,30,45,0.5,0.5020471947310455,0.5327219167127952
familiar,transfer,forward,speed_rescaling,repeat,0.5,57,specimen_57,30,45,1.0,0.45268868119777417,0.4250979696156765
familiar,transfer,forward,speed_rescaling,repeat,0.5,57,specimen_57,30,90,1.0,0.5907685777779786,1.288864260190913
familiar,transfer,forward,speed_rescaling,repeat,0.5,57,specimen_57,30,135,0.5,0.47215796452040754,0.45565193662848624
familiar,transfer,forward,speed_rescaling,repeat,0.5,57,specimen_57,30,135,1.0,0.45294526434996757,0.3931358797571838
familiar,transfer,forward,speed_rescaling,repeat,0.5,57,specimen_57,30,180,0.5,0.3284929000754357,0.02665568683500899
familiar,transfer,forward,speed_rescaling,repeat,0.5,57,specimen_57,30,180,1.0,0.3186267535508303,0.07255072795383782
familiar,transfer,forward,speed_rescaling,repeat,0.5,57,specimen_57,30,225,0.5,0.4745515717910591,0.5469636524354236
familiar,transfer,forward,speed_rescaling,repeat,0.5,57,specimen_57,30,225,1.0,0.44918141851010773,0.41326361597580663
familiar,transfer,forward,speed_rescaling,repeat,0.5,57,specimen_57,30,270,0.5,0.5942255245552541,2.2513649160769114
familiar,transfer,forward,speed_rescaling,repeat,0.5,57,specimen_57,30,270,1.0,0.5061928736389835,1.8473513743374703
familiar,transfer,forward,speed_rescaling,repeat,0.5,57,specimen_57,30,315,0.5,0.45532268286856464,0.4297127485609096
familiar,transfer,forward,speed_rescaling,repeat,0.5,57,specimen_57,30,315,1.0,0.41850803299161415,0.354176966862522
familiar,transfer,forward,speed_rescaling,repeat,0.5,57,specimen_57,50,45,0.5,0.7807776918464514,2.263313068790395
familiar,transfer,forward,speed_rescaling,repeat,0.5,57,specimen_57,50,45,1.0,0.7151736664078187,1.9430268624956932
familiar,transfer,forward,speed_rescaling,repeat,0.5,57,specimen_57,50,90,1.0,0.791155800109372,2.417709182918255
familiar,transfer,forward,speed_rescaling,repeat,0.5,57,specimen_57,50,135,0.5,0.7703574632792035,2.092292493526739
familiar,transfer,forward,speed_rescaling,repeat,0.5,57,specimen_57,50,135,1.0,0.7123013658944669,1.8243580229904968
familiar,transfer,forward,speed_rescaling,repeat,0.5,57,specimen_57,50,180,0.5,0.37384893801374375,0.38289119485017997
familiar,transfer,forward,speed_rescaling,repeat,0.5,57,specimen_57,50,180,1.0,0.3935906235395637,0.3645721887660013
familiar,transfer,forward,speed_rescaling,repeat,0.5,57,specimen_57,50,225,0.5,0.7049291373266034,1.660302680746431
familiar,transfer,forward,speed_rescaling,repeat,0.5,57,specimen_57,50,225,1.0,0.6745741011549341,1.3849434905847295
familiar,transfer,forward,speed_rescaling,repeat,0.5,57,specimen_57,50,270,0.5,0.8262556391511563,2.0914183215873643
familiar,transfer,forward,speed_rescaling,repeat,0.5,57,specimen_57,50,270,1.0,0.671320618848901,1.7732356611395574
familiar,transfer,forward,speed_rescaling,repeat,0.5,57,specimen_57,50,315,0.5,0.7317954296569492,1.5403035062426378
familiar,transfer,forward,speed_rescaling,repeat,0.5,57,specimen_57,50,315,1.0,0.6432567186765739,1.3926859868442873
familiar,transfer,forward,speed_rescaling,single,0.5,10,specimen_10,30,45,0.5,0.45880072473550615,0.3895517567953577
familiar,transfer,forward,speed_rescaling,single,0.5,10,specimen_10,30,45,1.0,0.5030363936888178,0.31220405806070983
familiar,transfer,forward,speed_rescaling,single,0.5,10,specimen_10,30,90,1.0,0.6407209676280433,0.7104520892570824
familiar,transfer,forward,speed_rescaling,single,0.5,10,specimen_10,30,135,0.5,0.469106465546233,0.2785763153114721
familiar,transfer,forward,speed_rescaling,single,0.5,10,specimen_10,30,135,1.0,0.47904732754617335,0.16462380029074197
familiar,transfer,forward,speed_rescaling,single,0.5,10,specimen_10,30,180,0.5,0.3109712621507208,0.18801482534349806
familiar,transfer,forward,speed_rescaling,single,0.5,10,specimen_10,30,180,1.0,0.32550926708234945,0.21848350916624748
familiar,transfer,forward,speed_rescaling,single,0.5,10,specimen_10,30,225,0.5,0.4442227103729494,0.10687004356598861
familiar,transfer,forward,speed_rescaling,single,0.5,10,specimen_10,30,225,1.0,0.4932359668511775,0.15438108105788861
familiar,transfer,forward,speed_rescaling,single,0.5,10,specimen_10,30,270,0.5,0.7168220895296374,0.7629667651394267
familiar,transfer,forward,speed_rescaling,single,0.5,10,specimen_10,30,270,1.0,0.6814274773863896,0.1984308340615889
familiar,transfer,forward,speed_rescaling,single,0.5,10,specimen_10,30,315,0.5,0.446512553839471,0.2472065911534762
familiar,transfer,forward,speed_rescaling,single,0.5,10,specimen_10,30,315,1.0,0.4782063899103322,0.02804113238320638
familiar,transfer,forward,speed_rescaling,single,0.5,10,specimen_10,50,45,0.5,0.6467343587453872,1.357748150863876
familiar,transfer,forward,speed_rescaling,single,0.5,10,specimen_10,50,45,1.0,0.6608382724985482,1.083342890893747
familiar,transfer,forward,speed_rescaling,single,0.5,10,specimen_10,50,90,1.0,0.8207251589341188,1.4033813608932737
familiar,transfer,forward,speed_rescaling,single,0.5,10,specimen_10,50,135,0.5,0.7001744949121447,1.7951162597467132
familiar,transfer,forward,speed_rescaling,single,0.5,10,specimen_10,50,135,1.0,0.6177968747769672,0.8784993225251532
familiar,transfer,forward,speed_rescaling,single,0.5,10,specimen_10,50,180,0.5,0.40647475681260187,0.30661655853981595
familiar,transfer,forward,speed_rescaling,single,0.5,10,specimen_10,50,180,1.0,0.3337276891766388,0.2396410351479652
familiar,transfer,forward,speed_rescaling,single,0.5,10,specimen_10,50,225,0.5,0.6070882405289004,1.0262742434201328
familiar,transfer,forward,speed_rescaling,single,0.5,10,specimen_10,50,225,1.0,0.5821622657717231,0.7771025660102338
familiar,transfer,forward,speed_rescaling,single,0.5,10,specimen_10,50,270,0.5,0.7636348818565658,1.2149490218403765
familiar,transfer,forward,speed_rescaling,single,0.5,10,specimen_10,50,270,1.0,0.8099654460513768,0.8684517541301888
familiar,transfer,forward,speed_rescaling,single,0.5,10,specimen_10,50,315,0.5,0.6012569568348547,0.8066447827834502
familiar,transfer,forward,speed_rescaling,single,0.5,10,specimen_10,50,315,1.0,0.5962819996924179,0.5040224141782859
familiar,transfer,forward,speed_rescaling,single,0.5,57,specimen_57,30,45,0.5,0.5020471947310455,0.5327219167127952
familiar,transfer,forward,speed_rescaling,single,0.5,57,specimen_57,30,45,1.0,0.45268868119777417,0.4250979696156765
familiar,transfer,forward,speed_rescaling,single,0.5,57,specimen_57,30,90,1.0,0.5907685777779786,1.288864260190913
familiar,transfer,forward,speed_rescaling,single,0.5,57,specimen_57,30,135,0.5,0.47215796452040754,0.45565193662848624
familiar,transfer,forward,speed_rescaling,single,0.5,57,specimen_57,30,135,1.0,0.45294526434996757,0.3931358797571838
familiar,transfer,forward,speed_rescaling,single,0.5,57,specimen_57,30,180,0.5,0.3284929000754357,0.02665568683500899
familiar,transfer,forward,speed_rescaling,single,0.5,57,specimen_57,30,180,1.0,0.3186267535508303,0.07255072795383782
familiar,transfer,forward,speed_rescaling,single,0.5,57,specimen_57,30,225,0.5,0.4745515717910591,0.5469636524354236
familiar,transfer,forward,speed_rescaling,single,0.5,57,specimen_57,30,225,1.0,0.44918141851010773,0.41326361597580663
familiar,transfer,forward,speed_rescaling,single,0.5,57,specimen_57,30,270,0.5,0.5942255245552541,2.2513649160769114
familiar,transfer,forward,speed_rescaling,single,0.5,57,specimen_57,30,270,1.0,0.5061928736389835,1.8473513743374703
familiar,transfer,forward,speed_rescaling,single,0.5,57,specimen_57,30,315,0.5,0.45532268286856464,0.4297127485609096
familiar,transfer,forward,speed_rescaling,single,0.5,57,specimen_57,30,315,1.0,0.41850803299161415,0.354176966862522
familiar,transfer,forward,speed_rescaling,single,0.5,57,specimen_57,50,45,0.5,0.7807776918464514,2.263313068790395
familiar,transfer,forward,speed_rescaling,single,0.5,57,specimen_57,50,45,1.0,0.7151736664078187,1.9430268624956932
familiar,transfer,forward,speed_rescaling,single,0.5,57,specimen_57,50,90,1.0,0.791155800109372,2.417709182918255
familiar,transfer,forward,speed_rescaling,single,0.5,57,specimen_57,50,135,0.5,0.7703574632792035,2.092292493526739
familiar,transfer,forward,speed_rescaling,single,0.5,57,specimen_57,50,135,1.0,0.7123013658944669,1.8243580229904968
familiar,transfer,forward,speed_rescaling,single,0.5,57,specimen_57,50,180,0.5,0.37384893801374375,0.38289119485017997
familiar,transfer,forward,speed_rescaling,single,0.5,57,specimen_57,50,180,1.0,0.3935906235395637,0.3645721887660013
familiar,transfer,forward,speed_rescaling,single,0.5,57,specimen_57,50,225,0.5,0.7049291373266034,1.660302680746431
familiar,transfer,forward,speed_rescaling,single,0.5,57,specimen_57,50,225,1.0,0.6745741011549341,1.3849434905847295
familiar,transfer,forward,speed_rescaling,single,0.5,57,specimen_57,50,270,0.5,0.8262556391511563,2.0914183215873643
familiar,transfer,forward,speed_rescaling,single,0.5,57,specimen_57,50,270,1.0,0.671320618848901,1.7732356611395574
familiar,transfer,forward,speed_rescaling,single,0.5,57,specimen_57,50,315,0.5,0.7317954296569492,1.5403035062426378
familiar,transfer,forward,speed_rescaling,single,0.5,57,specimen_57,50,315,1.0,0.6432567186765739,1.3926859868442873
familiar,transfer,reverse,conditions_only,direction,0.5,10,specimen_10,30,45,0.5,0.19669836404447952,0.2999137324630059
familiar,transfer,reverse,conditions_only,direction,0.5,10,specimen_10,30,45,1.0,0.2179903820380766,0.4293590403677463
familiar,transfer,reverse,conditions_only,direction,0.5,10,specimen_10,30,90,1.0,0.3397260204438956,0.7168952764131177
familiar,transfer,reverse,conditions_only,direction,0.5,10,specimen_10,30,135,0.5,0.24632091493946476,0.39820037708519496
familiar,transfer,reverse,conditions_only,direction,0.5,10,specimen_10,30,135,1.0,0.23854135705808033,0.4116185365913282
familiar,transfer,reverse,conditions_only,direction,0.5,10,specimen_10,30,180,0.5,0.3482138039355751,0.03357784595599772
familiar,transfer,reverse,conditions_only,direction,0.5,10,specimen_10,30,180,1.0,0.35503785756109174,0.029553952520916305
familiar,transfer,reverse,conditions_only,direction,0.5,10,specimen_10,30,225,0.5,0.19762713536052337,0.20285119055242645
familiar,transfer,reverse,conditions_only,direction,0.5,10,specimen_10,30,225,1.0,0.23902376252384885,0.24682426308322714
familiar,transfer,reverse,conditions_only,direction,0.5,10,specimen_10,30,270,0.5,0.3401031872748376,0.9590201139399992
familiar,transfer,reverse,conditions_only,direction,0.5,10,specimen_10,30,270,1.0,0.29905169041371216,0.5480833341478591
familiar,transfer,reverse,conditions_only,direction,0.5,10,specimen_10,30,315,0.5,0.23765954725483995,0.19818102057675424
familiar,transfer,reverse,conditions_only,direction,0.5,10,specimen_10,30,315,1.0,0.23939666991147232,0.15041347079293232
familiar,transfer,reverse,conditions_only,direction,0.5,10,specimen_10,50,45,0.5,0.31409095262225356,1.1693681567152556
familiar,transfer,reverse,conditions_only,direction,0.5,10,specimen_10,50,45,1.0,0.34908367043686733,1.1110080857786535
familiar,transfer,reverse,conditions_only,direction,0.5,10,specimen_10,50,90,1.0,0.39756317014336845,1.093274417699602
familiar,transfer,reverse,conditions_only,direction,0.5,10,specimen_10,50,135,0.5,0.469146866899851,1.8120059504347545
familiar,transfer,reverse,conditions_only,direction,0.5,10,specimen_10,50,135,1.0,0.46919891128326147,1.2455885675152694
familiar,transfer,reverse,conditions_only,direction,0.5,10,specimen_10,50,180,0.5,0.43653421994164204,0.2503206758676956
familiar,transfer,reverse,conditions_only,direction,0.5,10,specimen_10,50,180,1.0,0.464598643188811,0.3066911037012945
familiar,transfer,reverse,conditions_only,direction,0.5,10,specimen_10,50,225,0.5,0.31642792840264783,1.0939174620430197
familiar,transfer,reverse,conditions_only,direction,0.5,10,specimen_10,50,225,1.0,0.37356620778933114,1.0240132526936563
familiar,transfer,reverse,conditions_only,direction,0.5,10,specimen_10,50,270,0.5,0.3719350519750691,1.3449767723235415
familiar,transfer,reverse,conditions_only,direction,0.5,10,specimen_10,50,270,1.0,0.39192661281953173,0.9908973668865437
familiar,transfer,reverse,conditions_only,direction,0.5,10,specimen_10,50,315,0.5,0.4038000944696291,0.6720366874690166
familiar,transfer,reverse,conditions_only,direction,0.5,10,specimen_10,50,315,1.0,0.41538532600860006,0.5434179346077161
familiar,transfer,reverse,conditions_only,direction,0.5,57,specimen_57,30,45,0.5,0.40632585176227715,0.17649902785561233
familiar,transfer,reverse,conditions_only,direction,0.5,57,specimen_57,30,45,1.0,0.44833263128210726,0.09252530763433986
familiar,transfer,reverse,conditions_only,direction,0.5,57,specimen_57,30,90,1.0,0.46820017748763565,0.8451942857240488
familiar,transfer,reverse,conditions_only,direction,0.5,57,specimen_57,30,135,0.5,0.4303510008194995,0.2300068785871241
familiar,transfer,reverse,conditions_only,direction,0.5,57,specimen_57,30,135,1.0,0.3640798004971197,0.2355240080901314
familiar,transfer,reverse,conditions_only,direction,0.5,57,specimen_57,30,180,0.5,0.526147094052571,0.23184248452931333
familiar,transfer,reverse,conditions_only,direction,0.5,57,specimen_57,30,180,1.0,0.45554862440097293,0.22308405571423137
familiar,transfer,reverse,conditions_only,direction,0.5,57,specimen_57,30,225,0.5,0.35310317066965435,0.26485001845991346
familiar,transfer,reverse,conditions_only,direction,0.5,57,specimen_57,30,225,1.0,0.39681442772407904,0.26216794524569786
familiar,transfer,reverse,conditions_only,direction,0.5,57,specimen_57,30,270,0.5,0.3816634042229749,1.9388842379766535
familiar,transfer,reverse,conditions_only,direction,0.5,57,specimen_57,30,270,1.0,0.4193163685762586,1.6251495540052119
familiar,transfer,reverse,conditions_only,direction,0.5,57,specimen_57,30,315,0.5,0.3936331489888882,0.0445936114580171
familiar,transfer,reverse,conditions_only,direction,0.5,57,specimen_57,30,315,1.0,0.39697923607984037,0.09336631049846911
familiar,transfer,reverse,conditions_only,direction,0.5,57,specimen_57,50,45,0.5,0.40623622034158124,1.7670726859879589
familiar,transfer,reverse,conditions_only,direction,0.5,57,specimen_57,50,45,1.0,0.38176204680120795,1.44669756868693
familiar,transfer,reverse,conditions_only,direction,0.5,57,specimen_57,50,90,1.0,0.3927626111664034,1.9815552631487714
familiar,transfer,reverse,conditions_only,direction,0.5,57,specimen_57,50,135,0.5,0.40447782649812164,1.7686583778225184
familiar,transfer,reverse,conditions_only,direction,0.5,57,specimen_57,50,135,1.0,0.41738227628820407,1.4911080169351947
familiar,transfer,reverse,conditions_only,direction,0.5,57,specimen_57,50,180,0.5,0.5973758245130337,0.09544196483795886
familiar,transfer,reverse,conditions_only,direction,0.5,57,specimen_57,50,180,1.0,0.5238434403096416,0.12505616596985136
familiar,transfer,reverse,conditions_only,direction,0.5,57,specimen_57,50,225,0.5,0.415405378083236,1.2377977085376735
familiar,transfer,reverse,conditions_only,direction,0.5,57,specimen_57,50,225,1.0,0.4829980724845974,1.0871124727962385
familiar,transfer,reverse,conditions_only,direction,0.5,57,specimen_57,50,270,0.5,0.3743864537289035,1.723232169698997
familiar,transfer,reverse,conditions_only,direction,0.5,57,specimen_57,50,270,1.0,0.3180887936269056,1.3479978926264269
familiar,transfer,reverse,conditions_only,direction,0.5,57,specimen_57,50,315,0.5,0.3617656747134535,1.0877840654863804
familiar,transfer,reverse,conditions_only,direction,0.5,57,specimen_57,50,315,1.0,0.3818800907833686,1.0082731993793033
familiar,transfer,reverse,conditions_only,repeat,0.5,10,specimen_10,30,45,0.5,0.19669836404447952,0.2999137324630059
familiar,transfer,reverse,conditions_only,repeat,0.5,10,specimen_10,30,45,1.0,0.2179903820380766,0.4293590403677463
familiar,transfer,reverse,conditions_only,repeat,0.5,10,specimen_10,30,90,1.0,0.3397260204438956,0.7168952764131177
familiar,transfer,reverse,conditions_only,repeat,0.5,10,specimen_10,30,135,0.5,0.24632091493946476,0.39820037708519496
familiar,transfer,reverse,conditions_only,repeat,0.5,10,specimen_10,30,135,1.0,0.23854135705808033,0.4116185365913282
familiar,transfer,reverse,conditions_only,repeat,0.5,10,specimen_10,30,180,0.5,0.3482138039355751,0.03357784595599772
familiar,transfer,reverse,conditions_only,repeat,0.5,10,specimen_10,30,180,1.0,0.35503785756109174,0.029553952520916305
familiar,transfer,reverse,conditions_only,repeat,0.5,10,specimen_10,30,225,0.5,0.19762713536052337,0.20285119055242645
familiar,transfer,reverse,conditions_only,repeat,0.5,10,specimen_10,30,225,1.0,0.23902376252384885,0.24682426308322714
familiar,transfer,reverse,conditions_only,repeat,0.5,10,specimen_10,30,270,0.5,0.3401031872748376,0.9590201139399992
familiar,transfer,reverse,conditions_only,repeat,0.5,10,specimen_10,30,270,1.0,0.29905169041371216,0.5480833341478591
familiar,transfer,reverse,conditions_only,repeat,0.5,10,specimen_10,30,315,0.5,0.23765954725483995,0.19818102057675424
familiar,transfer,reverse,conditions_only,repeat,0.5,10,specimen_10,30,315,1.0,0.23939666991147232,0.15041347079293232
familiar,transfer,reverse,conditions_only,repeat,0.5,10,specimen_10,50,45,0.5,0.31409095262225356,1.1693681567152556
familiar,transfer,reverse,conditions_only,repeat,0.5,10,specimen_10,50,45,1.0,0.34908367043686733,1.1110080857786535
familiar,transfer,reverse,conditions_only,repeat,0.5,10,specimen_10,50,90,1.0,0.39756317014336845,1.093274417699602
familiar,transfer,reverse,conditions_only,repeat,0.5,10,specimen_10,50,135,0.5,0.469146866899851,1.8120059504347545
familiar,transfer,reverse,conditions_only,repeat,0.5,10,specimen_10,50,135,1.0,0.46919891128326147,1.2455885675152694
familiar,transfer,reverse,conditions_only,repeat,0.5,10,specimen_10,50,180,0.5,0.43653421994164204,0.2503206758676956
familiar,transfer,reverse,conditions_only,repeat,0.5,10,specimen_10,50,180,1.0,0.464598643188811,0.3066911037012945
familiar,transfer,reverse,conditions_only,repeat,0.5,10,specimen_10,50,225,0.5,0.31642792840264783,1.0939174620430197
familiar,transfer,reverse,conditions_only,repeat,0.5,10,specimen_10,50,225,1.0,0.37356620778933114,1.0240132526936563
familiar,transfer,reverse,conditions_only,repeat,0.5,10,specimen_10,50,270,0.5,0.3719350519750691,1.3449767723235415
familiar,transfer,reverse,conditions_only,repeat,0.5,10,specimen_10,50,270,1.0,0.39192661281953173,0.9908973668865437
familiar,transfer,reverse,conditions_only,repeat,0.5,10,specimen_10,50,315,0.5,0.4038000944696291,0.6720366874690166
familiar,transfer,reverse,conditions_only,repeat,0.5,10,specimen_10,50,315,1.0,0.41538532600860006,0.5434179346077161
familiar,transfer,reverse,conditions_only,repeat,0.5,57,specimen_57,30,45,0.5,0.40632585176227715,0.17649902785561233
familiar,transfer,reverse,conditions_only,repeat,0.5,57,specimen_57,30,45,1.0,0.44833263128210726,0.09252530763433986
familiar,transfer,reverse,conditions_only,repeat,0.5,57,specimen_57,30,90,1.0,0.46820017748763565,0.8451942857240488
familiar,transfer,reverse,conditions_only,repeat,0.5,57,specimen_57,30,135,0.5,0.4303510008194995,0.2300068785871241
familiar,transfer,reverse,conditions_only,repeat,0.5,57,specimen_57,30,135,1.0,0.3640798004971197,0.2355240080901314
familiar,transfer,reverse,conditions_only,repeat,0.5,57,specimen_57,30,180,0.5,0.526147094052571,0.23184248452931333
familiar,transfer,reverse,conditions_only,repeat,0.5,57,specimen_57,30,180,1.0,0.45554862440097293,0.22308405571423137
familiar,transfer,reverse,conditions_only,repeat,0.5,57,specimen_57,30,225,0.5,0.35310317066965435,0.26485001845991346
familiar,transfer,reverse,conditions_only,repeat,0.5,57,specimen_57,30,225,1.0,0.39681442772407904,0.26216794524569786
familiar,transfer,reverse,conditions_only,repeat,0.5,57,specimen_57,30,270,0.5,0.3816634042229749,1.9388842379766535
familiar,transfer,reverse,conditions_only,repeat,0.5,57,specimen_57,30,270,1.0,0.4193163685762586,1.6251495540052119
familiar,transfer,reverse,conditions_only,repeat,0.5,57,specimen_57,30,315,0.5,0.3936331489888882,0.0445936114580171
familiar,transfer,reverse,conditions_only,repeat,0.5,57,specimen_57,30,315,1.0,0.39697923607984037,0.09336631049846911
familiar,transfer,reverse,conditions_only,repeat,0.5,57,specimen_57,50,45,0.5,0.40623622034158124,1.7670726859879589
familiar,transfer,reverse,conditions_only,repeat,0.5,57,specimen_57,50,45,1.0,0.38176204680120795,1.44669756868693
familiar,transfer,reverse,conditions_only,repeat,0.5,57,specimen_57,50,90,1.0,0.3927626111664034,1.9815552631487714
familiar,transfer,reverse,conditions_only,repeat,0.5,57,specimen_57,50,135,0.5,0.40447782649812164,1.7686583778225184
familiar,transfer,reverse,conditions_only,repeat,0.5,57,specimen_57,50,135,1.0,0.41738227628820407,1.4911080169351947
familiar,transfer,reverse,conditions_only,repeat,0.5,57,specimen_57,50,180,0.5,0.5973758245130337,0.09544196483795886
familiar,transfer,reverse,conditions_only,repeat,0.5,57,specimen_57,50,180,1.0,0.5238434403096416,0.12505616596985136
familiar,transfer,reverse,conditions_only,repeat,0.5,57,specimen_57,50,225,0.5,0.415405378083236,1.2377977085376735
familiar,transfer,reverse,conditions_only,repeat,0.5,57,specimen_57,50,225,1.0,0.4829980724845974,1.0871124727962385
familiar,transfer,reverse,conditions_only,repeat,0.5,57,specimen_57,50,270,0.5,0.3743864537289035,1.723232169698997
familiar,transfer,reverse,conditions_only,repeat,0.5,57,specimen_57,50,270,1.0,0.3180887936269056,1.3479978926264269
familiar,transfer,reverse,conditions_only,repeat,0.5,57,specimen_57,50,315,0.5,0.3617656747134535,1.0877840654863804
familiar,transfer,reverse,conditions_only,repeat,0.5,57,specimen_57,50,315,1.0,0.3818800907833686,1.0082731993793033
familiar,transfer,reverse,conditions_only,single,0.5,10,specimen_10,30,45,0.5,0.19669836404447952,0.2999137324630059
familiar,transfer,reverse,conditions_only,single,0.5,10,specimen_10,30,45,1.0,0.2179903820380766,0.4293590403677463
familiar,transfer,reverse,conditions_only,single,0.5,10,specimen_10,30,90,1.0,0.3397260204438956,0.7168952764131177
familiar,transfer,reverse,conditions_only,single,0.5,10,specimen_10,30,135,0.5,0.24632091493946476,0.39820037708519496
familiar,transfer,reverse,conditions_only,single,0.5,10,specimen_10,30,135,1.0,0.23854135705808033,0.4116185365913282
familiar,transfer,reverse,conditions_only,single,0.5,10,specimen_10,30,180,0.5,0.3482138039355751,0.03357784595599772
familiar,transfer,reverse,conditions_only,single,0.5,10,specimen_10,30,180,1.0,0.35503785756109174,0.029553952520916305
familiar,transfer,reverse,conditions_only,single,0.5,10,specimen_10,30,225,0.5,0.19762713536052337,0.20285119055242645
familiar,transfer,reverse,conditions_only,single,0.5,10,specimen_10,30,225,1.0,0.23902376252384885,0.24682426308322714
familiar,transfer,reverse,conditions_only,single,0.5,10,specimen_10,30,270,0.5,0.3401031872748376,0.9590201139399992
familiar,transfer,reverse,conditions_only,single,0.5,10,specimen_10,30,270,1.0,0.29905169041371216,0.5480833341478591
familiar,transfer,reverse,conditions_only,single,0.5,10,specimen_10,30,315,0.5,0.23765954725483995,0.19818102057675424
familiar,transfer,reverse,conditions_only,single,0.5,10,specimen_10,30,315,1.0,0.23939666991147232,0.15041347079293232
familiar,transfer,reverse,conditions_only,single,0.5,10,specimen_10,50,45,0.5,0.31409095262225356,1.1693681567152556
familiar,transfer,reverse,conditions_only,single,0.5,10,specimen_10,50,45,1.0,0.34908367043686733,1.1110080857786535
familiar,transfer,reverse,conditions_only,single,0.5,10,specimen_10,50,90,1.0,0.39756317014336845,1.093274417699602
familiar,transfer,reverse,conditions_only,single,0.5,10,specimen_10,50,135,0.5,0.469146866899851,1.8120059504347545
familiar,transfer,reverse,conditions_only,single,0.5,10,specimen_10,50,135,1.0,0.46919891128326147,1.2455885675152694
familiar,transfer,reverse,conditions_only,single,0.5,10,specimen_10,50,180,0.5,0.43653421994164204,0.2503206758676956
familiar,transfer,reverse,conditions_only,single,0.5,10,specimen_10,50,180,1.0,0.464598643188811,0.3066911037012945
familiar,transfer,reverse,conditions_only,single,0.5,10,specimen_10,50,225,0.5,0.31642792840264783,1.0939174620430197
familiar,transfer,reverse,conditions_only,single,0.5,10,specimen_10,50,225,1.0,0.37356620778933114,1.0240132526936563
familiar,transfer,reverse,conditions_only,single,0.5,10,specimen_10,50,270,0.5,0.3719350519750691,1.3449767723235415
familiar,transfer,reverse,conditions_only,single,0.5,10,specimen_10,50,270,1.0,0.39192661281953173,0.9908973668865437
familiar,transfer,reverse,conditions_only,single,0.5,10,specimen_10,50,315,0.5,0.4038000944696291,0.6720366874690166
familiar,transfer,reverse,conditions_only,single,0.5,10,specimen_10,50,315,1.0,0.41538532600860006,0.5434179346077161
familiar,transfer,reverse,conditions_only,single,0.5,57,specimen_57,30,45,0.5,0.40632585176227715,0.17649902785561233
familiar,transfer,reverse,conditions_only,single,0.5,57,specimen_57,30,45,1.0,0.44833263128210726,0.09252530763433986
familiar,transfer,reverse,conditions_only,single,0.5,57,specimen_57,30,90,1.0,0.46820017748763565,0.8451942857240488
familiar,transfer,reverse,conditions_only,single,0.5,57,specimen_57,30,135,0.5,0.4303510008194995,0.2300068785871241
familiar,transfer,reverse,conditions_only,single,0.5,57,specimen_57,30,135,1.0,0.3640798004971197,0.2355240080901314
familiar,transfer,reverse,conditions_only,single,0.5,57,specimen_57,30,180,0.5,0.526147094052571,0.23184248452931333
familiar,transfer,reverse,conditions_only,single,0.5,57,specimen_57,30,180,1.0,0.45554862440097293,0.22308405571423137
familiar,transfer,reverse,conditions_only,single,0.5,57,specimen_57,30,225,0.5,0.35310317066965435,0.26485001845991346
familiar,transfer,reverse,conditions_only,single,0.5,57,specimen_57,30,225,1.0,0.39681442772407904,0.26216794524569786
familiar,transfer,reverse,conditions_only,single,0.5,57,specimen_57,30,270,0.5,0.3816634042229749,1.9388842379766535
familiar,transfer,reverse,conditions_only,single,0.5,57,specimen_57,30,270,1.0,0.4193163685762586,1.6251495540052119
familiar,transfer,reverse,conditions_only,single,0.5,57,specimen_57,30,315,0.5,0.3936331489888882,0.0445936114580171
familiar,transfer,reverse,conditions_only,single,0.5,57,specimen_57,30,315,1.0,0.39697923607984037,0.09336631049846911
familiar,transfer,reverse,conditions_only,single,0.5,57,specimen_57,50,45,0.5,0.40623622034158124,1.7670726859879589
familiar,transfer,reverse,conditions_only,single,0.5,57,specimen_57,50,45,1.0,0.38176204680120795,1.44669756868693
familiar,transfer,reverse,conditions_only,single,0.5,57,specimen_57,50,90,1.0,0.3927626111664034,1.9815552631487714
familiar,transfer,reverse,conditions_only,single,0.5,57,specimen_57,50,135,0.5,0.40447782649812164,1.7686583778225184
familiar,transfer,reverse,conditions_only,single,0.5,57,specimen_57,50,135,1.0,0.41738227628820407,1.4911080169351947
familiar,transfer,reverse,conditions_only,single,0.5,57,specimen_57,50,180,0.5,0.5973758245130337,0.09544196483795886
familiar,transfer,reverse,conditions_only,single,0.5,57,specimen_57,50,180,1.0,0.5238434403096416,0.12505616596985136
familiar,transfer,reverse,conditions_only,single,0.5,57,specimen_57,50,225,0.5,0.415405378083236,1.2377977085376735
familiar,transfer,reverse,conditions_only,single,0.5,57,specimen_57,50,225,1.0,0.4829980724845974,1.0871124727962385
familiar,transfer,reverse,conditions_only,single,0.5,57,specimen_57,50,270,0.5,0.3743864537289035,1.723232169698997
familiar,transfer,reverse,conditions_only,single,0.5,57,specimen_57,50,270,1.0,0.3180887936269056,1.3479978926264269
familiar,transfer,reverse,conditions_only,single,0.5,57,specimen_57,50,315,0.5,0.3617656747134535,1.0877840654863804
familiar,transfer,reverse,conditions_only,single,0.5,57,specimen_57,50,315,1.0,0.3818800907833686,1.0082731993793033
familiar,transfer,reverse,copy,direction,0.5,10,specimen_10,30,45,0.5,0.5447076223124163,0.6410183504733994
familiar,transfer,reverse,copy,direction,0.5,10,specimen_10,30,45,1.0,0.4448723098218155,0.5012659907718313
familiar,transfer,reverse,copy,direction,0.5,10,specimen_10,30,90,1.0,0.5240708176691175,0.26948796396439145
familiar,transfer,reverse,copy,direction,0.5,10,specimen_10,30,135,0.5,0.4040493844077416,0.6706056453899715
familiar,transfer,reverse,copy,direction,0.5,10,specimen_10,30,135,1.0,0.38347561452171613,0.6450786640019357
familiar,transfer,reverse,copy,direction,0.5,10,specimen_10,30,180,0.5,0.6380650760127897,1.1488882417785415
familiar,transfer,reverse,copy,direction,0.5,10,specimen_10,30,180,1.0,0.611102457853698,1.1339609477158539
familiar,transfer,reverse,copy,direction,0.5,10,specimen_10,30,225,0.5,0.6499977713552573,0.9127750286372084
familiar,transfer,reverse,copy,direction,0.5,10,specimen_10,30,225,1.0,0.5224572630383166,0.8590927308885656
familiar,transfer,reverse,copy,direction,0.5,10,specimen_10,30,270,0.5,0.6785801278097517,0.10716648369397941
familiar,transfer,reverse,copy,direction,0.5,10,specimen_10,30,270,1.0,0.5774270070002928,0.5089723225474332
familiar,transfer,reverse,copy,direction,0.5,10,specimen_10,30,315,0.5,0.45509191910033303,0.7923682288753705
familiar,transfer,reverse,copy,direction,0.5,10,specimen_10,30,315,1.0,0.44094362729737896,0.83131616335178
familiar,transfer,reverse,copy,direction,0.5,10,specimen_10,50,45,0.5,0.2942018535172927,0.412654019690736
familiar,transfer,reverse,copy,direction,0.5,10,specimen_10,50,45,1.0,0.2670862978960268,0.37040877931028726
familiar,transfer,reverse,copy,direction,0.5,10,specimen_10,50,90,1.0,0.45037171832184847,0.2829407445201626
familiar,transfer,reverse,copy,direction,0.5,10,specimen_10,50,135,0.5,0.31674619635075857,0.8955030272353
familiar,transfer,reverse,copy,direction,0.5,10,specimen_10,50,135,1.0,0.34119677090929384,0.3470731253058592
familiar,transfer,reverse,copy,direction,0.5,10,specimen_10,50,180,0.5,0.5669091025850954,0.7244407298531599
familiar,transfer,reverse,copy,direction,0.5,10,specimen_10,50,180,1.0,0.5193398150232772,0.65168615201672
familiar,transfer,reverse,copy,direction,0.5,10,specimen_10,50,225,0.5,0.41500837318998673,0.11996102612411064
familiar,transfer,reverse,copy,direction,0.5,10,specimen_10,50,225,1.0,0.3821892573635683,0.06506843626692294
familiar,transfer,reverse,copy,direction,0.5,10,specimen_10,50,270,0.5,0.5101236933332198,0.4348450837280895
familiar,transfer,reverse,copy,direction,0.5,10,specimen_10,50,270,1.0,0.4529229494150624,0.09535665154563766
familiar,transfer,reverse,copy,direction,0.5,10,specimen_10,50,315,0.5,0.3213372871050306,0.14346473039425112
familiar,transfer,reverse,copy,direction,0.5,10,specimen_10,50,315,1.0,0.3305037071736692,0.25765331849553674
familiar,transfer,reverse,copy,direction,0.5,57,specimen_57,30,45,0.5,0.49866522945218233,0.6558051861284899
familiar,transfer,reverse,copy,direction,0.5,57,specimen_57,30,45,1.0,0.533378086747847,0.7294718545529347
familiar,transfer,reverse,copy,direction,0.5,57,specimen_57,30,90,1.0,0.5393232217956453,0.032561085701157344
familiar,transfer,reverse,copy,direction,0.5,57,specimen_57,30,135,0.5,0.5749979601036916,0.7301712749357393
familiar,transfer,reverse,copy,direction,0.5,57,specimen_57,30,135,1.0,0.4842089894483645,0.7125453235508294
familiar,transfer,reverse,copy,direction,0.5,57,specimen_57,30,180,0.5,0.7822096712094876,1.238525011399554
familiar,transfer,reverse,copy,direction,0.5,57,specimen_57,30,180,1.0,0.7016993538573871,1.2188631819568658
familiar,transfer,reverse,copy,direction,0.5,57,specimen_57,30,225,0.5,0.5878235765536374,0.7421483317774183
familiar,transfer,reverse,copy,direction,0.5,57,specimen_57,30,225,1.0,0.5865469130717026,0.7351211797737919
familiar,transfer,reverse,copy,direction,0.5,57,specimen_57,30,270,0.5,0.576773023150789,0.981325509294978
familiar,transfer,reverse,copy,direction,0.5,57,specimen_57,30,270,1.0,0.608636337492221,0.6767217662622225
familiar,transfer,reverse,copy,direction,0.5,57,specimen_57,30,315,0.5,0.5826147588490519,0.8373277690418046
familiar,transfer,reverse,copy,direction,0.5,57,specimen_57,30,315,1.0,0.5577075396074894,0.7797354546939402
familiar,transfer,reverse,copy,direction,0.5,57,specimen_57,50,45,0.5,0.33347891711134797,1.1189864179157423
familiar,transfer,reverse,copy,direction,0.5,57,specimen_57,50,45,1.0,0.3153653094775386,0.8147261311708667
familiar,transfer,reverse,copy,direction,0.5,57,specimen_57,50,90,1.0,0.4725151396348373,1.2798494589216352
familiar,transfer,reverse,copy,direction,0.5,57,specimen_57,50,135,0.5,0.3262342536918437,0.9607833235753669
familiar,transfer,reverse,copy,direction,0.5,57,specimen_57,50,135,1.0,0.3514369869079556,0.7012204436780876
familiar,transfer,reverse,copy,direction,0.5,57,specimen_57,50,180,0.5,0.7232822828730576,0.7706915719305936
familiar,transfer,reverse,copy,direction,0.5,57,specimen_57,50,180,1.0,0.6380825990584257,0.7246932207958601
familiar,transfer,reverse,copy,direction,0.5,57,specimen_57,50,225,0.5,0.40877211336854186,0.3724691415710675
familiar,transfer,reverse,copy,direction,0.5,57,specimen_57,50,225,1.0,0.48054861184641084,0.23679552532180814
familiar,transfer,reverse,copy,direction,0.5,57,specimen_57,50,270,0.5,0.4867891288158546,0.921728350055848
familiar,transfer,reverse,copy,direction,0.5,57,specimen_57,50,270,1.0,0.4349434933104066,0.5610850462378238
familiar,transfer,reverse,copy,direction,0.5,57,specimen_57,50,315,0.5,0.3395761860694099,0.38091051657541586
familiar,transfer,reverse,copy,direction,0.5,57,specimen_57,50,315,1.0,0.3326135711489717,0.3158298152283534
familiar,transfer,reverse,copy,repeat,0.5,10,specimen_10,30,45,0.5,0.6281066683962564,0.18631282408495276
familiar,transfer,reverse,copy,repeat,0.5,10,specimen_10,30,45,1.0,0.5684747526571564,0.32606518378652083
familiar,transfer,reverse,copy,repeat,0.5,10,specimen_10,30,90,1.0,0.713530385660642,0.5578432105939607
familiar,transfer,reverse,copy,repeat,0.5,10,specimen_10,30,135,0.5,0.5434929036846773,0.15672552916838067
familiar,transfer,reverse,copy,repeat,0.5,10,specimen_10,30,135,1.0,0.5131981520323018,0.18225251055641645
familiar,transfer,reverse,copy,repeat,0.5,10,specimen_10,30,180,0.5,0.3800878852583069,0.3215570672201893
familiar,transfer,reverse,copy,repeat,0.5,10,specimen_10,30,180,1.0,0.3527732190052821,0.3066297731575016
familiar,transfer,reverse,copy,repeat,0.5,10,specimen_10,30,225,0.5,0.6128190907980748,0.08544385407885624
familiar,transfer,reverse,copy,repeat,0.5,10,specimen_10,30,225,1.0,0.512800898360814,0.03176155633021349
familiar,transfer,reverse,copy,repeat,0.5,10,specimen_10,30,270,0.5,0.8309707171404335,0.7201646908643727
familiar,transfer,reverse,copy,repeat,0.5,10,specimen_10,30,270,1.0,0.7579420972424876,0.31835885201091896
familiar,transfer,reverse,copy,repeat,0.5,10,specimen_10,30,315,0.5,0.5376994449911853,0.03496294568298164
familiar,transfer,reverse,copy,repeat,0.5,10,specimen_10,30,315,1.0,0.5220048625216922,0.003984988793427902
familiar,transfer,reverse,copy,repeat,0.5,10,specimen_10,50,45,0.5,0.5127683465405845,1.2399851942490883
familiar,transfer,reverse,copy,repeat,0.5,10,specimen_10,50,45,1.0,0.4898356929621994,1.1977399538686395
familiar,transfer,reverse,copy,repeat,0.5,10,specimen_10,50,90,1.0,0.7273883196422205,1.1102719190785146
familiar,transfer,reverse,copy,repeat,0.5,10,specimen_10,50,135,0.5,0.5610326941194491,1.7228342017936522
familiar,transfer,reverse,copy,repeat,0.5,10,specimen_10,50,135,1.0,0.559263773858823,1.1744042998642112
familiar,transfer,reverse,copy,repeat,0.5,10,specimen_10,50,180,0.5,0.36176643055086205,0.10289044470519226
familiar,transfer,reverse,copy,repeat,0.5,10,specimen_10,50,180,1.0,0.32744381137781603,0.17564502254163217
familiar,transfer,reverse,copy,repeat,0.5,10,specimen_10,50,225,0.5,0.5207584606493528,0.9472922006824628
familiar,transfer,reverse,copy,repeat,0.5,10,specimen_10,50,225,1.0,0.4621079044494223,0.8923996108252751
familiar,transfer,reverse,copy,repeat,0.5,10,specimen_10,50,270,0.5,0.7354217799291298,1.2621762582864418
familiar,transfer,reverse,copy,repeat,0.5,10,specimen_10,50,270,1.0,0.6932453446158141,0.9226878261039898
familiar,transfer,reverse,copy,repeat,0.5,10,specimen_10,50,315,0.5,0.49146425154023654,0.683866444164101
familiar,transfer,reverse,copy,repeat,0.5,10,specimen_10,50,315,1.0,0.5124284197874038,0.5696778560628154
familiar,transfer,reverse,copy,repeat,0.5,57,specimen_57,30,45,0.5,0.4386889023988034,0.5100270450048094
familiar,transfer,reverse,copy,repeat,0.5,57,specimen_57,30,45,1.0,0.41381795456385273,0.4363603765803647
familiar,transfer,reverse,copy,repeat,0.5,57,specimen_57,30,90,1.0,0.6233755666621152,1.133271145432142
familiar,transfer,reverse,copy,repeat,0.5,57,specimen_57,30,135,0.5,0.43847644379537815,0.4356609561975601
familiar,transfer,reverse,copy,repeat,0.5,57,specimen_57,30,135,1.0,0.47581160655380456,0.45328690758247
familiar,transfer,reverse,copy,repeat,0.5,57,specimen_57,30,180,0.5,0.2851778979733448,0.07269278026625459
familiar,transfer,reverse,copy,repeat,0.5,57,specimen_57,30,180,1.0,0.27626235398673743,0.053030950823566375
familiar,transfer,reverse,copy,repeat,0.5,57,specimen_57,30,225,0.5,0.4189177794893433,0.4236838993558811
familiar,transfer,reverse,copy,repeat,0.5,57,specimen_57,30,225,1.0,0.4008240141943659,0.43071105135950755
familiar,transfer,reverse,copy,repeat,0.5,57,specimen_57,30,270,0.5,0.6131227019255208,2.1471577404282773
familiar,transfer,reverse,copy,repeat,0.5,57,specimen_57,30,270,1.0,0.6160025919877308,1.8425539973955218
familiar,transfer,reverse,copy,repeat,0.5,57,specimen_57,30,315,0.5,0.368812197549659,0.3285044620914948
familiar,transfer,reverse,copy,repeat,0.5,57,specimen_57,30,315,1.0,0.41142503608355097,0.3860967764393592
familiar,transfer,reverse,copy,repeat,0.5,57,specimen_57,50,45,0.5,0.7434876474343791,2.2848186490490416
familiar,transfer,reverse,copy,repeat,0.5,57,specimen_57,50,45,1.0,0.7628295929266283,1.980558362304166
familiar,transfer,reverse,copy,repeat,0.5,57,specimen_57,50,90,1.0,0.902917903611069,2.4456816900549345
familiar,transfer,reverse,copy,repeat,0.5,57,specimen_57,50,135,0.5,0.7714938532001449,2.1266155547086663
familiar,transfer,reverse,copy,repeat,0.5,57,specimen_57,50,135,1.0,0.7486923525881236,1.867052674811387
familiar,transfer,reverse,copy,repeat,0.5,57,specimen_57,50,180,0.5,0.366161940261082,0.39514065920270586
familiar,transfer,reverse,copy,repeat,0.5,57,specimen_57,50,180,1.0,0.38252876047957846,0.44113901033743935
familiar,transfer,reverse,copy,repeat,0.5,57,specimen_57,50,225,0.5,0.6182017659479886,1.5383013727043668
familiar,transfer,reverse,copy,repeat,0.5,57,specimen_57,50,225,1.0,0.5734058933583307,1.4026277564551075
familiar,transfer,reverse,copy,repeat,0.5,57,specimen_57,50,270,0.5,0.8212517156705834,2.0875605811891473
familiar,transfer,reverse,copy,repeat,0.5,57,specimen_57,50,270,1.0,0.7585951437733615,1.7269172773711232
familiar,transfer,reverse,copy,repeat,0.5,57,specimen_57,50,315,0.5,0.6470128734157491,1.5467427477087152
familiar,transfer,reverse,copy,repeat,0.5,57,specimen_57,50,315,1.0,0.6340237912616214,1.4816620463616528
familiar,transfer,reverse,copy,single,0.5,10,specimen_10,30,45,0.5,0.6390409676894849,0.13792320576238748
familiar,transfer,reverse,copy,single,0.5,10,specimen_10,30,45,1.0,0.5864927570443204,0.27767556546395555
familiar,transfer,reverse,copy,single,0.5,10,specimen_10,30,90,1.0,0.7333417831698812,0.5094535922713954
familiar,transfer,reverse,copy,single,0.5,10,specimen_10,30,135,0.5,0.5547830393212615,0.1083359108458154
familiar,transfer,reverse,copy,single,0.5,10,specimen_10,30,135,1.0,0.5322777746475101,0.13386289223385117
familiar,transfer,reverse,copy,single,0.5,10,specimen_10,30,180,0.5,0.40326569225698644,0.36994668554275456
familiar,transfer,reverse,copy,single,0.5,10,specimen_10,30,180,1.0,0.3810593873024409,0.3550193914800669
familiar,transfer,reverse,copy,single,0.5,10,specimen_10,30,225,0.5,0.6308393734895845,0.13383347240142152
familiar,transfer,reverse,copy,single,0.5,10,specimen_10,30,225,1.0,0.5285007828203211,0.08015117465277877
familiar,transfer,reverse,copy,single,0.5,10,specimen_10,30,270,0.5,0.8518417678112659,0.6717750725418075
familiar,transfer,reverse,copy,single,0.5,10,specimen_10,30,270,1.0,0.7807821194760148,0.2699692336883537
familiar,transfer,reverse,copy,single,0.5,10,specimen_10,30,315,0.5,0.552627922890559,0.013426672639583637
familiar,transfer,reverse,copy,single,0.5,10,specimen_10,30,315,1.0,0.5395031611816185,0.05237460711599318
familiar,transfer,reverse,copy,single,0.5,10,specimen_10,50,45,0.5,0.5210753557634958,1.1915955759265229
familiar,transfer,reverse,copy,single,0.5,10,specimen_10,50,45,1.0,0.4916962824853714,1.1493503355460741
familiar,transfer,reverse,copy,single,0.5,10,specimen_10,50,90,1.0,0.7487680899113922,1.0618823007559495
familiar,transfer,reverse,copy,single,0.5,10,specimen_10,50,135,0.5,0.5569045578715409,1.6744445834710868
familiar,transfer,reverse,copy,single,0.5,10,specimen_10,50,135,1.0,0.5620776404593731,1.126014681541646
familiar,transfer,reverse,copy,single,0.5,10,specimen_10,50,180,0.5,0.3717863186280274,0.05450082638262699
familiar,transfer,reverse,copy,single,0.5,10,specimen_10,50,180,1.0,0.3288258624200238,0.1272554042190669
familiar,transfer,reverse,copy,single,0.5,10,specimen_10,50,225,0.5,0.5348050198532207,0.8989025823598975
familiar,transfer,reverse,copy,single,0.5,10,specimen_10,50,225,1.0,0.4761130045873809,0.8440099925027098
familiar,transfer,reverse,copy,single,0.5,10,specimen_10,50,270,0.5,0.7562788997253417,1.2137866399638764
familiar,transfer,reverse,copy,single,0.5,10,specimen_10,50,270,1.0,0.7142037115454074,0.8742982077814245
familiar,transfer,reverse,copy,single,0.5,10,specimen_10,50,315,0.5,0.4990910552530736,0.6354768258415358
familiar,transfer,reverse,copy,single,0.5,10,specimen_10,50,315,1.0,0.5104220499315216,0.5212882377402501
familiar,transfer,reverse,copy,single,0.5,57,specimen_57,30,45,0.5,0.4474419461852883,0.5026434817214644
familiar,transfer,reverse,copy,single,0.5,57,specimen_57,30,45,1.0,0.4109527898713062,0.42897681329701964
familiar,transfer,reverse,copy,single,0.5,57,specimen_57,30,90,1.0,0.6218385556618454,1.125887582148797
familiar,transfer,reverse,copy,single,0.5,57,specimen_57,30,135,0.5,0.4306525164139028,0.42827739291421507
familiar,transfer,reverse,copy,single,0.5,57,specimen_57,30,135,1.0,0.469930777795545,0.4459033442991249
familiar,transfer,reverse,copy,single,0.5,57,specimen_57,30,180,0.5,0.2928489835325829,0.08007634354959964
familiar,transfer,reverse,copy,single,0.5,57,specimen_57,30,180,1.0,0.2861769998494183,0.06041451410691143
familiar,transfer,reverse,copy,single,0.5,57,specimen_57,30,225,0.5,0.41958877350107815,0.416300336072536
familiar,transfer,reverse,copy,single,0.5,57,specimen_57,30,225,1.0,0.3939847984271891,0.4233274880761625
familiar,transfer,reverse,copy,single,0.5,57,specimen_57,30,270,0.5,0.6092285607528164,2.1397741771449326
familiar,transfer,reverse,copy,single,0.5,57,specimen_57,30,270,1.0,0.6164653722864214,1.8351704341121768
familiar,transfer,reverse,copy,single,0.5,57,specimen_57,30,315,0.5,0.36695744532515856,0.32112089880814976
familiar,transfer,reverse,copy,single,0.5,57,specimen_57,30,315,1.0,0.4175250570090372,0.37871321315601414
familiar,transfer,reverse,copy,single,0.5,57,specimen_57,50,45,0.5,0.7373200799485947,2.2774350857656964
familiar,transfer,reverse,copy,single,0.5,57,specimen_57,50,45,1.0,0.7594737527558947,1.973174799020821
familiar,transfer,reverse,copy,single,0.5,57,specimen_57,50,90,1.0,0.9007666267739373,2.4382981267715893
familiar,transfer,reverse,copy,single,0.5,57,specimen_57,50,135,0.5,0.772864573750498,2.1192319914253215
familiar,transfer,reverse,copy,single,0.5,57,specimen_57,50,135,1.0,0.7489666769185294,1.859669111528042
familiar,transfer,reverse,copy,single,0.5,57,specimen_57,50,180,0.5,0.37506492828253973,0.3877570959193608
familiar,transfer,reverse,copy,single,0.5,57,specimen_57,50,180,1.0,0.402090823750288,0.4337554470540943
familiar,transfer,reverse,copy,single,0.5,57,specimen_57,50,225,0.5,0.6184835707673019,1.5309178094210218
familiar,transfer,reverse,copy,single,0.5,57,specimen_57,50,225,1.0,0.5720819893287279,1.3952441931717625
familiar,transfer,reverse,copy,single,0.5,57,specimen_57,50,270,0.5,0.8243013444203918,2.080177017905802
familiar,transfer,reverse,copy,single,0.5,57,specimen_57,50,270,1.0,0.7628611119206773,1.7195337140877782
familiar,transfer,reverse,copy,single,0.5,57,specimen_57,50,315,0.5,0.6481787838325482,1.5393591844253702
familiar,transfer,reverse,copy,single,0.5,57,specimen_57,50,315,1.0,0.6280515930185575,1.4742784830783078
familiar,transfer,reverse,encoder,direction,0.5,10,specimen_10,30,45,0.5,0.26007649302482605,0.2529620581101605
familiar,transfer,reverse,encoder,direction,0.5,10,specimen_10,30,45,1.0,0.23199805617332458,0.3785903033858046
familiar,transfer,reverse,encoder,direction,0.5,10,specimen_10,30,90,1.0,0.3487565219402313,0.6104936888309506
familiar,transfer,reverse,encoder,direction,0.5,10,specimen_10,30,135,0.5,0.19065475463867188,0.2727602168931274
familiar,transfer,reverse,encoder,direction,0.5,10,specimen_10,30,135,1.0,0.20391983290513357,0.28636619237699396
familiar,transfer,reverse,encoder,direction,0.5,10,specimen_10,30,180,0.5,0.3544575373331706,0.1397689068555108
familiar,transfer,reverse,encoder,direction,0.5,10,specimen_10,30,180,1.0,0.3465241988499959,0.13546334377098523
familiar,transfer,reverse,encoder,direction,0.5,10,specimen_10,30,225,0.5,0.23701933523019156,0.1098756770335358
familiar,transfer,reverse,encoder,direction,0.5,10,specimen_10,30,225,1.0,0.20443095266819,0.1562212988703646
familiar,transfer,reverse,encoder,direction,0.5,10,specimen_10,30,270,0.5,0.3893349270025889,0.8833145842562341
familiar,transfer,reverse,encoder,direction,0.5,10,specimen_10,30,270,1.0,0.32064488530158997,0.470954479058691
familiar,transfer,reverse,encoder,direction,0.5,10,specimen_10,30,315,0.5,0.20457997421423593,0.15937669594080192
familiar,transfer,reverse,encoder,direction,0.5,10,specimen_10,30,315,1.0,0.22983877857526144,0.1134819047152928
familiar,transfer,reverse,encoder,direction,0.5,10,specimen_10,50,45,0.5,0.3144482970237732,1.1000319546320692
familiar,transfer,reverse,encoder,direction,0.5,10,specimen_10,50,45,1.0,0.32827837268511456,1.026955308776448
familiar,transfer,reverse,encoder,direction,0.5,10,specimen_10,50,90,1.0,0.4124404887358348,0.9013112130601915
familiar,transfer,reverse,encoder,direction,0.5,10,specimen_10,50,135,0.5,0.3341866036256154,1.6372489354706243
familiar,transfer,reverse,encoder,direction,0.5,10,specimen_10,50,135,1.0,0.34192708134651184,1.0522277964386872
familiar,transfer,reverse,encoder,direction,0.5,10,specimen_10,50,180,0.5,0.4181734124819438,0.12566521734856825
familiar,transfer,reverse,encoder,direction,0.5,10,specimen_10,50,180,1.0,0.4445653557777405,0.17319668134921432
familiar,transfer,reverse,encoder,direction,0.5,10,specimen_10,50,225,0.5,0.2938237488269806,0.9915456939604314
familiar,transfer,reverse,encoder,direction,0.5,10,specimen_10,50,225,1.0,0.30794646342595416,0.9173457303410705
familiar,transfer,reverse,encoder,direction,0.5,10,specimen_10,50,270,0.5,0.35694124301274616,1.265724501053221
familiar,transfer,reverse,encoder,direction,0.5,10,specimen_10,50,270,1.0,0.34957600633303326,0.9029080185026667
familiar,transfer,reverse,encoder,direction,0.5,10,specimen_10,50,315,0.5,0.2978885769844055,0.6418443847938261
familiar,transfer,reverse,encoder,direction,0.5,10,specimen_10,50,315,1.0,0.3111475855112076,0.5033450661683906
familiar,transfer,reverse,encoder,direction,0.5,57,specimen_57,30,45,0.5,0.28455743193626404,0.28578511684045016
familiar,transfer,reverse,encoder,direction,0.5,57,specimen_57,30,45,1.0,0.30048562089602154,0.20002685022547387
familiar,transfer,reverse,encoder,direction,0.5,57,specimen_57,30,90,1.0,0.3620135486125946,0.8959843207055349
familiar,transfer,reverse,encoder,direction,0.5,57,specimen_57,30,135,0.5,0.32547452052434284,0.2576949561454735
familiar,transfer,reverse,encoder,direction,0.5,57,specimen_57,30,135,1.0,0.2590094457070033,0.26845770638647576
familiar,transfer,reverse,encoder,direction,0.5,57,specimen_57,30,180,0.5,0.40988468130429584,0.20725166685521348
familiar,transfer,reverse,encoder,direction,0.5,57,specimen_57,30,180,1.0,0.34629566470781964,0.19292127053047659
familiar,transfer,reverse,encoder,direction,0.5,57,specimen_57,30,225,0.5,0.28052108983198804,0.2920054221444211
familiar,transfer,reverse,encoder,direction,0.5,57,specimen_57,30,225,1.0,0.29959945877393085,0.2918387970325931
familiar,transfer,reverse,encoder,direction,0.5,57,specimen_57,30,270,0.5,0.34831034143765766,1.984678230274367
familiar,transfer,reverse,encoder,direction,0.5,57,specimen_57,30,270,1.0,0.35782185196876526,1.675317047839269
familiar,transfer,reverse,encoder,direction,0.5,57,specimen_57,30,315,0.5,0.3144554893175761,0.14199481841033393
familiar,transfer,reverse,encoder,direction,0.5,57,specimen_57,30,315,1.0,0.2885775864124298,0.19598578928616664
familiar,transfer,reverse,encoder,direction,0.5,57,specimen_57,50,45,0.5,0.40893539786338806,1.9279812492039035
familiar,transfer,reverse,encoder,direction,0.5,57,specimen_57,50,45,1.0,0.3783070147037506,1.5978538384228962
familiar,transfer,reverse,encoder,direction,0.5,57,specimen_57,50,90,1.0,0.4236098329226176,2.044151258610891
familiar,transfer,reverse,encoder,direction,0.5,57,specimen_57,50,135,0.5,0.4019601345062256,1.8250118025617013
familiar,transfer,reverse,encoder,direction,0.5,57,specimen_57,50,135,1.0,0.39800551533699036,1.548307010656267
familiar,transfer,reverse,encoder,direction,0.5,57,specimen_57,50,180,0.5,0.5241526464621226,0.1605067762637952
familiar,transfer,reverse,encoder,direction,0.5,57,specimen_57,50,180,1.0,0.430026779572169,0.19497616241462945
familiar,transfer,reverse,encoder,direction,0.5,57,specimen_57,50,225,0.5,0.41117237011591595,1.3062265188701188
familiar,transfer,reverse,encoder,direction,0.5,57,specimen_57,50,225,1.0,0.4418247143427531,1.1560062577914463
familiar,transfer,reverse,encoder,direction,0.5,57,specimen_57,50,270,0.5,0.3990609844525655,1.8025997968130065
familiar,transfer,reverse,encoder,direction,0.5,57,specimen_57,50,270,1.0,0.35176316897074383,1.42681403670015
familiar,transfer,reverse,encoder,direction,0.5,57,specimen_57,50,315,0.5,0.3758595983187358,1.242225645334817
familiar,transfer,reverse,encoder,direction,0.5,57,specimen_57,50,315,1.0,0.3796704411506653,1.1637093459124184
familiar,transfer,reverse,encoder,repeat,0.5,10,specimen_10,30,45,0.5,0.29163073499997455,0.2191255131282934
familiar,transfer,reverse,encoder,repeat,0.5,10,specimen_10,30,45,1.0,0.23969724277655283,0.3460323965081303
familiar,transfer,reverse,encoder,repeat,0.5,10,specimen_10,30,90,1.0,0.3548020621140798,0.5692137877186366
familiar,transfer,reverse,encoder,repeat,0.5,10,specimen_10,30,135,0.5,0.19766165812810263,0.23316416200380907
familiar,transfer,reverse,encoder,repeat,0.5,10,specimen_10,30,135,1.0,0.1981800397237142,0.2482790416287528
familiar,transfer,reverse,encoder,repeat,0.5,10,specimen_10,30,180,0.5,0.3616389532883962,0.1695523229345979
familiar,transfer,reverse,encoder,repeat,0.5,10,specimen_10,30,180,1.0,0.35066257913907367,0.16340671998688203
familiar,transfer,reverse,encoder,repeat,0.5,10,specimen_10,30,225,0.5,0.2649706651767095,0.07900092286629345
familiar,transfer,reverse,encoder,repeat,0.5,10,specimen_10,30,225,1.0,0.2002482165892919,0.12858447050678423
familiar,transfer,reverse,encoder,repeat,0.5,10,specimen_10,30,270,0.5,0.39861682057380676,0.8510129433656913
familiar,transfer,reverse,encoder,repeat,0.5,10,specimen_10,30,270,1.0,0.3209335307280223,0.4414760072393687
familiar,transfer,reverse,encoder,repeat,0.5,10,specimen_10,30,315,0.5,0.2128390222787857,0.12748267988546524
familiar,transfer,reverse,encoder,repeat,0.5,10,specimen_10,30,315,1.0,0.22651982804139456,0.08436392037630099
familiar,transfer,reverse,encoder,repeat,0.5,10,specimen_10,50,45,0.5,0.3167884051799774,1.0611829017393661
familiar,transfer,reverse,encoder,repeat,0.5,10,specimen_10,50,45,1.0,0.31637362639109295,0.9905182733469365
familiar,transfer,reverse,encoder,repeat,0.5,10,specimen_10,50,90,1.0,0.4153887927532196,0.8569533339050656
familiar,transfer,reverse,encoder,repeat,0.5,10,specimen_10,50,135,0.5,0.3200063904126485,1.5753898464646403
familiar,transfer,reverse,encoder,repeat,0.5,10,specimen_10,50,135,1.0,0.31247412661711377,0.9894689775360579
familiar,transfer,reverse,encoder,repeat,0.5,10,specimen_10,50,180,0.5,0.4244140386581421,0.11032601499258728
familiar,transfer,reverse,encoder,repeat,0.5,10,specimen_10,50,180,1.0,0.4389563997586568,0.16346498378575935
familiar,transfer,reverse,encoder,repeat,0.5,10,specimen_10,50,225,0.5,0.2993192772070567,0.9534421440763361
familiar,transfer,reverse,encoder,repeat,0.5,10,specimen_10,50,225,1.0,0.30639482537905377,0.8730662277137883
familiar,transfer,reverse,encoder,repeat,0.5,10,specimen_10,50,270,0.5,0.35641857981681824,1.221402899427494
familiar,transfer,reverse,encoder,repeat,0.5,10,specimen_10,50,270,1.0,0.33400769035021466,0.8549718628713497
familiar,transfer,reverse,encoder,repeat,0.5,10,specimen_10,50,315,0.5,0.28270409007867175,0.6042989500432471
familiar,transfer,reverse,encoder,repeat,0.5,10,specimen_10,50,315,1.0,0.2921665608882904,0.4702722474083667
familiar,transfer,reverse,encoder,repeat,0.5,57,specimen_57,30,45,0.5,0.2380201667547226,0.37918612583384287
familiar,transfer,reverse,encoder,repeat,0.5,57,specimen_57,30,45,1.0,0.2718007266521454,0.2964106174668962
familiar,transfer,reverse,encoder,repeat,0.5,57,specimen_57,30,90,1.0,0.2874145309130351,0.9932680015829902
familiar,transfer,reverse,encoder,repeat,0.5,57,specimen_57,30,135,0.5,0.26902736226717633,0.3437107828638502
familiar,transfer,reverse,encoder,repeat,0.5,57,specimen_57,30,135,1.0,0.2741257001956304,0.3557368167381398
familiar,transfer,reverse,encoder,repeat,0.5,57,specimen_57,30,180,0.5,0.3125271449486415,0.13070760769849404
familiar,transfer,reverse,encoder,repeat,0.5,57,specimen_57,30,180,1.0,0.31239329278469086,0.1143740899654802
familiar,transfer,reverse,encoder,repeat,0.5,57,specimen_57,30,225,0.5,0.28796350955963135,0.366123229075848
familiar,transfer,reverse,encoder,repeat,0.5,57,specimen_57,30,225,1.0,0.29578933616479236,0.368584765948129
familiar,transfer,reverse,encoder,repeat,0.5,57,specimen_57,30,270,0.5,0.3332326014836629,2.062477672134428
familiar,transfer,reverse,encoder,repeat,0.5,57,specimen_57,30,270,1.0,0.3292369842529297,1.7524370692191713
familiar,transfer,reverse,encoder,repeat,0.5,57,specimen_57,30,315,0.5,0.31966208418210346,0.22611849709119936
familiar,transfer,reverse,encoder,repeat,0.5,57,specimen_57,30,315,1.0,0.27751461664835614,0.27867905830498163
familiar,transfer,reverse,encoder,repeat,0.5,57,specimen_57,50,45,0.5,0.4358891248703003,2.0542950453365374
familiar,transfer,reverse,encoder,repeat,0.5,57,specimen_57,50,45,1.0,0.4415836036205292,1.7320029962110726
familiar,transfer,reverse,encoder,repeat,0.5,57,specimen_57,50,90,1.0,0.5270030597845713,2.187125578553616
familiar,transfer,reverse,encoder,repeat,0.5,57,specimen_57,50,135,0.5,0.4668741623560588,1.9400825525049576
familiar,transfer,reverse,encoder,repeat,0.5,57,specimen_57,50,135,1.0,0.4317600925763448,1.6681148961244345
familiar,transfer,reverse,encoder,repeat,0.5,57,specimen_57,50,180,0.5,0.3990090588728587,0.261956385813993
familiar,transfer,reverse,encoder,repeat,0.5,57,specimen_57,50,180,1.0,0.3316764334837596,0.29875962831114183
familiar,transfer,reverse,encoder,repeat,0.5,57,specimen_57,50,225,0.5,0.4293048580487569,1.4024657578066426
familiar,transfer,reverse,encoder,repeat,0.5,57,specimen_57,50,225,1.0,0.40014023582140607,1.2593089934209039
familiar,transfer,reverse,encoder,repeat,0.5,57,specimen_57,50,270,0.5,0.503585567077001,1.9085512282161217
familiar,transfer,reverse,encoder,repeat,0.5,57,specimen_57,50,270,1.0,0.4382285475730896,1.5360077467187665
familiar,transfer,reverse,encoder,repeat,0.5,57,specimen_57,50,315,0.5,0.37831030289332074,1.354196255833398
familiar,transfer,reverse,encoder,repeat,0.5,57,specimen_57,50,315,1.0,0.38767340779304504,1.27626770656619
familiar,transfer,reverse,encoder,single,0.5,10,specimen_10,30,45,0.5,0.445696363846461,0.10017882077095748
familiar,transfer,reverse,encoder,single,0.5,10,specimen_10,30,45,1.0,0.3579838772614797,0.22420747767443194
familiar,transfer,reverse,encoder,single,0.5,10,specimen_10,30,90,1.0,0.46227629979451496,0.43399101904083426
familiar,transfer,reverse,encoder,single,0.5,10,specimen_10,30,135,0.5,0.29806438088417053,0.11782781394697517
familiar,transfer,reverse,encoder,single,0.5,10,specimen_10,30,135,1.0,0.2969801127910614,0.12883605371983606
familiar,transfer,reverse,encoder,single,0.5,10,specimen_10,30,180,0.5,0.42844515045483905,0.26591886823751215
familiar,transfer,reverse,encoder,single,0.5,10,specimen_10,30,180,1.0,0.40417854984601337,0.26429014507496323
familiar,transfer,reverse,encoder,single,0.5,10,specimen_10,30,225,0.5,0.4059947331746419,0.01041305513063251
familiar,transfer,reverse,encoder,single,0.5,10,specimen_10,30,225,1.0,0.29117613037427265,0.0430486021524058
familiar,transfer,reverse,encoder,single,0.5,10,specimen_10,30,270,0.5,0.5010352532068888,0.7536091711617114
familiar,transfer,reverse,encoder,single,0.5,10,specimen_10,30,270,1.0,0.4016130069891612,0.3424769212971161
familiar,transfer,reverse,encoder,single,0.5,10,specimen_10,30,315,0.5,0.2881912589073181,0.04839607804277165
familiar,transfer,reverse,encoder,single,0.5,10,specimen_10,30,315,1.0,0.28936667740345,0.0703913791071031
familiar,transfer,reverse,encoder,single,0.5,10,specimen_10,50,45,0.5,0.41581865151723224,0.9088681637603443
familiar,transfer,reverse,encoder,single,0.5,10,specimen_10,50,45,1.0,0.3673035701115926,0.844859822105362
familiar,transfer,reverse,encoder,single,0.5,10,specimen_10,50,90,1.0,0.5065347254276276,0.7014007328328008
familiar,transfer,reverse,encoder,single,0.5,10,specimen_10,50,135,0.5,0.3634953200817108,1.4124265611669626
familiar,transfer,reverse,encoder,single,0.5,10,specimen_10,50,135,1.0,0.33104659120241803,0.8296003141691543
familiar,transfer,reverse,encoder,single,0.5,10,specimen_10,50,180,0.5,0.4688270489374797,0.1346499724481006
familiar,transfer,reverse,encoder,single,0.5,10,specimen_10,50,180,1.0,0.43972717722256977,0.16497991714722812
familiar,transfer,reverse,encoder,single,0.5,10,specimen_10,50,225,0.5,0.37630117932955426,0.8302155624926816
familiar,transfer,reverse,encoder,single,0.5,10,specimen_10,50,225,1.0,0.3406895200411479,0.7502472829408817
familiar,transfer,reverse,encoder,single,0.5,10,specimen_10,50,270,0.5,0.4132372836271922,1.0949538421910916
familiar,transfer,reverse,encoder,single,0.5,10,specimen_10,50,270,1.0,0.3735297421614329,0.7299563254393812
familiar,transfer,reverse,encoder,single,0.5,10,specimen_10,50,315,0.5,0.2781173686186473,0.4785931045551284
familiar,transfer,reverse,encoder,single,0.5,10,specimen_10,50,315,1.0,0.254169503847758,0.3521083639115998
familiar,transfer,reverse,encoder,single,0.5,57,specimen_57,30,45,0.5,0.2618202318747838,0.30596996641290547
familiar,transfer,reverse,encoder,single,0.5,57,specimen_57,30,45,1.0,0.2837016085783641,0.2196904814051418
familiar,transfer,reverse,encoder,single,0.5,57,specimen_57,30,90,1.0,0.34735071659088135,0.9119198069162125
familiar,transfer,reverse,encoder,single,0.5,57,specimen_57,30,135,0.5,0.3073197305202484,0.2717935660022864
familiar,transfer,reverse,encoder,single,0.5,57,specimen_57,30,135,1.0,0.2489989052216212,0.28371857894332925
familiar,transfer,reverse,encoder,single,0.5,57,specimen_57,30,180,0.5,0.3817974627017975,0.19272441074228489
familiar,transfer,reverse,encoder,single,0.5,57,specimen_57,30,180,1.0,0.3265337447325389,0.17789717210179154
familiar,transfer,reverse,encoder,single,0.5,57,specimen_57,30,225,0.5,0.26879527668158215,0.3052399275019831
familiar,transfer,reverse,encoder,single,0.5,57,specimen_57,30,225,1.0,0.2855932017167409,0.30701741919879505
familiar,transfer,reverse,encoder,single,0.5,57,specimen_57,30,270,0.5,0.3383379876613617,1.9987133991204213
familiar,transfer,reverse,encoder,single,0.5,57,specimen_57,30,270,1.0,0.34741587440172833,1.688232727546839
familiar,transfer,reverse,encoder,single,0.5,57,specimen_57,30,315,0.5,0.2969651222229004,0.1608478057512074
familiar,transfer,reverse,encoder,single,0.5,57,specimen_57,30,315,1.0,0.2773483693599701,0.21199860840412374
familiar,transfer,reverse,encoder,single,0.5,57,specimen_57,50,45,0.5,0.4017500976721446,1.9610135605269001
familiar,transfer,reverse,encoder,single,0.5,57,specimen_57,50,45,1.0,0.37904320160547894,1.632877298186675
familiar,transfer,reverse,encoder,single,0.5,57,specimen_57,50,90,1.0,0.4338913857936859,2.084582356333484
familiar,transfer,reverse,encoder,single,0.5,57,specimen_57,50,135,0.5,0.40337709585825604,1.8451508144848987
familiar,transfer,reverse,encoder,single,0.5,57,specimen_57,50,135,1.0,0.3948970337708791,1.5718399631336084
familiar,transfer,reverse,encoder,single,0.5,57,specimen_57,50,180,0.5,0.4935314456621806,0.18210277966118582
familiar,transfer,reverse,encoder,single,0.5,57,specimen_57,50,180,1.0,0.40335651238759357,0.21674912316584974
familiar,transfer,reverse,encoder,single,0.5,57,specimen_57,50,225,0.5,0.40504101912180585,1.3254582937711958
familiar,transfer,reverse,encoder,single,0.5,57,specimen_57,50,225,1.0,0.42355290055274963,1.180520589102725
familiar,transfer,reverse,encoder,single,0.5,57,specimen_57,50,270,0.5,0.4111088812351227,1.8294538489278114
familiar,transfer,reverse,encoder,single,0.5,57,specimen_57,50,270,1.0,0.36063682039578754,1.4528517762105349
familiar,transfer,reverse,encoder,single,0.5,57,specimen_57,50,315,0.5,0.36603987216949463,1.2707016877453694
familiar,transfer,reverse,encoder,single,0.5,57,specimen_57,50,315,1.0,0.3742147783438365,1.1905307665232343
familiar,transfer,reverse,encoder_wrong_support,direction,0.5,10,specimen_10,30,45,0.5,0.22347920139630637,0.4091998214478438
familiar,transfer,reverse,encoder_wrong_support,direction,0.5,10,specimen_10,30,45,1.0,0.31684941053390503,0.5368605829588803
familiar,transfer,reverse,encoder_wrong_support,direction,0.5,10,specimen_10,30,90,1.0,0.3651989499727885,0.7676853113946037
familiar,transfer,reverse,encoder_wrong_support,direction,0.5,10,specimen_10,30,135,0.5,0.35392168164253235,0.42588845464354436
familiar,transfer,reverse,encoder_wrong_support,direction,0.5,10,specimen_10,30,135,1.0,0.3607766429583232,0.44455223488767254
familiar,transfer,reverse,encoder_wrong_support,direction,0.5,10,specimen_10,30,180,0.5,0.41139477491378784,0.04103866369706329
familiar,transfer,reverse,encoder_wrong_support,direction,0.5,10,specimen_10,30,180,1.0,0.43729915221532184,0.02572046310083964
familiar,transfer,reverse,encoder_wrong_support,direction,0.5,10,specimen_10,30,225,0.5,0.23426218827565512,0.23000659423693412
familiar,transfer,reverse,encoder_wrong_support,direction,0.5,10,specimen_10,30,225,1.0,0.31894980867703754,0.2764951148701224
familiar,transfer,reverse,encoder_wrong_support,direction,0.5,10,specimen_10,30,270,0.5,0.3587949474652608,1.0048141062377127
familiar,transfer,reverse,encoder_wrong_support,direction,0.5,10,specimen_10,30,270,1.0,0.3536622226238251,0.5982508279819161
familiar,transfer,reverse,encoder_wrong_support,direction,0.5,10,specimen_10,30,315,0.5,0.3316481610139211,0.2955822275290711
familiar,transfer,reverse,encoder_wrong_support,direction,0.5,10,specimen_10,30,315,1.0,0.35805455843607586,0.2530329495806299
familiar,transfer,reverse,encoder_wrong_support,direction,0.5,10,specimen_10,50,45,0.5,0.41594573855400085,1.3302767199312002
familiar,transfer,reverse,encoder_wrong_support,direction,0.5,10,specimen_10,50,45,1.0,0.48456744352976483,1.2621643555146198
familiar,transfer,reverse,encoder_wrong_support,direction,0.5,10,specimen_10,50,90,1.0,0.43661577502886456,1.1558704131617217
familiar,transfer,reverse,encoder_wrong_support,direction,0.5,10,specimen_10,50,135,0.5,0.561449388662974,1.8683593751739374
familiar,transfer,reverse,encoder_wrong_support,direction,0.5,10,specimen_10,50,135,1.0,0.5915873249371847,1.3027875612363415
familiar,transfer,reverse,encoder_wrong_support,direction,0.5,10,specimen_10,50,180,0.5,0.4903508126735687,0.31538548729353194
familiar,transfer,reverse,encoder_wrong_support,direction,0.5,10,specimen_10,50,180,1.0,0.5567400753498077,0.3766111001460726
familiar,transfer,reverse,encoder_wrong_support,direction,0.5,10,specimen_10,50,225,0.5,0.38779422640800476,1.162346272375465
familiar,transfer,reverse,encoder_wrong_support,direction,0.5,10,specimen_10,50,225,1.0,0.46099276343981427,1.092907037688864
familiar,transfer,reverse,encoder_wrong_support,direction,0.5,10,specimen_10,50,270,0.5,0.40716079870859784,1.424344399437551
familiar,transfer,reverse,encoder_wrong_support,direction,0.5,10,specimen_10,50,270,1.0,0.454647958278656,1.069713510960267
familiar,transfer,reverse,encoder_wrong_support,direction,0.5,10,specimen_10,50,315,0.5,0.49532240629196167,0.826478267317453
familiar,transfer,reverse,encoder_wrong_support,direction,0.5,10,specimen_10,50,315,1.0,0.5387585063775381,0.6988540811408311
familiar,transfer,reverse,encoder_wrong_support,direction,0.5,57,specimen_57,30,45,0.5,0.5129663745562235,0.12954735350276692
familiar,transfer,reverse,encoder_wrong_support,direction,0.5,57,specimen_57,30,45,1.0,0.5285436610380808,0.041756570652398205
familiar,transfer,reverse,encoder_wrong_support,direction,0.5,57,specimen_57,30,90,1.0,0.5561697979768118,0.7387926981418816
familiar,transfer,reverse,encoder_wrong_support,direction,0.5,57,specimen_57,30,135,0.5,0.5636605024337769,0.10456671839505653
familiar,transfer,reverse,encoder_wrong_support,direction,0.5,57,specimen_57,30,135,1.0,0.46581020951271057,0.11027166387579716
familiar,transfer,reverse,encoder_wrong_support,direction,0.5,57,specimen_57,30,180,0.5,0.6907509565353394,0.3380335454288264
familiar,transfer,reverse,encoder_wrong_support,direction,0.5,57,specimen_57,30,180,1.0,0.593747635682424,0.32899344696430033
familiar,transfer,reverse,encoder_wrong_support,direction,0.5,57,specimen_57,30,225,0.5,0.4665115475654602,0.17187450494102283
familiar,transfer,reverse,encoder_wrong_support,direction,0.5,57,specimen_57,30,225,1.0,0.4806003173192342,0.17156498103283532
familiar,transfer,reverse,encoder_wrong_support,direction,0.5,57,specimen_57,30,270,0.5,0.5032888750235239,1.8631787082928886
familiar,transfer,reverse,encoder_wrong_support,direction,0.5,57,specimen_57,30,270,1.0,0.5294999579588572,1.5480206989160434
familiar,transfer,reverse,encoder_wrong_support,direction,0.5,57,specimen_57,30,315,0.5,0.5083070496718088,0.013854518327192126
familiar,transfer,reverse,encoder_wrong_support,direction,0.5,57,specimen_57,30,315,1.0,0.4897969663143158,0.056434744420829595
familiar,transfer,reverse,encoder_wrong_support,direction,0.5,57,specimen_57,50,45,0.5,0.5443404118220011,1.6977364839047724
familiar,transfer,reverse,encoder_wrong_support,direction,0.5,57,specimen_57,50,45,1.0,0.5045640369256338,1.3626447916847244
familiar,transfer,reverse,encoder_wrong_support,direction,0.5,57,specimen_57,50,90,1.0,0.492002010345459,1.789592058509361
familiar,transfer,reverse,encoder_wrong_support,direction,0.5,57,specimen_57,50,135,0.5,0.5302678346633911,1.5939013628583882
familiar,transfer,reverse,encoder_wrong_support,direction,0.5,57,specimen_57,50,135,1.0,0.5506841242313385,1.2977472458586126
familiar,transfer,reverse,encoder_wrong_support,direction,0.5,57,specimen_57,50,180,0.5,0.7964786291122437,0.07005443588948101
familiar,transfer,reverse,encoder_wrong_support,direction,0.5,57,specimen_57,50,180,1.0,0.699149509270986,0.09556238778992232
familiar,transfer,reverse,encoder_wrong_support,direction,0.5,57,specimen_57,50,225,0.5,0.5338806410630544,1.1354259404550853
familiar,transfer,reverse,encoder_wrong_support,direction,0.5,57,specimen_57,50,225,1.0,0.6125131150086721,0.9804449504436527
familiar,transfer,reverse,encoder_wrong_support,direction,0.5,57,specimen_57,50,270,0.5,0.43031734228134155,1.6439798984286764
familiar,transfer,reverse,encoder_wrong_support,direction,0.5,57,specimen_57,50,270,1.0,0.415081391731898,1.2600085442425497
familiar,transfer,reverse,encoder_wrong_support,direction,0.5,57,specimen_57,50,315,0.5,0.5108678539594015,1.05759176281119
familiar,transfer,reverse,encoder_wrong_support,direction,0.5,57,specimen_57,50,315,1.0,0.5233290493488312,0.9682003309399777
familiar,transfer,reverse,encoder_wrong_support,repeat,0.5,10,specimen_10,30,45,0.5,0.4140758216381073,0.5026008304412364
familiar,transfer,reverse,encoder_wrong_support,repeat,0.5,10,specimen_10,30,45,1.0,0.5319751997788748,0.6332443502003026
familiar,transfer,reverse,encoder_wrong_support,repeat,0.5,10,specimen_10,30,90,1.0,0.49794113636016846,0.864968992272059
familiar,transfer,reverse,encoder_wrong_support,repeat,0.5,10,specimen_10,30,135,0.5,0.5775940219561259,0.5119042813619211
familiar,transfer,reverse,encoder_wrong_support,repeat,0.5,10,specimen_10,30,135,1.0,0.5885207653045654,0.5318313452393366
familiar,transfer,reverse,encoder_wrong_support,repeat,0.5,10,specimen_10,30,180,0.5,0.5532222588857015,0.06755703087482157
familiar,transfer,reverse,encoder_wrong_support,repeat,0.5,10,specimen_10,30,180,1.0,0.5861554543177286,0.07915601322783487
familiar,transfer,reverse,encoder_wrong_support,repeat,0.5,10,specimen_10,30,225,0.5,0.41326268513997394,0.304124401168361
familiar,transfer,reverse,encoder_wrong_support,repeat,0.5,10,specimen_10,30,225,1.0,0.5223135153452555,0.35324108378565827
familiar,transfer,reverse,encoder_wrong_support,repeat,0.5,10,specimen_10,30,270,0.5,0.4581363995869954,1.0826135480977739
familiar,transfer,reverse,encoder_wrong_support,repeat,0.5,10,specimen_10,30,270,1.0,0.4952641526858012,0.6753708493618186
familiar,transfer,reverse,encoder_wrong_support,repeat,0.5,10,specimen_10,30,315,0.5,0.5520867506663004,0.37970590620993655
familiar,transfer,reverse,encoder_wrong_support,repeat,0.5,10,specimen_10,30,315,1.0,0.5632387697696686,0.3357262185994448
familiar,transfer,reverse,encoder_wrong_support,repeat,0.5,10,specimen_10,50,45,0.5,0.6275414427121481,1.456590516063834
familiar,transfer,reverse,encoder_wrong_support,repeat,0.5,10,specimen_10,50,45,1.0,0.7187840739885966,1.3963135133027962
familiar,transfer,reverse,encoder_wrong_support,repeat,0.5,10,specimen_10,50,90,1.0,0.5858848591645559,1.2988447331044466
familiar,transfer,reverse,encoder_wrong_support,repeat,0.5,10,specimen_10,50,135,0.5,0.7949119607607523,1.9834301251171935
familiar,transfer,reverse,encoder_wrong_support,repeat,0.5,10,specimen_10,50,135,1.0,0.8220438162485758,1.4225954467045092
familiar,transfer,reverse,encoder_wrong_support,repeat,0.5,10,specimen_10,50,180,0.5,0.6233390768369039,0.41683509684372977
familiar,transfer,reverse,encoder_wrong_support,repeat,0.5,10,specimen_10,50,180,1.0,0.7152985334396362,0.48039456604258496
familiar,transfer,reverse,encoder_wrong_support,repeat,0.5,10,specimen_10,50,225,0.5,0.5962684750556946,1.258585511311989
familiar,transfer,reverse,encoder_wrong_support,repeat,0.5,10,specimen_10,50,225,1.0,0.6803673307100931,1.1962097733183217
familiar,transfer,reverse,encoder_wrong_support,repeat,0.5,10,specimen_10,50,270,0.5,0.5754733383655548,1.5302958308406662
familiar,transfer,reverse,encoder_wrong_support,repeat,0.5,10,specimen_10,50,270,1.0,0.6452978054682413,1.1789072209788833
familiar,transfer,reverse,encoder_wrong_support,repeat,0.5,10,specimen_10,50,315,0.5,0.7179057995478312,0.9384488778160341
familiar,transfer,reverse,encoder_wrong_support,repeat,0.5,10,specimen_10,50,315,1.0,0.7672046025594076,0.8114124417946028
familiar,transfer,reverse,encoder_wrong_support,repeat,0.5,57,specimen_57,30,45,0.5,0.5517322818438212,0.09571080852089982
familiar,transfer,reverse,encoder_wrong_support,repeat,0.5,57,specimen_57,30,45,1.0,0.5649835069974264,0.05568446102219974
familiar,transfer,reverse,encoder_wrong_support,repeat,0.5,57,specimen_57,30,90,1.0,0.591898500919342,0.6975127970295677
familiar,transfer,reverse,encoder_wrong_support,repeat,0.5,57,specimen_57,30,135,0.5,0.6118546923001608,0.06497066350573821
familiar,transfer,reverse,encoder_wrong_support,repeat,0.5,57,specimen_57,30,135,1.0,0.5091758867104849,0.07383924642744193
familiar,transfer,reverse,encoder_wrong_support,repeat,0.5,57,specimen_57,30,180,0.5,0.7360034187634786,0.3678169615079135
familiar,transfer,reverse,encoder_wrong_support,repeat,0.5,57,specimen_57,30,180,1.0,0.6344377199808756,0.3569368231801971
familiar,transfer,reverse,encoder_wrong_support,repeat,0.5,57,specimen_57,30,225,0.5,0.5055685738722483,0.14099975077378046
familiar,transfer,reverse,encoder_wrong_support,repeat,0.5,57,specimen_57,30,225,1.0,0.5110378464063009,0.14392815266925496
familiar,transfer,reverse,encoder_wrong_support,repeat,0.5,57,specimen_57,30,270,0.5,0.5294888416926066,1.8308770674023458
familiar,transfer,reverse,encoder_wrong_support,repeat,0.5,57,specimen_57,30,270,1.0,0.5506655176480612,1.5185422270967213
familiar,transfer,reverse,encoder_wrong_support,repeat,0.5,57,specimen_57,30,315,0.5,0.541214237610499,0.030297162462207705
familiar,transfer,reverse,encoder_wrong_support,repeat,0.5,57,specimen_57,30,315,1.0,0.5202582577864329,0.04779107423804226
familiar,transfer,reverse,encoder_wrong_support,repeat,0.5,57,specimen_57,50,45,0.5,0.5656782984733582,1.6588874310120694
familiar,transfer,reverse,encoder_wrong_support,repeat,0.5,57,specimen_57,50,45,1.0,0.526457816362381,1.326207756255213
familiar,transfer,reverse,encoder_wrong_support,repeat,0.5,57,specimen_57,50,90,1.0,0.5087861915429434,1.7452341793542352
familiar,transfer,reverse,encoder_wrong_support,repeat,0.5,57,specimen_57,50,135,0.5,0.5578477581342062,1.5320422738524042
familiar,transfer,reverse,encoder_wrong_support,repeat,0.5,57,specimen_57,50,135,1.0,0.5778053402900696,1.2349884269559832
familiar,transfer,reverse,encoder_wrong_support,repeat,0.5,57,specimen_57,50,180,0.5,0.8364635507265726,0.08913481434582766
familiar,transfer,reverse,encoder_wrong_support,repeat,0.5,57,specimen_57,50,180,1.0,0.7385082840919495,0.11625629303482903
familiar,transfer,reverse,encoder_wrong_support,repeat,0.5,57,specimen_57,50,225,0.5,0.5475030342737833,1.09732239057099
familiar,transfer,reverse,encoder_wrong_support,repeat,0.5,57,specimen_57,50,225,1.0,0.6306581894556681,0.9361654478163702
familiar,transfer,reverse,encoder_wrong_support,repeat,0.5,57,specimen_57,50,270,0.5,0.4365743597348531,1.5996582968029494
familiar,transfer,reverse,encoder_wrong_support,repeat,0.5,57,specimen_57,50,270,1.0,0.4229355752468109,1.2120723886112328
familiar,transfer,reverse,encoder_wrong_support,repeat,0.5,57,specimen_57,50,315,0.5,0.5251264174779257,1.0200463280606111
familiar,transfer,reverse,encoder_wrong_support,repeat,0.5,57,specimen_57,50,315,1.0,0.5361616313457489,0.9351275121799539
familiar,transfer,reverse,encoder_wrong_support,single,0.5,10,specimen_10,30,45,0.5,0.24449630081653595,0.42938467102029904
familiar,transfer,reverse,encoder_wrong_support,single,0.5,10,specimen_10,30,45,1.0,0.34563593069712323,0.5565242141385482
familiar,transfer,reverse,encoder_wrong_support,single,0.5,10,specimen_10,30,90,1.0,0.3767712414264679,0.7836207976052814
familiar,transfer,reverse,encoder_wrong_support,single,0.5,10,specimen_10,30,135,0.5,0.3785102268060048,0.43998706450035724
familiar,transfer,reverse,encoder_wrong_support,single,0.5,10,specimen_10,30,135,1.0,0.389072984457016,0.459813107444526
familiar,transfer,reverse,encoder_wrong_support,single,0.5,10,specimen_10,30,180,0.5,0.42598796884218854,0.04029675288530279
familiar,transfer,reverse,encoder_wrong_support,single,0.5,10,specimen_10,30,180,1.0,0.45225171248118085,0.029574896317804744
familiar,transfer,reverse,encoder_wrong_support,single,0.5,10,specimen_10,30,225,0.5,0.2523781508207321,0.2432410995944961
familiar,transfer,reverse,encoder_wrong_support,single,0.5,10,specimen_10,30,225,1.0,0.3477824628353119,0.29167373703632427
familiar,transfer,reverse,encoder_wrong_support,single,0.5,10,specimen_10,30,270,0.5,0.36490323146184284,1.018849275083767
familiar,transfer,reverse,encoder_wrong_support,single,0.5,10,specimen_10,30,270,1.0,0.36993364493052167,0.6111665076894864
familiar,transfer,reverse,encoder_wrong_support,single,0.5,10,specimen_10,30,315,0.5,0.36230717102686566,0.3144352148699445
familiar,transfer,reverse,encoder_wrong_support,single,0.5,10,specimen_10,30,315,1.0,0.38214125235875446,0.269045768698587
familiar,transfer,reverse,encoder_wrong_support,single,0.5,10,specimen_10,50,45,0.5,0.4497409462928772,1.3633090312541973
familiar,transfer,reverse,encoder_wrong_support,single,0.5,10,specimen_10,50,45,1.0,0.5264910360177358,1.2971878152783987
familiar,transfer,reverse,encoder_wrong_support,single,0.5,10,specimen_10,50,90,1.0,0.461350957552592,1.1963015108843142
familiar,transfer,reverse,encoder_wrong_support,single,0.5,10,specimen_10,50,135,0.5,0.5893110036849976,1.888498387097135
familiar,transfer,reverse,encoder_wrong_support,single,0.5,10,specimen_10,50,135,1.0,0.6251530448595682,1.3263205137136833
familiar,transfer,reverse,encoder_wrong_support,single,0.5,10,specimen_10,50,180,0.5,0.507398396730423,0.33698149069092254
familiar,transfer,reverse,encoder_wrong_support,single,0.5,10,specimen_10,50,180,1.0,0.5772378842035929,0.3983840608972929
familiar,transfer,reverse,encoder_wrong_support,single,0.5,10,specimen_10,50,225,0.5,0.41540586948394775,1.181578047276542
familiar,transfer,reverse,encoder_wrong_support,single,0.5,10,specimen_10,50,225,1.0,0.49896979331970215,1.1174213690001429
familiar,transfer,reverse,encoder_wrong_support,single,0.5,10,specimen_10,50,270,0.5,0.43273232380549115,1.4511984515523562
familiar,transfer,reverse,encoder_wrong_support,single,0.5,10,specimen_10,50,270,1.0,0.4879940152168274,1.0957512504706517
familiar,transfer,reverse,encoder_wrong_support,single,0.5,10,specimen_10,50,315,0.5,0.5324265956878662,0.8549543097280056
familiar,transfer,reverse,encoder_wrong_support,single,0.5,10,specimen_10,50,315,1.0,0.5739472210407257,0.7256755017516473
familiar,transfer,reverse,encoder_wrong_support,single,0.5,57,specimen_57,30,45,0.5,0.719813863436381,0.07311743834236917
familiar,transfer,reverse,encoder_wrong_support,single,0.5,57,specimen_57,30,45,1.0,0.7323876619338989,0.1369961222937993
familiar,transfer,reverse,encoder_wrong_support,single,0.5,57,specimen_57,30,90,1.0,0.7513505617777506,0.5622900283517653
familiar,transfer,reverse,encoder_wrong_support,single,0.5,57,specimen_57,30,135,0.5,0.7821705142656962,0.07047638926327941
familiar,transfer,reverse,encoder_wrong_support,single,0.5,57,specimen_57,30,135,1.0,0.6775558988253275,0.1010352116282152
familiar,transfer,reverse,encoder_wrong_support,single,0.5,57,specimen_57,30,180,0.5,0.9131772319475809,0.46418350681082776
familiar,transfer,reverse,encoder_wrong_support,single,0.5,57,specimen_57,30,180,1.0,0.8113263646761576,0.45782024826827833
familiar,transfer,reverse,encoder_wrong_support,single,0.5,57,specimen_57,30,225,0.5,0.6626872817675272,0.05238450345775162
familiar,transfer,reverse,encoder_wrong_support,single,0.5,57,specimen_57,30,225,1.0,0.6638057231903076,0.05285269302372786
familiar,transfer,reverse,encoder_wrong_support,single,0.5,57,specimen_57,30,270,0.5,0.6778463323911031,1.733473295198366
familiar,transfer,reverse,encoder_wrong_support,single,0.5,57,specimen_57,30,270,1.0,0.701591690381368,1.4195431411544686
familiar,transfer,reverse,encoder_wrong_support,single,0.5,57,specimen_57,30,315,0.5,0.705075999101003,0.12300500960699849
familiar,transfer,reverse,encoder_wrong_support,single,0.5,57,specimen_57,30,315,1.0,0.6835814913113912,0.08940709920525751
familiar,transfer,reverse,encoder_wrong_support,single,0.5,57,specimen_57,50,45,0.5,0.6941348711649576,1.5065726930330474
familiar,transfer,reverse,encoder_wrong_support,single,0.5,57,specimen_57,50,45,1.0,0.6438100934028625,1.1805493050136384
familiar,transfer,reverse,encoder_wrong_support,single,0.5,57,specimen_57,50,90,1.0,0.6220870614051819,1.5896815782819704
familiar,transfer,reverse,encoder_wrong_support,single,0.5,57,specimen_57,50,135,0.5,0.6785918871561686,1.3690789885547268
familiar,transfer,reverse,encoder_wrong_support,single,0.5,57,specimen_57,50,135,1.0,0.69854869445165,1.0751197635890797
familiar,transfer,reverse,encoder_wrong_support,single,0.5,57,specimen_57,50,180,0.5,0.9990007281303406,0.2052002352522976
familiar,transfer,reverse,encoder_wrong_support,single,0.5,57,specimen_57,50,180,1.0,0.8970848520596822,0.21531917044581714
familiar,transfer,reverse,encoder_wrong_support,single,0.5,57,specimen_57,50,225,0.5,0.6728384892145792,0.9740958089873354
familiar,transfer,reverse,encoder_wrong_support,single,0.5,57,specimen_57,50,225,1.0,0.764436403910319,0.8133465030434639
familiar,transfer,reverse,encoder_wrong_support,single,0.5,57,specimen_57,50,270,0.5,0.5425037244955698,1.473209239566547
familiar,transfer,reverse,encoder_wrong_support,single,0.5,57,specimen_57,50,270,1.0,0.5390155812104543,1.0870568511792642
familiar,transfer,reverse,encoder_wrong_support,single,0.5,57,specimen_57,50,315,0.5,0.6504304607709249,0.8943404825724923
familiar,transfer,reverse,encoder_wrong_support,single,0.5,57,specimen_57,50,315,1.0,0.6567929188410441,0.8169636286831868
familiar,transfer,reverse,fixed_features,direction,0.5,10,specimen_10,30,45,0.5,0.2713285834726815,0.21462891906011905
familiar,transfer,reverse,fixed_features,direction,0.5,10,specimen_10,30,45,1.0,0.2542600492425452,0.32862388248430563
familiar,transfer,reverse,fixed_features,direction,0.5,10,specimen_10,30,90,1.0,0.34764072287840914,0.6191581709955414
familiar,transfer,reverse,fixed_features,direction,0.5,10,specimen_10,30,135,0.5,0.18808864773436973,0.3291085493295792
familiar,transfer,reverse,fixed_features,direction,0.5,10,specimen_10,30,135,1.0,0.1792806617174408,0.3259903000547132
familiar,transfer,reverse,fixed_features,direction,0.5,10,specimen_10,30,180,0.5,0.3206822229162971,0.08949460218627181
familiar,transfer,reverse,fixed_features,direction,0.5,10,specimen_10,30,180,1.0,0.3248206768577756,0.09974063325705784
familiar,transfer,reverse,fixed_features,direction,0.5,10,specimen_10,30,225,0.5,0.22101567168503608,0.15360317230846188
familiar,transfer,reverse,fixed_features,direction,0.5,10,specimen_10,30,225,1.0,0.20212657420544486,0.18526647658087636
familiar,transfer,reverse,fixed_features,direction,0.5,10,specimen_10,30,270,0.5,0.3659604674447416,0.9051940670871984
familiar,transfer,reverse,fixed_features,direction,0.5,10,specimen_10,30,270,1.0,0.3099264704326005,0.48257430154243686
familiar,transfer,reverse,fixed_features,direction,0.5,10,specimen_10,30,315,0.5,0.19273793425232055,0.1309450398191354
familiar,transfer,reverse,fixed_features,direction,0.5,10,specimen_10,30,315,1.0,0.20552230523857007,0.07107747168856915
familiar,transfer,reverse,fixed_features,direction,0.5,10,specimen_10,50,45,0.5,0.266247405277845,0.902071576407095
familiar,transfer,reverse,fixed_features,direction,0.5,10,specimen_10,50,45,1.0,0.2613793219453285,0.8137217305963684
familiar,transfer,reverse,fixed_features,direction,0.5,10,specimen_10,50,90,1.0,0.384175646262046,0.809306363860745
familiar,transfer,reverse,fixed_features,direction,0.5,10,specimen_10,50,135,0.5,0.3090688599467045,1.5889862755144768
familiar,transfer,reverse,fixed_features,direction,0.5,10,specimen_10,50,135,1.0,0.2887807601199371,0.9912336783233336
familiar,transfer,reverse,fixed_features,direction,0.5,10,specimen_10,50,180,0.5,0.40212195946913937,0.05469033495590969
familiar,transfer,reverse,fixed_features,direction,0.5,10,specimen_10,50,180,1.0,0.38981305023491547,0.08346126357973005
familiar,transfer,reverse,fixed_features,direction,0.5,10,specimen_10,50,225,0.5,0.2987124882309115,0.9067115938977273
familiar,transfer,reverse,fixed_features,direction,0.5,10,specimen_10,50,225,1.0,0.2843237059854052,0.8121111691435443
familiar,transfer,reverse,fixed_features,direction,0.5,10,specimen_10,50,270,0.5,0.3442887510015909,1.140030475724747
familiar,transfer,reverse,fixed_features,direction,0.5,10,specimen_10,50,270,1.0,0.3001391903458481,0.7616941550153711
familiar,transfer,reverse,fixed_features,direction,0.5,10,specimen_10,50,315,0.5,0.2561864939043307,0.43480116662788104
familiar,transfer,reverse,fixed_features,direction,0.5,10,specimen_10,50,315,1.0,0.24407835090336005,0.2809354595484903
familiar,transfer,reverse,fixed_features,direction,0.5,57,specimen_57,30,45,0.5,0.28856793745797565,0.26618250474644944
familiar,transfer,reverse,fixed_features,direction,0.5,57,specimen_57,30,45,1.0,0.3223060465757989,0.18333978044917987
familiar,transfer,reverse,fixed_features,direction,0.5,57,specimen_57,30,90,1.0,0.383244363381629,0.933719410347889
familiar,transfer,reverse,fixed_features,direction,0.5,57,specimen_57,30,135,0.5,0.3132394535609184,0.31308538566353905
familiar,transfer,reverse,fixed_features,direction,0.5,57,specimen_57,30,135,1.0,0.26636003901260424,0.3191009634671615
familiar,transfer,reverse,fixed_features,direction,0.5,57,specimen_57,30,180,0.5,0.3632841634230064,0.15302023432803807
familiar,transfer,reverse,fixed_features,direction,0.5,57,specimen_57,30,180,1.0,0.31928246527711357,0.14385473852440486
familiar,transfer,reverse,fixed_features,direction,0.5,57,specimen_57,30,225,0.5,0.2570025117095763,0.343688163447367
familiar,transfer,reverse,fixed_features,direction,0.5,57,specimen_57,30,225,1.0,0.29198018724212266,0.34141165112620175
familiar,transfer,reverse,fixed_features,direction,0.5,57,specimen_57,30,270,0.5,0.30419332581656877,2.022043294570861
familiar,transfer,reverse,fixed_features,direction,0.5,57,specimen_57,30,270,1.0,0.32841355130604316,1.7087912749297605
familiar,transfer,reverse,fixed_features,direction,0.5,57,specimen_57,30,315,0.5,0.29888561537052866,0.13240104643095535
familiar,transfer,reverse,fixed_features,direction,0.5,57,specimen_57,30,315,1.0,0.2878631264133764,0.18193257257456835
familiar,transfer,reverse,fixed_features,direction,0.5,57,specimen_57,50,45,0.5,0.37540457764314167,1.7792315926006137
familiar,transfer,reverse,fixed_features,direction,0.5,57,specimen_57,50,45,1.0,0.3467534004160681,1.4548317875320103
familiar,transfer,reverse,fixed_features,direction,0.5,57,specimen_57,50,90,1.0,0.38603673526228066,1.9946589732131685
familiar,transfer,reverse,fixed_features,direction,0.5,57,specimen_57,50,135,0.5,0.38324327961404453,1.7902638172829581
familiar,transfer,reverse,fixed_features,direction,0.5,57,specimen_57,50,135,1.0,0.3884665400191567,1.5080195434237682
familiar,transfer,reverse,fixed_features,direction,0.5,57,specimen_57,50,180,0.5,0.5320969395854177,0.11840895462791645
familiar,transfer,reverse,fixed_features,direction,0.5,57,specimen_57,50,180,1.0,0.46938605170601394,0.14354430804401785
familiar,transfer,reverse,fixed_features,direction,0.5,57,specimen_57,50,225,0.5,0.37817455779978637,1.2603975611289324
familiar,transfer,reverse,fixed_features,direction,0.5,57,specimen_57,50,225,1.0,0.4359274506963708,1.1052755795448848
familiar,transfer,reverse,fixed_features,direction,0.5,57,specimen_57,50,270,0.5,0.3893073044815802,1.7431643240982329
familiar,transfer,reverse,fixed_features,direction,0.5,57,specimen_57,50,270,1.0,0.31403244275717,1.3632895661638755
familiar,transfer,reverse,fixed_features,direction,0.5,57,specimen_57,50,315,0.5,0.31959809778516507,1.1027040919169906
familiar,transfer,reverse,fixed_features,direction,0.5,57,specimen_57,50,315,1.0,0.34186040813601526,1.0186796190928111
familiar,transfer,reverse,fixed_features,repeat,0.5,10,specimen_10,30,45,0.5,0.27443062384262373,0.23010041001011794
familiar,transfer,reverse,fixed_features,repeat,0.5,10,specimen_10,30,45,1.0,0.25234329668812655,0.345525716455529
familiar,transfer,reverse,fixed_features,repeat,0.5,10,specimen_10,30,90,1.0,0.3533596386617668,0.6348400223684263
familiar,transfer,reverse,fixed_features,repeat,0.5,10,specimen_10,30,135,0.5,0.18489032339679123,0.3415150893296941
familiar,transfer,reverse,fixed_features,repeat,0.5,10,specimen_10,30,135,1.0,0.18251644267335868,0.3397757704958261
familiar,transfer,reverse,fixed_features,repeat,0.5,10,specimen_10,30,180,0.5,0.3080340194777364,0.07854651500673537
familiar,transfer,reverse,fixed_features,repeat,0.5,10,specimen_10,30,180,1.0,0.3129178903633447,0.08759911597670211
familiar,transfer,reverse,fixed_features,repeat,0.5,10,specimen_10,30,225,0.5,0.22198987012313187,0.1644496464793374
familiar,transfer,reverse,fixed_features,repeat,0.5,10,specimen_10,30,225,1.0,0.1986690329914408,0.19717329501741399
familiar,transfer,reverse,fixed_features,repeat,0.5,10,specimen_10,30,270,0.5,0.3709989241161098,0.9175232989747053
familiar,transfer,reverse,fixed_features,repeat,0.5,10,specimen_10,30,270,1.0,0.31792834291109034,0.4959546872373579
familiar,transfer,reverse,fixed_features,repeat,0.5,10,specimen_10,30,315,0.5,0.18819341935272227,0.14540108143671582
familiar,transfer,reverse,fixed_features,repeat,0.5,10,specimen_10,30,315,1.0,0.19721751281442088,0.08667957395462866
familiar,transfer,reverse,fixed_features,repeat,0.5,10,specimen_10,50,45,0.5,0.26191488136137586,0.9264622701312728
familiar,transfer,reverse,fixed_features,repeat,0.5,10,specimen_10,50,45,1.0,0.25224789957833815,0.8404169813878231
familiar,transfer,reverse,fixed_features,repeat,0.5,10,specimen_10,50,90,1.0,0.3882142611811978,0.8338374912819868
familiar,transfer,reverse,fixed_features,repeat,0.5,10,specimen_10,50,135,0.5,0.3003060558050083,1.6087023082794054
familiar,transfer,reverse,fixed_features,repeat,0.5,10,specimen_10,50,135,1.0,0.2868231435819117,1.0131143390250206
familiar,transfer,reverse,fixed_features,repeat,0.5,10,specimen_10,50,180,0.5,0.3861358642897866,0.07264293726402593
familiar,transfer,reverse,fixed_features,repeat,0.5,10,specimen_10,50,180,1.0,0.37897965718490534,0.10330243373129855
familiar,transfer,reverse,fixed_features,repeat,0.5,10,specimen_10,50,225,0.5,0.2857122160158715,0.9250604641182677
familiar,transfer,reverse,fixed_features,repeat,0.5,10,specimen_10,50,225,1.0,0.27318160249649703,0.8321736660818249
familiar,transfer,reverse,fixed_features,repeat,0.5,10,specimen_10,50,270,0.5,0.3516992793035116,1.1611259014757218
familiar,transfer,reverse,fixed_features,repeat,0.5,10,specimen_10,50,270,1.0,0.30358914323766867,0.7845374718498647
familiar,transfer,reverse,fixed_features,repeat,0.5,10,specimen_10,50,315,0.5,0.24560759523345244,0.45914455625273753
familiar,transfer,reverse,fixed_features,repeat,0.5,10,specimen_10,50,315,1.0,0.23520223204667856,0.30721385148515057
familiar,transfer,reverse,fixed_features,repeat,0.5,57,specimen_57,30,45,0.5,0.21008353018864787,0.29889230673685974
familiar,transfer,reverse,fixed_features,repeat,0.5,57,specimen_57,30,45,1.0,0.2558746325446242,0.22010027707720925
familiar,transfer,reverse,fixed_features,repeat,0.5,57,specimen_57,30,90,1.0,0.30935721300228264,0.9703374820538129
familiar,transfer,reverse,fixed_features,repeat,0.5,57,specimen_57,30,135,0.5,0.24928265927353652,0.3431986016768957
familiar,transfer,reverse,fixed_features,repeat,0.5,57,specimen_57,30,135,1.0,0.23044703731580748,0.3531689730218536
familiar,transfer,reverse,fixed_features,repeat,0.5,57,specimen_57,30,180,0.5,0.28877844083051696,0.1260081550861274
familiar,transfer,reverse,fixed_features,repeat,0.5,57,specimen_57,30,180,1.0,0.27089962947190604,0.11338915040206995
familiar,transfer,reverse,fixed_features,repeat,0.5,57,specimen_57,30,225,0.5,0.24463854982175906,0.3691027830360326
familiar,transfer,reverse,fixed_features,repeat,0.5,57,specimen_57,30,225,1.0,0.2535067268784,0.36993229853672094
familiar,transfer,reverse,fixed_features,repeat,0.5,57,specimen_57,30,270,0.5,0.30170034624699277,2.0484999936529302
familiar,transfer,reverse,fixed_features,repeat,0.5,57,specimen_57,30,270,1.0,0.2925790655754963,1.7383175144340643
familiar,transfer,reverse,fixed_features,repeat,0.5,57,specimen_57,30,315,0.5,0.28893330183598503,0.16153052684074737
familiar,transfer,reverse,fixed_features,repeat,0.5,57,specimen_57,30,315,1.0,0.25053182441297156,0.21433950294703707
familiar,transfer,reverse,fixed_features,repeat,0.5,57,specimen_57,50,45,0.5,0.34455919606104696,1.8344216573696523
familiar,transfer,reverse,fixed_features,repeat,0.5,57,specimen_57,50,45,1.0,0.3140943665111516,1.5161172089040478
familiar,transfer,reverse,fixed_features,repeat,0.5,57,specimen_57,50,90,1.0,0.4184925371499219,2.0553939785911113
familiar,transfer,reverse,fixed_features,repeat,0.5,57,specimen_57,50,135,0.5,0.3940883881879292,1.8408880680998887
familiar,transfer,reverse,fixed_features,repeat,0.5,57,specimen_57,50,135,1.0,0.3487594897397643,1.5645817670938573
familiar,transfer,reverse,fixed_features,repeat,0.5,57,specimen_57,50,180,0.5,0.42405797778609133,0.16420378342646214
familiar,transfer,reverse,fixed_features,repeat,0.5,57,specimen_57,50,180,1.0,0.360912533529373,0.19455369980665727
familiar,transfer,reverse,fixed_features,repeat,0.5,57,specimen_57,50,225,0.5,0.352097312872022,1.3040136906511428
familiar,transfer,reverse,fixed_features,repeat,0.5,57,specimen_57,50,225,1.0,0.3671680072246744,1.1536277001970099
familiar,transfer,reverse,fixed_features,repeat,0.5,57,specimen_57,50,270,0.5,0.46455542347683315,1.7888566063118891
familiar,transfer,reverse,fixed_features,repeat,0.5,57,specimen_57,50,270,1.0,0.3557804438634086,1.413710885302459
familiar,transfer,reverse,fixed_features,repeat,0.5,57,specimen_57,50,315,0.5,0.28504923129758947,1.1527419356083635
familiar,transfer,reverse,fixed_features,repeat,0.5,57,specimen_57,50,315,1.0,0.28779992976556096,1.073765907630407
familiar,transfer,reverse,fixed_features,single,0.5,10,specimen_10,30,45,0.5,0.2700005880476046,0.2279761757205918
familiar,transfer,reverse,fixed_features,single,0.5,10,specimen_10,30,45,1.0,0.24883620224863598,0.34335021048012704
familiar,transfer,reverse,fixed_features,single,0.5,10,specimen_10,30,90,1.0,0.34964289330024206,0.6330588421478971
familiar,transfer,reverse,fixed_features,single,0.5,10,specimen_10,30,135,0.5,0.1860600291240441,0.3401475521384614
familiar,transfer,reverse,fixed_features,single,0.5,10,specimen_10,30,135,1.0,0.18143362784809983,0.33833786494668405
familiar,transfer,reverse,fixed_features,single,0.5,10,specimen_10,30,180,0.5,0.3122680480141889,0.07977067029518425
familiar,transfer,reverse,fixed_features,single,0.5,10,specimen_10,30,180,1.0,0.314865355112317,0.08888496493584852
familiar,transfer,reverse,fixed_features,single,0.5,10,specimen_10,30,225,0.5,0.21977213279815433,0.16301369215974587
familiar,transfer,reverse,fixed_features,single,0.5,10,specimen_10,30,225,1.0,0.19918802617238054,0.1956861008933357
familiar,transfer,reverse,fixed_features,single,0.5,10,specimen_10,30,270,0.5,0.36736136745010123,0.9155643889926183
familiar,transfer,reverse,fixed_features,single,0.5,10,specimen_10,30,270,1.0,0.31340567151668947,0.4939502255768653
familiar,transfer,reverse,fixed_features,single,0.5,10,specimen_10,30,315,0.5,0.18914108609923666,0.14295871265545157
familiar,transfer,reverse,fixed_features,single,0.5,10,specimen_10,30,315,1.0,0.19971873393288583,0.0841946196243556
familiar,transfer,reverse,fixed_features,single,0.5,10,specimen_10,50,45,0.5,0.26096141836676184,0.9220341222440913
familiar,transfer,reverse,fixed_features,single,0.5,10,specimen_10,50,45,1.0,0.2528420727803495,0.8358206318600581
familiar,transfer,reverse,fixed_features,single,0.5,10,specimen_10,50,90,1.0,0.38759341054818625,0.83013909918993
familiar,transfer,reverse,fixed_features,single,0.5,10,specimen_10,50,135,0.5,0.3056258230184301,1.605885529823105
familiar,transfer,reverse,fixed_features,single,0.5,10,specimen_10,50,135,1.0,0.2895761719863688,1.0101500329386734
familiar,transfer,reverse,fixed_features,single,0.5,10,specimen_10,50,180,0.5,0.3909023438085433,0.07007025956322999
familiar,transfer,reverse,fixed_features,single,0.5,10,specimen_10,50,180,1.0,0.3828410963924184,0.10059342797357884
familiar,transfer,reverse,fixed_features,single,0.5,10,specimen_10,50,225,0.5,0.2883558746731009,0.922034552065508
familiar,transfer,reverse,fixed_features,single,0.5,10,specimen_10,50,225,1.0,0.2757595342087222,0.8290129533115654
familiar,transfer,reverse,fixed_features,single,0.5,10,specimen_10,50,270,0.5,0.3497222543774634,1.1570825509863547
familiar,transfer,reverse,fixed_features,single,0.5,10,specimen_10,50,270,1.0,0.30362191477170614,0.7803439142054032
familiar,transfer,reverse,fixed_features,single,0.5,10,specimen_10,50,315,0.5,0.24942600416007385,0.4541572763060505
familiar,transfer,reverse,fixed_features,single,0.5,10,specimen_10,50,315,1.0,0.23945512072244823,0.30205459723811456
familiar,transfer,reverse,fixed_features,single,0.5,57,specimen_57,30,45,0.5,0.2318432260641524,0.2861101384903826
familiar,transfer,reverse,fixed_features,single,0.5,57,specimen_57,30,45,1.0,0.27134048934358473,0.20597156320596544
familiar,transfer,reverse,fixed_features,single,0.5,57,specimen_57,30,90,1.0,0.3351290228095752,0.9564853371205133
familiar,transfer,reverse,fixed_features,single,0.5,57,specimen_57,30,135,0.5,0.26530562067126634,0.33165559144822226
familiar,transfer,reverse,fixed_features,single,0.5,57,specimen_57,30,135,1.0,0.2320662018195158,0.34028343546058176
familiar,transfer,reverse,fixed_features,single,0.5,57,specimen_57,30,180,0.5,0.31137128045631773,0.13650890350954797
familiar,transfer,reverse,fixed_features,single,0.5,57,specimen_57,30,180,1.0,0.2799309113407414,0.12507227222459946
familiar,transfer,reverse,fixed_features,single,0.5,57,specimen_57,30,225,0.5,0.23574773957898423,0.35899028355501195
familiar,transfer,reverse,fixed_features,single,0.5,57,specimen_57,30,225,1.0,0.25715783527129155,0.35874930677915845
familiar,transfer,reverse,fixed_features,single,0.5,57,specimen_57,30,270,0.5,0.2907920364775027,2.037760482641871
familiar,transfer,reverse,fixed_features,single,0.5,57,specimen_57,30,270,1.0,0.2945372085550582,1.7265190430140653
familiar,transfer,reverse,fixed_features,single,0.5,57,specimen_57,30,315,0.5,0.2791837857117281,0.14967091644483932
familiar,transfer,reverse,fixed_features,single,0.5,57,specimen_57,30,315,1.0,0.2522512378958361,0.20136422546937915
familiar,transfer,reverse,fixed_features,single,0.5,57,specimen_57,50,45,0.5,0.3481392170385425,1.8125241967707368
familiar,transfer,reverse,fixed_features,single,0.5,57,specimen_57,50,45,1.0,0.31379174862788867,1.4921087283671182
familiar,transfer,reverse,fixed_features,single,0.5,57,specimen_57,50,90,1.0,0.3985591883067352,2.031907379408903
familiar,transfer,reverse,fixed_features,single,0.5,57,specimen_57,50,135,0.5,0.3796896495730711,1.8211182884700592
familiar,transfer,reverse,fixed_features,single,0.5,57,specimen_57,50,135,1.0,0.35900863299695257,1.5427245513079582
familiar,transfer,reverse,fixed_features,single,0.5,57,specimen_57,50,180,0.5,0.4612380213943919,0.1461185628273689
familiar,transfer,reverse,fixed_features,single,0.5,57,specimen_57,50,180,1.0,0.39945728350742266,0.17461508945284687
familiar,transfer,reverse,fixed_features,single,0.5,57,specimen_57,50,225,0.5,0.35609439944060545,1.286458396314752
familiar,transfer,reverse,fixed_features,single,0.5,57,specimen_57,50,225,1.0,0.3893492255642557,1.1343690686688714
familiar,transfer,reverse,fixed_features,single,0.5,57,specimen_57,50,270,0.5,0.43051035111072894,1.7701750737050514
familiar,transfer,reverse,fixed_features,single,0.5,57,specimen_57,50,270,1.0,0.333398451186009,1.3933194497404242
familiar,transfer,reverse,fixed_features,single,0.5,57,specimen_57,50,315,0.5,0.2877825243897297,1.1322504138431637
familiar,transfer,reverse,fixed_features,single,0.5,57,specimen_57,50,315,1.0,0.3013147270382044,1.0514709319387183
familiar,transfer,reverse,retrieval,direction,0.5,10,specimen_10,30,45,0.5,0.1127077821721429,0.059748303221434096
familiar,transfer,reverse,retrieval,direction,0.5,10,specimen_10,30,45,1.0,0.14681972849069005,0.21237688868317517
familiar,transfer,reverse,retrieval,direction,0.5,10,specimen_10,30,90,1.0,0.14796995933442594,0.07461138552957602
familiar,transfer,reverse,retrieval,direction,0.5,10,specimen_10,30,135,0.5,0.14257359517869786,0.07790123213489497
familiar,transfer,reverse,retrieval,direction,0.5,10,specimen_10,30,135,1.0,0.10969812441714134,0.02780979497990277
familiar,transfer,reverse,retrieval,direction,0.5,10,specimen_10,30,180,0.5,0.13939644677650664,0.027004330587113434
familiar,transfer,reverse,retrieval,direction,0.5,10,specimen_10,30,180,1.0,0.13923979056621386,0.0439034354942488
familiar,transfer,reverse,retrieval,direction,0.5,10,specimen_10,30,225,0.5,0.17414174823071973,0.07620870326094742
familiar,transfer,reverse,retrieval,direction,0.5,10,specimen_10,30,225,1.0,0.11533479304953322,0.03207230635764091
familiar,transfer,reverse,retrieval,direction,0.5,10,specimen_10,30,270,0.5,0.13332006497583565,0.05307700486713163
familiar,transfer,reverse,retrieval,direction,0.5,10,specimen_10,30,270,1.0,0.16133149948206613,0.22022585374867787
familiar,transfer,reverse,retrieval,direction,0.5,10,specimen_10,30,315,0.5,0.15116705857535026,0.08573928599529745
familiar,transfer,reverse,retrieval,direction,0.5,10,specimen_10,30,315,1.0,0.13713999403955648,0.04230212140145717
familiar,transfer,reverse,retrieval,direction,0.5,10,specimen_10,50,45,0.5,0.13369456867930857,0.10902157150779201
familiar,transfer,reverse,retrieval,direction,0.5,10,specimen_10,50,45,1.0,0.12278311464623692,0.02022914226953909
familiar,transfer,reverse,retrieval,direction,0.5,10,specimen_10,50,90,1.0,0.2281117634441622,0.6821673687865253
familiar,transfer,reverse,retrieval,direction,0.5,10,specimen_10,50,135,0.5,0.10714888839436748,0.19012699362226249
familiar,transfer,reverse,retrieval,direction,0.5,10,specimen_10,50,135,1.0,0.11627358574518887,0.10009692906094814
familiar,transfer,reverse,retrieval,direction,0.5,10,specimen_10,50,180,0.5,0.12071006009029728,0.03070146584234079
familiar,transfer,reverse,retrieval,direction,0.5,10,specimen_10,50,180,1.0,0.13407045886898641,0.1063061291496713
familiar,transfer,reverse,retrieval,direction,0.5,10,specimen_10,50,225,0.5,0.15202355087322308,0.024990532805207355
familiar,transfer,reverse,retrieval,direction,0.5,10,specimen_10,50,225,1.0,0.11356987250130475,0.005899495079352057
familiar,transfer,reverse,retrieval,direction,0.5,10,specimen_10,50,270,0.5,0.15385065487758062,0.1612239149665431
familiar,transfer,reverse,retrieval,direction,0.5,10,specimen_10,50,270,1.0,0.15786178543358784,0.13686380191357728
familiar,transfer,reverse,retrieval,direction,0.5,10,specimen_10,50,315,0.5,0.12883324720175013,0.11806585302783734
familiar,transfer,reverse,retrieval,direction,0.5,10,specimen_10,50,315,1.0,0.14698730750094308,0.13766248768467393
familiar,transfer,reverse,retrieval,direction,0.5,57,specimen_57,30,45,0.5,0.1152341396738908,0.02710121072650784
familiar,transfer,reverse,retrieval,direction,0.5,57,specimen_57,30,45,1.0,0.1411216994407871,0.08829233149769622
familiar,transfer,reverse,retrieval,direction,0.5,57,specimen_57,30,90,1.0,0.13666713067159167,0.1596026529195056
familiar,transfer,reverse,retrieval,direction,0.5,57,specimen_57,30,135,0.5,0.1694684517299526,0.08072937329018115
familiar,transfer,reverse,retrieval,direction,0.5,57,specimen_57,30,135,1.0,0.1275374521207902,0.010694404517093914
familiar,transfer,reverse,retrieval,direction,0.5,57,specimen_57,30,180,0.5,0.15183083590344124,0.009339092036464158
familiar,transfer,reverse,retrieval,direction,0.5,57,specimen_57,30,180,1.0,0.1546363230657106,0.010550216578266325
familiar,transfer,reverse,retrieval,direction,0.5,57,specimen_57,30,225,0.5,0.17186584158843057,0.16573902415670705
familiar,transfer,reverse,retrieval,direction,0.5,57,specimen_57,30,225,1.0,0.13542710971371386,0.12255180315621728
familiar,transfer,reverse,retrieval,direction,0.5,57,specimen_57,30,270,0.5,0.11058042670702461,0.13351978646102047
familiar,transfer,reverse,retrieval,direction,0.5,57,specimen_57,30,270,1.0,0.13312231706379157,0.18334082716656908
familiar,transfer,reverse,retrieval,direction,0.5,57,specimen_57,30,315,0.5,0.16886013494484384,0.14484190257888796
familiar,transfer,reverse,retrieval,direction,0.5,57,specimen_57,30,315,1.0,0.1548057869464757,0.0018387286201132502
familiar,transfer,reverse,retrieval,direction,0.5,57,specimen_57,50,45,0.5,0.14027134910636677,0.13935181754222992
familiar,transfer,reverse,retrieval,direction,0.5,57,specimen_57,50,45,1.0,0.11914788840433292,0.3056466990215312
familiar,transfer,reverse,retrieval,direction,0.5,57,specimen_57,50,90,1.0,0.16845923887627237,0.08848198285298281
familiar,transfer,reverse,retrieval,direction,0.5,57,specimen_57,50,135,0.5,0.18363360368430168,0.043819799441382035
familiar,transfer,reverse,retrieval,direction,0.5,57,specimen_57,50,135,1.0,0.16490335167643153,0.05213124724270868
familiar,transfer,reverse,retrieval,direction,0.5,57,specimen_57,50,180,0.5,0.14852330948002265,0.007555563536019827
familiar,transfer,reverse,retrieval,direction,0.5,57,specimen_57,50,180,1.0,0.13747123549906118,0.009552029263981687
familiar,transfer,reverse,retrieval,direction,0.5,57,specimen_57,50,225,0.5,0.19347865622756996,0.2933918054474962
familiar,transfer,reverse,retrieval,direction,0.5,57,specimen_57,50,225,1.0,0.16639762693049634,0.24669247482915435
familiar,transfer,reverse,retrieval,direction,0.5,57,specimen_57,50,270,0.5,0.1758455116860402,0.1886527503740827
familiar,transfer,reverse,retrieval,direction,0.5,57,specimen_57,50,270,1.0,0.17737582141388805,0.03104371654624405
familiar,transfer,reverse,retrieval,direction,0.5,57,specimen_57,50,315,0.5,0.14647850488244998,0.036347612974928056
familiar,transfer,reverse,retrieval,direction,0.5,57,specimen_57,50,315,1.0,0.18045859676081585,0.03080699077758564
familiar,transfer,reverse,retrieval,repeat,0.5,10,specimen_10,30,45,0.5,0.1127077821721429,0.059748303221434096
familiar,transfer,reverse,retrieval,repeat,0.5,10,specimen_10,30,45,1.0,0.14681972849069005,0.21237688868317517
familiar,transfer,reverse,retrieval,repeat,0.5,10,specimen_10,30,90,1.0,0.14796995933442594,0.07461138552957602
familiar,transfer,reverse,retrieval,repeat,0.5,10,specimen_10,30,135,0.5,0.14257359517869786,0.07790123213489497
familiar,transfer,reverse,retrieval,repeat,0.5,10,specimen_10,30,135,1.0,0.10969812441714134,0.02780979497990277
familiar,transfer,reverse,retrieval,repeat,0.5,10,specimen_10,30,180,0.5,0.13939644677650664,0.027004330587113434
familiar,transfer,reverse,retrieval,repeat,0.5,10,specimen_10,30,180,1.0,0.13923979056621386,0.0439034354942488
familiar,transfer,reverse,retrieval,repeat,0.5,10,specimen_10,30,225,0.5,0.17414174823071973,0.07620870326094742
familiar,transfer,reverse,retrieval,repeat,0.5,10,specimen_10,30,225,1.0,0.11533479304953322,0.03207230635764091
familiar,transfer,reverse,retrieval,repeat,0.5,10,specimen_10,30,270,0.5,0.13332006497583565,0.05307700486713163
familiar,transfer,reverse,retrieval,repeat,0.5,10,specimen_10,30,270,1.0,0.16133149948206613,0.22022585374867787
familiar,transfer,reverse,retrieval,repeat,0.5,10,specimen_10,30,315,0.5,0.15116705857535026,0.08573928599529745
familiar,transfer,reverse,retrieval,repeat,0.5,10,specimen_10,30,315,1.0,0.13713999403955648,0.04230212140145717
familiar,transfer,reverse,retrieval,repeat,0.5,10,specimen_10,50,45,0.5,0.13369456867930857,0.10902157150779201
familiar,transfer,reverse,retrieval,repeat,0.5,10,specimen_10,50,45,1.0,0.12278311464623692,0.02022914226953909
familiar,transfer,reverse,retrieval,repeat,0.5,10,specimen_10,50,90,1.0,0.2281117634441622,0.6821673687865253
familiar,transfer,reverse,retrieval,repeat,0.5,10,specimen_10,50,135,0.5,0.10714888839436748,0.19012699362226249
familiar,transfer,reverse,retrieval,repeat,0.5,10,specimen_10,50,135,1.0,0.11627358574518887,0.10009692906094814
familiar,transfer,reverse,retrieval,repeat,0.5,10,specimen_10,50,180,0.5,0.12071006009029728,0.03070146584234079
familiar,transfer,reverse,retrieval,repeat,0.5,10,specimen_10,50,180,1.0,0.13407045886898641,0.1063061291496713
familiar,transfer,reverse,retrieval,repeat,0.5,10,specimen_10,50,225,0.5,0.15202355087322308,0.024990532805207355
familiar,transfer,reverse,retrieval,repeat,0.5,10,specimen_10,50,225,1.0,0.11356987250130475,0.005899495079352057
familiar,transfer,reverse,retrieval,repeat,0.5,10,specimen_10,50,270,0.5,0.15385065487758062,0.1612239149665431
familiar,transfer,reverse,retrieval,repeat,0.5,10,specimen_10,50,270,1.0,0.15786178543358784,0.13686380191357728
familiar,transfer,reverse,retrieval,repeat,0.5,10,specimen_10,50,315,0.5,0.12883324720175013,0.11806585302783734
familiar,transfer,reverse,retrieval,repeat,0.5,10,specimen_10,50,315,1.0,0.14698730750094308,0.13766248768467393
familiar,transfer,reverse,retrieval,repeat,0.5,57,specimen_57,30,45,0.5,0.1152341396738908,0.02710121072650784
familiar,transfer,reverse,retrieval,repeat,0.5,57,specimen_57,30,45,1.0,0.1411216994407871,0.08829233149769622
familiar,transfer,reverse,retrieval,repeat,0.5,57,specimen_57,30,90,1.0,0.13666713067159167,0.1596026529195056
familiar,transfer,reverse,retrieval,repeat,0.5,57,specimen_57,30,135,0.5,0.1694684517299526,0.08072937329018115
familiar,transfer,reverse,retrieval,repeat,0.5,57,specimen_57,30,135,1.0,0.1275374521207902,0.010694404517093914
familiar,transfer,reverse,retrieval,repeat,0.5,57,specimen_57,30,180,0.5,0.15183083590344124,0.009339092036464158
familiar,transfer,reverse,retrieval,repeat,0.5,57,specimen_57,30,180,1.0,0.1546363230657106,0.010550216578266325
familiar,transfer,reverse,retrieval,repeat,0.5,57,specimen_57,30,225,0.5,0.17186584158843057,0.16573902415670705
familiar,transfer,reverse,retrieval,repeat,0.5,57,specimen_57,30,225,1.0,0.13542710971371386,0.12255180315621728
familiar,transfer,reverse,retrieval,repeat,0.5,57,specimen_57,30,270,0.5,0.11058042670702461,0.13351978646102047
familiar,transfer,reverse,retrieval,repeat,0.5,57,specimen_57,30,270,1.0,0.13312231706379157,0.18334082716656908
familiar,transfer,reverse,retrieval,repeat,0.5,57,specimen_57,30,315,0.5,0.16886013494484384,0.14484190257888796
familiar,transfer,reverse,retrieval,repeat,0.5,57,specimen_57,30,315,1.0,0.1548057869464757,0.0018387286201132502
familiar,transfer,reverse,retrieval,repeat,0.5,57,specimen_57,50,45,0.5,0.14027134910636677,0.13935181754222992
familiar,transfer,reverse,retrieval,repeat,0.5,57,specimen_57,50,45,1.0,0.11914788840433292,0.3056466990215312
familiar,transfer,reverse,retrieval,repeat,0.5,57,specimen_57,50,90,1.0,0.16845923887627237,0.08848198285298281
familiar,transfer,reverse,retrieval,repeat,0.5,57,specimen_57,50,135,0.5,0.18363360368430168,0.043819799441382035
familiar,transfer,reverse,retrieval,repeat,0.5,57,specimen_57,50,135,1.0,0.16490335167643153,0.05213124724270868
familiar,transfer,reverse,retrieval,repeat,0.5,57,specimen_57,50,180,0.5,0.14852330948002265,0.007555563536019827
familiar,transfer,reverse,retrieval,repeat,0.5,57,specimen_57,50,180,1.0,0.13747123549906118,0.009552029263981687
familiar,transfer,reverse,retrieval,repeat,0.5,57,specimen_57,50,225,0.5,0.19347865622756996,0.2933918054474962
familiar,transfer,reverse,retrieval,repeat,0.5,57,specimen_57,50,225,1.0,0.16639762693049634,0.24669247482915435
familiar,transfer,reverse,retrieval,repeat,0.5,57,specimen_57,50,270,0.5,0.1758455116860402,0.1886527503740827
familiar,transfer,reverse,retrieval,repeat,0.5,57,specimen_57,50,270,1.0,0.17737582141388805,0.03104371654624405
familiar,transfer,reverse,retrieval,repeat,0.5,57,specimen_57,50,315,0.5,0.14647850488244998,0.036347612974928056
familiar,transfer,reverse,retrieval,repeat,0.5,57,specimen_57,50,315,1.0,0.18045859676081585,0.03080699077758564
familiar,transfer,reverse,retrieval,single,0.5,10,specimen_10,30,45,0.5,0.1127077821721429,0.059748303221434096
familiar,transfer,reverse,retrieval,single,0.5,10,specimen_10,30,45,1.0,0.14681972849069005,0.21237688868317517
familiar,transfer,reverse,retrieval,single,0.5,10,specimen_10,30,90,1.0,0.14796995933442594,0.07461138552957602
familiar,transfer,reverse,retrieval,single,0.5,10,specimen_10,30,135,0.5,0.14257359517869786,0.07790123213489497
familiar,transfer,reverse,retrieval,single,0.5,10,specimen_10,30,135,1.0,0.10969812441714134,0.02780979497990277
familiar,transfer,reverse,retrieval,single,0.5,10,specimen_10,30,180,0.5,0.13939644677650664,0.027004330587113434
familiar,transfer,reverse,retrieval,single,0.5,10,specimen_10,30,180,1.0,0.13923979056621386,0.0439034354942488
familiar,transfer,reverse,retrieval,single,0.5,10,specimen_10,30,225,0.5,0.17414174823071973,0.07620870326094742
familiar,transfer,reverse,retrieval,single,0.5,10,specimen_10,30,225,1.0,0.11533479304953322,0.03207230635764091
familiar,transfer,reverse,retrieval,single,0.5,10,specimen_10,30,270,0.5,0.13332006497583565,0.05307700486713163
familiar,transfer,reverse,retrieval,single,0.5,10,specimen_10,30,270,1.0,0.16133149948206613,0.22022585374867787
familiar,transfer,reverse,retrieval,single,0.5,10,specimen_10,30,315,0.5,0.15116705857535026,0.08573928599529745
familiar,transfer,reverse,retrieval,single,0.5,10,specimen_10,30,315,1.0,0.13713999403955648,0.04230212140145717
familiar,transfer,reverse,retrieval,single,0.5,10,specimen_10,50,45,0.5,0.13369456867930857,0.10902157150779201
familiar,transfer,reverse,retrieval,single,0.5,10,specimen_10,50,45,1.0,0.12278311464623692,0.02022914226953909
familiar,transfer,reverse,retrieval,single,0.5,10,specimen_10,50,90,1.0,0.2281117634441622,0.6821673687865253
familiar,transfer,reverse,retrieval,single,0.5,10,specimen_10,50,135,0.5,0.10714888839436748,0.19012699362226249
familiar,transfer,reverse,retrieval,single,0.5,10,specimen_10,50,135,1.0,0.11627358574518887,0.10009692906094814
familiar,transfer,reverse,retrieval,single,0.5,10,specimen_10,50,180,0.5,0.12071006009029728,0.03070146584234079
familiar,transfer,reverse,retrieval,single,0.5,10,specimen_10,50,180,1.0,0.13407045886898641,0.1063061291496713
familiar,transfer,reverse,retrieval,single,0.5,10,specimen_10,50,225,0.5,0.15202355087322308,0.024990532805207355
familiar,transfer,reverse,retrieval,single,0.5,10,specimen_10,50,225,1.0,0.11356987250130475,0.005899495079352057
familiar,transfer,reverse,retrieval,single,0.5,10,specimen_10,50,270,0.5,0.15385065487758062,0.1612239149665431
familiar,transfer,reverse,retrieval,single,0.5,10,specimen_10,50,270,1.0,0.15786178543358784,0.13686380191357728
familiar,transfer,reverse,retrieval,single,0.5,10,specimen_10,50,315,0.5,0.12883324720175013,0.11806585302783734
familiar,transfer,reverse,retrieval,single,0.5,10,specimen_10,50,315,1.0,0.14698730750094308,0.13766248768467393
familiar,transfer,reverse,retrieval,single,0.5,57,specimen_57,30,45,0.5,0.1152341396738908,0.02710121072650784
familiar,transfer,reverse,retrieval,single,0.5,57,specimen_57,30,45,1.0,0.1411216994407871,0.08829233149769622
familiar,transfer,reverse,retrieval,single,0.5,57,specimen_57,30,90,1.0,0.13666713067159167,0.1596026529195056
familiar,transfer,reverse,retrieval,single,0.5,57,specimen_57,30,135,0.5,0.1694684517299526,0.08072937329018115
familiar,transfer,reverse,retrieval,single,0.5,57,specimen_57,30,135,1.0,0.1275374521207902,0.010694404517093914
familiar,transfer,reverse,retrieval,single,0.5,57,specimen_57,30,180,0.5,0.15183083590344124,0.009339092036464158
familiar,transfer,reverse,retrieval,single,0.5,57,specimen_57,30,180,1.0,0.1546363230657106,0.010550216578266325
familiar,transfer,reverse,retrieval,single,0.5,57,specimen_57,30,225,0.5,0.17186584158843057,0.16573902415670705
familiar,transfer,reverse,retrieval,single,0.5,57,specimen_57,30,225,1.0,0.13542710971371386,0.12255180315621728
familiar,transfer,reverse,retrieval,single,0.5,57,specimen_57,30,270,0.5,0.11058042670702461,0.13351978646102047
familiar,transfer,reverse,retrieval,single,0.5,57,specimen_57,30,270,1.0,0.13312231706379157,0.18334082716656908
familiar,transfer,reverse,retrieval,single,0.5,57,specimen_57,30,315,0.5,0.16886013494484384,0.14484190257888796
familiar,transfer,reverse,retrieval,single,0.5,57,specimen_57,30,315,1.0,0.1548057869464757,0.0018387286201132502
familiar,transfer,reverse,retrieval,single,0.5,57,specimen_57,50,45,0.5,0.14027134910636677,0.13935181754222992
familiar,transfer,reverse,retrieval,single,0.5,57,specimen_57,50,45,1.0,0.11914788840433292,0.3056466990215312
familiar,transfer,reverse,retrieval,single,0.5,57,specimen_57,50,90,1.0,0.16845923887627237,0.08848198285298281
familiar,transfer,reverse,retrieval,single,0.5,57,specimen_57,50,135,0.5,0.18363360368430168,0.043819799441382035
familiar,transfer,reverse,retrieval,single,0.5,57,specimen_57,50,135,1.0,0.16490335167643153,0.05213124724270868
familiar,transfer,reverse,retrieval,single,0.5,57,specimen_57,50,180,0.5,0.14852330948002265,0.007555563536019827
familiar,transfer,reverse,retrieval,single,0.5,57,specimen_57,50,180,1.0,0.13747123549906118,0.009552029263981687
familiar,transfer,reverse,retrieval,single,0.5,57,specimen_57,50,225,0.5,0.19347865622756996,0.2933918054474962
familiar,transfer,reverse,retrieval,single,0.5,57,specimen_57,50,225,1.0,0.16639762693049634,0.24669247482915435
familiar,transfer,reverse,retrieval,single,0.5,57,specimen_57,50,270,0.5,0.1758455116860402,0.1886527503740827
familiar,transfer,reverse,retrieval,single,0.5,57,specimen_57,50,270,1.0,0.17737582141388805,0.03104371654624405
familiar,transfer,reverse,retrieval,single,0.5,57,specimen_57,50,315,0.5,0.14647850488244998,0.036347612974928056
familiar,transfer,reverse,retrieval,single,0.5,57,specimen_57,50,315,1.0,0.18045859676081585,0.03080699077758564
familiar,transfer,reverse,speed_rescaling,direction,0.5,10,specimen_10,30,45,0.5,0.5216581004066603,0.19786890355984454
familiar,transfer,reverse,speed_rescaling,direction,0.5,10,specimen_10,30,45,1.0,0.5157687618754349,0.1788560842613066
familiar,transfer,reverse,speed_rescaling,direction,0.5,10,specimen_10,30,90,1.0,0.4095265722059765,0.980982666359125
familiar,transfer,reverse,speed_rescaling,direction,0.5,10,specimen_10,30,135,0.5,0.514646943401376,0.974942299104819
familiar,transfer,reverse,speed_rescaling,direction,0.5,10,specimen_10,30,135,1.0,0.4821568281230322,1.3565733663966693
familiar,transfer,reverse,speed_rescaling,direction,0.5,10,specimen_10,30,180,0.5,0.7619794863063823,1.4532248954933888
familiar,transfer,reverse,speed_rescaling,direction,0.5,10,specimen_10,30,180,1.0,0.7653310860442469,1.8454556501105874
familiar,transfer,reverse,speed_rescaling,direction,0.5,10,specimen_10,30,225,0.5,0.5012244866488448,0.07388777460396445
familiar,transfer,reverse,speed_rescaling,direction,0.5,10,specimen_10,30,225,1.0,0.48452945548091114,0.1789706558554277
familiar,transfer,reverse,speed_rescaling,direction,0.5,10,specimen_10,30,270,0.5,0.6823084482484335,0.7317207703392645
familiar,transfer,reverse,speed_rescaling,direction,0.5,10,specimen_10,30,270,1.0,0.6922676618570444,0.17114975248570474
familiar,transfer,reverse,speed_rescaling,direction,0.5,10,specimen_10,30,315,0.5,0.4700480672688814,0.04651902515787343
familiar,transfer,reverse,speed_rescaling,direction,0.5,10,specimen_10,30,315,1.0,0.5168539991858659,0.15119408831864212
familiar,transfer,reverse,speed_rescaling,direction,0.5,10,specimen_10,50,45,0.5,0.673469634391056,1.1415615780209305
familiar,transfer,reverse,speed_rescaling,direction,0.5,10,specimen_10,50,45,1.0,0.6478390524559102,0.9166554265470883
familiar,transfer,reverse,speed_rescaling,direction,0.5,10,specimen_10,50,90,1.0,0.4880050415102022,0.8309240279993382
familiar,transfer,reverse,speed_rescaling,direction,0.5,10,specimen_10,50,135,0.5,0.6016268851743388,0.2606162598755688
familiar,transfer,reverse,speed_rescaling,direction,0.5,10,specimen_10,50,135,1.0,0.5537067887384376,0.7667916472136416
familiar,transfer,reverse,speed_rescaling,direction,0.5,10,specimen_10,50,180,0.5,0.7960375911325093,1.359327497212891
familiar,transfer,reverse,speed_rescaling,direction,0.5,10,specimen_10,50,180,1.0,0.786564646312358,1.7655509245362206
familiar,transfer,reverse,speed_rescaling,direction,0.5,10,specimen_10,50,225,0.5,0.6420501069001011,0.848868584454305
familiar,transfer,reverse,speed_rescaling,direction,0.5,10,specimen_10,50,225,1.0,0.6428434629110749,0.611315083503724
familiar,transfer,reverse,speed_rescaling,direction,0.5,10,specimen_10,50,270,0.5,0.7965588735059974,1.163752642058284
familiar,transfer,reverse,speed_rescaling,direction,0.5,10,specimen_10,50,270,1.0,0.7818324554089924,0.6416032987824387
familiar,transfer,reverse,speed_rescaling,direction,0.5,10,specimen_10,50,315,0.5,0.6175884133363939,0.5854428279359433
familiar,transfer,reverse,speed_rescaling,direction,0.5,10,specimen_10,50,315,1.0,0.62777891649023,0.2885933287412643
familiar,transfer,reverse,speed_rescaling,direction,0.5,57,specimen_57,30,45,0.5,0.46641509258330266,0.5209782515061301
familiar,transfer,reverse,speed_rescaling,direction,0.5,57,specimen_57,30,45,1.0,0.4333026986686077,0.38556448605410315
familiar,transfer,reverse,speed_rescaling,direction,0.5,57,specimen_57,30,90,1.0,0.5505379217130646,0.8357449885420865
familiar,transfer,reverse,speed_rescaling,direction,0.5,57,specimen_57,30,135,0.5,0.5833165147343906,1.1292205508800142
familiar,transfer,reverse,speed_rescaling,direction,0.5,57,specimen_57,30,135,1.0,0.6264649770882653,1.5157292263917586
familiar,transfer,reverse,speed_rescaling,direction,0.5,57,specimen_57,30,180,0.5,0.7809179087247357,1.6375742873438288
familiar,transfer,reverse,speed_rescaling,direction,0.5,57,specimen_57,30,180,1.0,0.8278592194019604,2.0220470847977947
familiar,transfer,reverse,speed_rescaling,direction,0.5,57,specimen_57,30,225,0.5,0.45057698256703116,0.4346351058572017
familiar,transfer,reverse,speed_rescaling,direction,0.5,57,specimen_57,30,225,1.0,0.4469671068838204,0.379915160833246
familiar,transfer,reverse,speed_rescaling,direction,0.5,57,specimen_57,30,270,0.5,0.544036986969643,2.158108946929598
familiar,transfer,reverse,speed_rescaling,direction,0.5,57,specimen_57,30,270,1.0,0.50132593782274,1.7917581068692603
familiar,transfer,reverse,speed_rescaling,direction,0.5,57,specimen_57,30,315,0.5,0.42940553820424104,0.33945566859281545
familiar,transfer,reverse,speed_rescaling,direction,0.5,57,specimen_57,30,315,1.0,0.45721305020569636,0.33530088591309765
familiar,transfer,reverse,speed_rescaling,direction,0.5,57,specimen_57,50,45,0.5,0.7492908404624935,2.258803813364376
familiar,transfer,reverse,speed_rescaling,direction,0.5,57,specimen_57,50,45,1.0,0.6689169506027707,1.8847646685020303
familiar,transfer,reverse,speed_rescaling,direction,0.5,57,specimen_57,50,90,1.0,0.5131240502640484,0.08691276807333459
familiar,transfer,reverse,speed_rescaling,direction,0.5,57,specimen_57,50,135,0.5,0.6755652289887178,0.2415491284861404
familiar,transfer,reverse,speed_rescaling,direction,0.5,57,specimen_57,50,135,1.0,0.789987334502695,0.491716247170213
familiar,transfer,reverse,speed_rescaling,direction,0.5,57,specimen_57,50,180,0.5,1.002355392303835,1.48992576701982
familiar,transfer,reverse,speed_rescaling,direction,0.5,57,specimen_57,50,180,1.0,1.0479030755064827,1.9176299116441606
familiar,transfer,reverse,speed_rescaling,direction,0.5,57,specimen_57,50,225,0.5,0.712199193661455,1.5122865370197014
familiar,transfer,reverse,speed_rescaling,direction,0.5,57,specimen_57,50,225,1.0,0.6836363738537804,1.3068340626529718
familiar,transfer,reverse,speed_rescaling,direction,0.5,57,specimen_57,50,270,0.5,0.7595021449346878,2.061545745504482
familiar,transfer,reverse,speed_rescaling,direction,0.5,57,specimen_57,50,270,1.0,0.617362032722437,1.6311235835689875
familiar,transfer,reverse,speed_rescaling,direction,0.5,57,specimen_57,50,315,0.5,0.7064119089587712,1.5207279120240498
familiar,transfer,reverse,speed_rescaling,direction,0.5,57,specimen_57,50,315,1.0,0.6541967255754151,1.385868352559517
familiar,transfer,reverse,speed_rescaling,repeat,0.5,10,specimen_10,30,45,0.5,0.4935352106871793,0.29512206948243114
familiar,transfer,reverse,speed_rescaling,repeat,0.5,10,specimen_10,30,45,1.0,0.49886019069800785,0.29723983781876806
familiar,transfer,reverse,speed_rescaling,repeat,0.5,10,specimen_10,30,90,1.0,0.6434566629036383,0.5290178646262079
familiar,transfer,reverse,speed_rescaling,repeat,0.5,10,specimen_10,30,135,0.5,0.47749119622956476,0.26553477456585906
familiar,transfer,reverse,speed_rescaling,repeat,0.5,10,specimen_10,30,135,1.0,0.4866353207434388,0.15342716458866368
familiar,transfer,reverse,speed_rescaling,repeat,0.5,10,specimen_10,30,180,0.5,0.33269561941019077,0.2127478218227109
familiar,transfer,reverse,speed_rescaling,repeat,0.5,10,specimen_10,30,180,1.0,0.352784826630288,0.3354551191252544
familiar,transfer,reverse,speed_rescaling,repeat,0.5,10,specimen_10,30,225,0.5,0.4681932529464412,0.023365391318622142
familiar,transfer,reverse,speed_rescaling,repeat,0.5,10,specimen_10,30,225,1.0,0.4583502665731712,0.06058690229796626
familiar,transfer,reverse,speed_rescaling,repeat,0.5,10,specimen_10,30,270,0.5,0.6617744534442224,0.8289739362618511
familiar,transfer,reverse,speed_rescaling,repeat,0.5,10,specimen_10,30,270,1.0,0.6793967825413229,0.2895335060431662
familiar,transfer,reverse,speed_rescaling,repeat,0.5,10,specimen_10,30,315,0.5,0.44430244347893494,0.14377219108046002
familiar,transfer,reverse,speed_rescaling,repeat,0.5,10,specimen_10,30,315,1.0,0.48763683690150605,0.03281033476118067
familiar,transfer,reverse,speed_rescaling,repeat,0.5,10,specimen_10,50,45,0.5,0.6848617374975804,1.2502279721957508
familiar,transfer,reverse,speed_rescaling,repeat,0.5,10,specimen_10,50,45,1.0,0.6654367130634126,1.048932206494899
familiar,transfer,reverse,speed_rescaling,repeat,0.5,10,specimen_10,50,90,1.0,0.8344959606133883,0.9614641717047743
familiar,transfer,reverse,speed_rescaling,repeat,0.5,10,specimen_10,50,135,0.5,0.6798634503025595,1.7330769797403147
familiar,transfer,reverse,speed_rescaling,repeat,0.5,10,specimen_10,50,135,1.0,0.6508749371045764,1.0255965524904709
familiar,transfer,reverse,speed_rescaling,repeat,0.5,10,specimen_10,50,180,0.5,0.4071117191866634,0.11313322265185488
familiar,transfer,reverse,speed_rescaling,repeat,0.5,10,specimen_10,50,180,1.0,0.37936848319368616,0.026837275167891694
familiar,transfer,reverse,speed_rescaling,repeat,0.5,10,specimen_10,50,225,0.5,0.6382841261369041,0.9575349786291254
familiar,transfer,reverse,speed_rescaling,repeat,0.5,10,specimen_10,50,225,1.0,0.622957233421023,0.7435918634515346
familiar,transfer,reverse,speed_rescaling,repeat,0.5,10,specimen_10,50,270,0.5,0.7806243695376051,1.2724190362331043
familiar,transfer,reverse,speed_rescaling,repeat,0.5,10,specimen_10,50,270,1.0,0.7743789805211404,0.7738800787302493
familiar,transfer,reverse,speed_rescaling,repeat,0.5,10,specimen_10,50,315,0.5,0.6212702295174594,0.6941092221107636
familiar,transfer,reverse,speed_rescaling,repeat,0.5,10,specimen_10,50,315,1.0,0.62934380932593,0.42087010868907493
familiar,transfer,reverse,speed_rescaling,repeat,0.5,57,specimen_57,30,45,0.5,0.5066265482475921,0.5357196168335067
familiar,transfer,reverse,speed_rescaling,repeat,0.5,57,specimen_57,30,45,1.0,0.4327477603864913,0.40350876728609697
familiar,transfer,reverse,speed_rescaling,repeat,0.5,57,specimen_57,30,90,1.0,0.5539567780625858,1.1004195361378744
familiar,transfer,reverse,speed_rescaling,repeat,0.5,57,specimen_57,30,135,0.5,0.4757025291407074,0.4613535280262573
familiar,transfer,reverse,speed_rescaling,repeat,0.5,57,specimen_57,30,135,1.0,0.5013501737667388,0.42043529828820225
familiar,transfer,reverse,speed_rescaling,repeat,0.5,57,specimen_57,30,180,0.5,0.2841111708363668,0.04700020843755742
familiar,transfer,reverse,speed_rescaling,repeat,0.5,57,specimen_57,30,180,1.0,0.31632081519927396,0.0858825601178341
familiar,transfer,reverse,speed_rescaling,repeat,0.5,57,specimen_57,30,225,0.5,0.4636501025422562,0.44937647118457824
familiar,transfer,reverse,speed_rescaling,repeat,0.5,57,specimen_57,30,225,1.0,0.4346854414064121,0.3978594420652398
familiar,transfer,reverse,speed_rescaling,repeat,0.5,57,specimen_57,30,270,0.5,0.5514255965040142,2.1728503122569744
familiar,transfer,reverse,speed_rescaling,repeat,0.5,57,specimen_57,30,270,1.0,0.4947596593165735,1.8097023881012542
familiar,transfer,reverse,speed_rescaling,repeat,0.5,57,specimen_57,30,315,0.5,0.4489067701075104,0.354197033920192
familiar,transfer,reverse,speed_rescaling,repeat,0.5,57,specimen_57,30,315,1.0,0.4452462073738359,0.35324516714509147
familiar,transfer,reverse,speed_rescaling,repeat,0.5,57,specimen_57,50,45,0.5,0.7740214039495221,2.274834798454468
familiar,transfer,reverse,speed_rescaling,repeat,0.5,57,specimen_57,50,45,1.0,0.6958222203241603,1.9042787703843223
familiar,transfer,reverse,speed_rescaling,repeat,0.5,57,specimen_57,50,90,1.0,0.7777056824363129,2.3694020981350907
familiar,transfer,reverse,speed_rescaling,repeat,0.5,57,specimen_57,50,135,0.5,0.8028968603952021,2.1166317041140927
familiar,transfer,reverse,speed_rescaling,repeat,0.5,57,specimen_57,50,135,1.0,0.7219951385846426,1.7907730828915431
familiar,transfer,reverse,speed_rescaling,repeat,0.5,57,specimen_57,50,180,0.5,0.37158325702279377,0.3851568086081324
familiar,transfer,reverse,speed_rescaling,repeat,0.5,57,specimen_57,50,180,1.0,0.40060071912185014,0.3648594184175955
familiar,transfer,reverse,speed_rescaling,repeat,0.5,57,specimen_57,50,225,0.5,0.7445890041362531,1.5283175221097935
familiar,transfer,reverse,speed_rescaling,repeat,0.5,57,specimen_57,50,225,1.0,0.6804641018918502,1.3263481645352637
familiar,transfer,reverse,speed_rescaling,repeat,0.5,57,specimen_57,50,270,0.5,0.8023567550415652,2.077576730594574
familiar,transfer,reverse,speed_rescaling,repeat,0.5,57,specimen_57,50,270,1.0,0.6602634624539205,1.6506376854512794
familiar,transfer,reverse,speed_rescaling,repeat,0.5,57,specimen_57,50,315,0.5,0.741961805316603,1.536758897114142
familiar,transfer,reverse,speed_rescaling,repeat,0.5,57,specimen_57,50,315,1.0,0.6768104397449798,1.405382454441809
familiar,transfer,reverse,speed_rescaling,single,0.5,10,specimen_10,30,45,0.5,0.5216581004066603,0.19786890355984454
familiar,transfer,reverse,speed_rescaling,single,0.5,10,specimen_10,30,45,1.0,0.5157687618754349,0.1788560842613066
familiar,transfer,reverse,speed_rescaling,single,0.5,10,specimen_10,30,90,1.0,0.6701933462458979,0.4106341110687465
familiar,transfer,reverse,speed_rescaling,single,0.5,10,specimen_10,30,135,0.5,0.4967664361396791,0.16828160864327246
familiar,transfer,reverse,speed_rescaling,single,0.5,10,specimen_10,30,135,1.0,0.5106555376574691,0.03504341103120223
familiar,transfer,reverse,speed_rescaling,single,0.5,10,specimen_10,30,180,0.5,0.3746447490617329,0.3100009877452975
familiar,transfer,reverse,speed_rescaling,single,0.5,10,specimen_10,30,180,1.0,0.40453946137411195,0.45383887268271583
familiar,transfer,reverse,speed_rescaling,single,0.5,10,specimen_10,30,225,0.5,0.5012244866488448,0.07388777460396445
familiar,transfer,reverse,speed_rescaling,single,0.5,10,specimen_10,30,225,1.0,0.48452945548091114,0.1789706558554277
familiar,transfer,reverse,speed_rescaling,single,0.5,10,specimen_10,30,270,0.5,0.6823084482484335,0.7317207703392645
familiar,transfer,reverse,speed_rescaling,single,0.5,10,specimen_10,30,270,1.0,0.6922676618570444,0.17114975248570474
familiar,transfer,reverse,speed_rescaling,single,0.5,10,specimen_10,30,315,0.5,0.4700480672688814,0.04651902515787343
familiar,transfer,reverse,speed_rescaling,single,0.5,10,specimen_10,30,315,1.0,0.5168539991858659,0.15119408831864212
familiar,transfer,reverse,speed_rescaling,single,0.5,10,specimen_10,50,45,0.5,0.673469634391056,1.1415615780209305
familiar,transfer,reverse,speed_rescaling,single,0.5,10,specimen_10,50,45,1.0,0.6478390524559102,0.9166554265470883
familiar,transfer,reverse,speed_rescaling,single,0.5,10,specimen_10,50,90,1.0,0.8234024745773532,0.8291873917569637
familiar,transfer,reverse,speed_rescaling,single,0.5,10,specimen_10,50,135,0.5,0.6660132665832875,1.6244105855654944
familiar,transfer,reverse,speed_rescaling,single,0.5,10,specimen_10,50,135,1.0,0.6346492379885172,0.8933197725426603
familiar,transfer,reverse,speed_rescaling,single,0.5,10,specimen_10,50,180,0.5,0.4408175898931372,0.004466828477034501
familiar,transfer,reverse,speed_rescaling,single,0.5,10,specimen_10,50,180,1.0,0.42192691314559455,0.10543950477991892
familiar,transfer,reverse,speed_rescaling,single,0.5,10,specimen_10,50,225,0.5,0.6420501069001011,0.848868584454305
familiar,transfer,reverse,speed_rescaling,single,0.5,10,specimen_10,50,225,1.0,0.6428434629110749,0.611315083503724
familiar,transfer,reverse,speed_rescaling,single,0.5,10,specimen_10,50,270,0.5,0.7965588735059974,1.163752642058284
familiar,transfer,reverse,speed_rescaling,single,0.5,10,specimen_10,50,270,1.0,0.7818324554089924,0.6416032987824387
familiar,transfer,reverse,speed_rescaling,single,0.5,10,specimen_10,50,315,0.5,0.6175884133363939,0.5854428279359433
familiar,transfer,reverse,speed_rescaling,single,0.5,10,specimen_10,50,315,1.0,0.62777891649023,0.2885933287412643
familiar,transfer,reverse,speed_rescaling,single,0.5,57,specimen_57,30,45,0.5,0.46641509258330266,0.5209782515061301
familiar,transfer,reverse,speed_rescaling,single,0.5,57,specimen_57,30,45,1.0,0.4333026986686077,0.38556448605410315
familiar,transfer,reverse,speed_rescaling,single,0.5,57,specimen_57,30,90,1.0,0.5589532266846698,1.0824752549058805
familiar,transfer,reverse,speed_rescaling,single,0.5,57,specimen_57,30,135,0.5,0.47370572431462055,0.44661216269888077
familiar,transfer,reverse,speed_rescaling,single,0.5,57,specimen_57,30,135,1.0,0.5081099318109055,0.40249101705620843
familiar,transfer,reverse,speed_rescaling,single,0.5,57,specimen_57,30,180,0.5,0.29669905790448187,0.061741573764933944
familiar,transfer,reverse,speed_rescaling,single,0.5,57,specimen_57,30,180,1.0,0.3331703469179867,0.10382684134982792
familiar,transfer,reverse,speed_rescaling,single,0.5,57,specimen_57,30,225,0.5,0.45057698256703116,0.4346351058572017
familiar,transfer,reverse,speed_rescaling,single,0.5,57,specimen_57,30,225,1.0,0.4469671068838204,0.379915160833246
familiar,transfer,reverse,speed_rescaling,single,0.5,57,specimen_57,30,270,0.5,0.544036986969643,2.158108946929598
familiar,transfer,reverse,speed_rescaling,single,0.5,57,specimen_57,30,270,1.0,0.50132593782274,1.7917581068692603
familiar,transfer,reverse,speed_rescaling,single,0.5,57,specimen_57,30,315,0.5,0.42940553820424104,0.33945566859281545
familiar,transfer,reverse,speed_rescaling,single,0.5,57,specimen_57,30,315,1.0,0.45721305020569636,0.33530088591309765
familiar,transfer,reverse,speed_rescaling,single,0.5,57,specimen_57,50,45,0.5,0.7492908404624935,2.258803813364376
familiar,transfer,reverse,speed_rescaling,single,0.5,57,specimen_57,50,45,1.0,0.6689169506027707,1.8847646685020303
familiar,transfer,reverse,speed_rescaling,single,0.5,57,specimen_57,50,90,1.0,0.7460034989126995,2.3498879962527988
familiar,transfer,reverse,speed_rescaling,single,0.5,57,specimen_57,50,135,0.5,0.7722842641181206,2.100600719024001
familiar,transfer,reverse,speed_rescaling,single,0.5,57,specimen_57,50,135,1.0,0.6980464503909433,1.7712589810092512
familiar,transfer,reverse,speed_rescaling,single,0.5,57,specimen_57,50,180,0.5,0.3750055491439103,0.3691258235180403
familiar,transfer,reverse,speed_rescaling,single,0.5,57,specimen_57,50,180,1.0,0.4090572995468284,0.3453453165353035
familiar,transfer,reverse,speed_rescaling,single,0.5,57,specimen_57,50,225,0.5,0.712199193661455,1.5122865370197014
familiar,transfer,reverse,speed_rescaling,single,0.5,57,specimen_57,50,225,1.0,0.6836363738537804,1.3068340626529718
familiar,transfer,reverse,speed_rescaling,single,0.5,57,specimen_57,50,270,0.5,0.7595021449346878,2.061545745504482
familiar,transfer,reverse,speed_rescaling,single,0.5,57,specimen_57,50,270,1.0,0.617362032722437,1.6311235835689875
familiar,transfer,reverse,speed_rescaling,single,0.5,57,specimen_57,50,315,0.5,0.7064119089587712,1.5207279120240498
familiar,transfer,reverse,speed_rescaling,single,0.5,57,specimen_57,50,315,1.0,0.6541967255754151,1.385868352559517
omitted,selection,forward,conditions_only,direction,0.5,10,specimen_10,20,0,1.0,0.3058369128761033,0.11968254054308897
omitted,selection,forward,conditions_only,direction,0.5,10,specimen_10,20,45,0.5,0.20033701590307773,0.16144687235251354
omitted,selection,forward,conditions_only,direction,0.5,10,specimen_10,20,45,1.0,0.1899672564111218,0.14433049784900398
omitted,selection,forward,conditions_only,direction,0.5,10,specimen_10,20,90,0.5,0.35588957747131394,0.23035947000172025
omitted,selection,forward,conditions_only,direction,0.5,10,specimen_10,20,90,1.0,0.3166503086273985,0.30418303603915514
omitted,selection,forward,conditions_only,direction,0.5,10,specimen_10,20,135,0.5,0.19786179432609816,0.23971136550156397
omitted,selection,forward,conditions_only,direction,0.5,10,specimen_10,20,135,1.0,0.21392802979078315,0.25652736355770434
omitted,selection,forward,conditions_only,direction,0.5,10,specimen_10,20,180,0.5,0.318343183844914,0.09219780284424967
omitted,selection,forward,conditions_only,direction,0.5,10,specimen_10,20,180,1.0,0.2987409871571058,0.020222691073310373
omitted,selection,forward,conditions_only,direction,0.5,10,specimen_10,20,225,0.5,0.20176774868737288,0.29889585760752857
omitted,selection,forward,conditions_only,direction,0.5,10,specimen_10,20,225,1.0,0.20302984469411975,0.31346300743569366
omitted,selection,forward,conditions_only,direction,0.5,10,specimen_10,20,270,0.5,0.2840961834625236,0.21873905168741814
omitted,selection,forward,conditions_only,direction,0.5,10,specimen_10,20,270,1.0,0.3219047947531353,0.057992177551172475
omitted,selection,forward,conditions_only,direction,0.5,10,specimen_10,20,315,0.5,0.20343972955403963,0.27717221408190545
omitted,selection,forward,conditions_only,direction,0.5,10,specimen_10,20,315,1.0,0.22116816660289174,0.4875033042736009
omitted,selection,forward,conditions_only,direction,0.5,10,specimen_10,40,45,0.5,0.2653248408289968,0.4991307983707933
omitted,selection,forward,conditions_only,direction,0.5,10,specimen_10,40,45,1.0,0.2616558769120905,0.4417522518457522
omitted,selection,forward,conditions_only,direction,0.5,10,specimen_10,40,90,1.0,0.4265647919593342,1.5158885990251734
omitted,selection,forward,conditions_only,direction,0.5,10,specimen_10,40,135,0.5,0.3323629670090464,0.9922877768574941
omitted,selection,forward,conditions_only,direction,0.5,10,specimen_10,40,135,1.0,0.37204185677435303,0.984301636602017
omitted,selection,forward,conditions_only,direction,0.5,10,specimen_10,40,180,0.5,0.4498291605644442,0.006017510404738857
omitted,selection,forward,conditions_only,direction,0.5,10,specimen_10,40,180,1.0,0.5060555135147105,0.16624726469975293
omitted,selection,forward,conditions_only,direction,0.5,10,specimen_10,40,225,0.5,0.2399867290780323,0.7638450584343702
omitted,selection,forward,conditions_only,direction,0.5,10,specimen_10,40,225,1.0,0.30352963699269236,0.5329759571012502
omitted,selection,forward,conditions_only,direction,0.5,10,specimen_10,40,270,0.5,0.39458421956375617,1.368429741639431
omitted,selection,forward,conditions_only,direction,0.5,10,specimen_10,40,270,1.0,0.3281535849810919,0.7573275816399687
omitted,selection,forward,conditions_only,direction,0.5,10,specimen_10,40,315,0.5,0.27867094978218987,0.6839992566145972
omitted,selection,forward,conditions_only,direction,0.5,10,specimen_10,40,315,1.0,0.37618344159838574,0.8635028207625735
omitted,selection,forward,conditions_only,direction,0.5,10,specimen_10,60,0,0.5,0.5651315842311567,0.18041122253589048
omitted,selection,forward,conditions_only,direction,0.5,10,specimen_10,60,0,1.0,0.5643495772416346,0.03763300982566231
omitted,selection,forward,conditions_only,direction,0.5,10,specimen_10,60,45,0.5,0.3218708482614429,0.7919545668960098
omitted,selection,forward,conditions_only,direction,0.5,10,specimen_10,60,45,1.0,0.3983182970584629,0.8774127747298116
omitted,selection,forward,conditions_only,direction,0.5,10,specimen_10,60,90,0.5,0.35643193187170574,0.8045013424151334
omitted,selection,forward,conditions_only,direction,0.5,10,specimen_10,60,90,1.0,0.3932352237685371,1.1557727205949455
omitted,selection,forward,conditions_only,direction,0.5,10,specimen_10,60,135,0.5,0.4618743612070779,1.232749322494646
omitted,selection,forward,conditions_only,direction,0.5,10,specimen_10,60,135,1.0,0.4834640845882671,1.0440706170439407
omitted,selection,forward,conditions_only,direction,0.5,10,specimen_10,60,180,0.5,0.48948650113776493,0.1210238965171776
omitted,selection,forward,conditions_only,direction,0.5,10,specimen_10,60,180,1.0,0.575412064214469,0.1905158838740526
omitted,selection,forward,conditions_only,direction,0.5,10,specimen_10,60,225,0.5,0.3710094587626549,1.0220278449949411
omitted,selection,forward,conditions_only,direction,0.5,10,specimen_10,60,225,1.0,0.3751850950657227,0.894682369997193
omitted,selection,forward,conditions_only,direction,0.5,10,specimen_10,60,270,0.5,0.40495418110036496,1.1446475577527342
omitted,selection,forward,conditions_only,direction,0.5,10,specimen_10,60,270,1.0,0.4088505402833695,0.8565372752248325
omitted,selection,forward,conditions_only,direction,0.5,10,specimen_10,60,315,0.5,0.3442789617030367,0.6218498181097042
omitted,selection,forward,conditions_only,direction,0.5,10,specimen_10,60,315,1.0,0.43310476988906005,0.9199405457906961
omitted,selection,forward,conditions_only,direction,0.5,57,specimen_57,20,0,1.0,0.5899712041618627,0.34936729350881635
omitted,selection,forward,conditions_only,direction,0.5,57,specimen_57,20,45,0.5,0.3333899545565496,0.13644278608796057
omitted,selection,forward,conditions_only,direction,0.5,57,specimen_57,20,45,1.0,0.34862349255504416,0.12284135166634458
omitted,selection,forward,conditions_only,direction,0.5,57,specimen_57,20,90,0.5,0.4103207671201487,0.1309503245506018
omitted,selection,forward,conditions_only,direction,0.5,57,specimen_57,20,90,1.0,0.4517286121120471,0.09208677988870789
omitted,selection,forward,conditions_only,direction,0.5,57,specimen_57,20,135,0.5,0.28395635622968,0.1556632562749603
omitted,selection,forward,conditions_only,direction,0.5,57,specimen_57,20,135,1.0,0.3033718470598066,0.12414284067628811
omitted,selection,forward,conditions_only,direction,0.5,57,specimen_57,20,180,0.5,0.43915084630691226,0.21287346290237139
omitted,selection,forward,conditions_only,direction,0.5,57,specimen_57,20,180,1.0,0.4200085160519345,0.2019846038800721
omitted,selection,forward,conditions_only,direction,0.5,57,specimen_57,20,225,0.5,0.2756915210065604,0.19237195860251977
omitted,selection,forward,conditions_only,direction,0.5,57,specimen_57,20,225,1.0,0.3020737044567818,0.1734839497437558
omitted,selection,forward,conditions_only,direction,0.5,57,specimen_57,20,270,0.5,0.3274418937035613,0.20353023934642134
omitted,selection,forward,conditions_only,direction,0.5,57,specimen_57,20,270,1.0,0.41575017081939253,0.011546362503692453
omitted,selection,forward,conditions_only,direction,0.5,57,specimen_57,20,315,0.5,0.3265753654637018,0.1467751739464836
omitted,selection,forward,conditions_only,direction,0.5,57,specimen_57,20,315,1.0,0.3190474824795909,0.06935570452659034
omitted,selection,forward,conditions_only,direction,0.5,57,specimen_57,40,45,0.5,0.36305379935627985,0.28552412539897776
omitted,selection,forward,conditions_only,direction,0.5,57,specimen_57,40,45,1.0,0.3522242037184058,0.20575806584587097
omitted,selection,forward,conditions_only,direction,0.5,57,specimen_57,40,90,1.0,0.3862914888329765,1.3516558088377084
omitted,selection,forward,conditions_only,direction,0.5,57,specimen_57,40,135,0.5,0.3620023083192752,0.7920136329741384
omitted,selection,forward,conditions_only,direction,0.5,57,specimen_57,40,135,1.0,0.3833469414772576,0.693839485228217
omitted,selection,forward,conditions_only,direction,0.5,57,specimen_57,40,180,0.5,0.5281733483894981,0.12456124351083764
omitted,selection,forward,conditions_only,direction,0.5,57,specimen_57,40,180,1.0,0.4692832645067391,0.17683366744759077
omitted,selection,forward,conditions_only,direction,0.5,57,specimen_57,40,225,0.5,0.37555532432641564,0.5583792788148348
omitted,selection,forward,conditions_only,direction,0.5,57,specimen_57,40,225,1.0,0.3668542546093252,0.4788175013756284
omitted,selection,forward,conditions_only,direction,0.5,57,specimen_57,40,270,0.5,0.34214999341456814,1.672394818616516
omitted,selection,forward,conditions_only,direction,0.5,57,specimen_57,40,270,1.0,0.35624081987843964,1.5929481056796817
omitted,selection,forward,conditions_only,direction,0.5,57,specimen_57,40,315,0.5,0.34540851219400137,1.5973804346125577
omitted,selection,forward,conditions_only,direction,0.5,57,specimen_57,40,315,1.0,0.40517925719083503,1.3655119598520729
omitted,selection,forward,conditions_only,direction,0.5,57,specimen_57,60,0,0.5,0.7985263618115699,0.6310803714962545
omitted,selection,forward,conditions_only,direction,0.5,57,specimen_57,60,0,1.0,0.7871115728387915,0.6281581591915915
omitted,selection,forward,conditions_only,direction,0.5,57,specimen_57,60,45,0.5,0.3841567909191343,0.8542976744681628
omitted,selection,forward,conditions_only,direction,0.5,57,specimen_57,60,45,1.0,0.3611945230332705,0.7304698943349767
omitted,selection,forward,conditions_only,direction,0.5,57,specimen_57,60,90,0.5,0.380497833559152,1.1058522123730707
omitted,selection,forward,conditions_only,direction,0.5,57,specimen_57,60,90,1.0,0.3950739314035636,1.1031405870385926
omitted,selection,forward,conditions_only,direction,0.5,57,specimen_57,60,135,0.5,0.3926377868172235,1.3999973394500465
omitted,selection,forward,conditions_only,direction,0.5,57,specimen_57,60,135,1.0,0.37057808852544755,1.3036168443946703
omitted,selection,forward,conditions_only,direction,0.5,57,specimen_57,60,180,0.5,0.6576912621628205,0.43357562166292785
omitted,selection,forward,conditions_only,direction,0.5,57,specimen_57,60,180,1.0,0.576680037089635,0.38253049111443754
omitted,selection,forward,conditions_only,direction,0.5,57,specimen_57,60,225,0.5,0.3176627054801066,0.8804806434028
omitted,selection,forward,conditions_only,direction,0.5,57,specimen_57,60,225,1.0,0.3395150912611684,0.8755252097736986
omitted,selection,forward,conditions_only,direction,0.5,57,specimen_57,60,270,0.5,0.37439714308938604,1.3187537509050928
omitted,selection,forward,conditions_only,direction,0.5,57,specimen_57,60,270,1.0,0.37962420250814394,1.200765298697339
omitted,selection,forward,conditions_only,direction,0.5,57,specimen_57,60,315,0.5,0.31098053970675665,1.079662755165589
omitted,selection,forward,conditions_only,direction,0.5,57,specimen_57,60,315,1.0,0.33410910045085496,1.3912954694682784
omitted,selection,forward,conditions_only,repeat,0.5,10,specimen_10,20,0,1.0,0.3058369128761033,0.11968254054308897
omitted,selection,forward,conditions_only,repeat,0.5,10,specimen_10,20,45,0.5,0.20033701590307773,0.16144687235251354
omitted,selection,forward,conditions_only,repeat,0.5,10,specimen_10,20,45,1.0,0.1899672564111218,0.14433049784900398
omitted,selection,forward,conditions_only,repeat,0.5,10,specimen_10,20,90,0.5,0.35588957747131394,0.23035947000172025
omitted,selection,forward,conditions_only,repeat,0.5,10,specimen_10,20,90,1.0,0.3166503086273985,0.30418303603915514
omitted,selection,forward,conditions_only,repeat,0.5,10,specimen_10,20,135,0.5,0.19786179432609816,0.23971136550156397
omitted,selection,forward,conditions_only,repeat,0.5,10,specimen_10,20,135,1.0,0.21392802979078315,0.25652736355770434
omitted,selection,forward,conditions_only,repeat,0.5,10,specimen_10,20,180,0.5,0.318343183844914,0.09219780284424967
omitted,selection,forward,conditions_only,repeat,0.5,10,specimen_10,20,180,1.0,0.2987409871571058,0.020222691073310373
omitted,selection,forward,conditions_only,repeat,0.5,10,specimen_10,20,225,0.5,0.20176774868737288,0.29889585760752857
omitted,selection,forward,conditions_only,repeat,0.5,10,specimen_10,20,225,1.0,0.20302984469411975,0.31346300743569366
omitted,selection,forward,conditions_only,repeat,0.5,10,specimen_10,20,270,0.5,0.2840961834625236,0.21873905168741814
omitted,selection,forward,conditions_only,repeat,0.5,10,specimen_10,20,270,1.0,0.3219047947531353,0.057992177551172475
omitted,selection,forward,conditions_only,repeat,0.5,10,specimen_10,20,315,0.5,0.20343972955403963,0.27717221408190545
omitted,selection,forward,conditions_only,repeat,0.5,10,specimen_10,20,315,1.0,0.22116816660289174,0.4875033042736009
omitted,selection,forward,conditions_only,repeat,0.5,10,specimen_10,40,45,0.5,0.2653248408289968,0.4991307983707933
omitted,selection,forward,conditions_only,repeat,0.5,10,specimen_10,40,45,1.0,0.2616558769120905,0.4417522518457522
omitted,selection,forward,conditions_only,repeat,0.5,10,specimen_10,40,90,1.0,0.4265647919593342,1.5158885990251734
omitted,selection,forward,conditions_only,repeat,0.5,10,specimen_10,40,135,0.5,0.3323629670090464,0.9922877768574941
omitted,selection,forward,conditions_only,repeat,0.5,10,specimen_10,40,135,1.0,0.37204185677435303,0.984301636602017
omitted,selection,forward,conditions_only,repeat,0.5,10,specimen_10,40,180,0.5,0.4498291605644442,0.006017510404738857
omitted,selection,forward,conditions_only,repeat,0.5,10,specimen_10,40,180,1.0,0.5060555135147105,0.16624726469975293
omitted,selection,forward,conditions_only,repeat,0.5,10,specimen_10,40,225,0.5,0.2399867290780323,0.7638450584343702
omitted,selection,forward,conditions_only,repeat,0.5,10,specimen_10,40,225,1.0,0.30352963699269236,0.5329759571012502
omitted,selection,forward,conditions_only,repeat,0.5,10,specimen_10,40,270,0.5,0.39458421956375617,1.368429741639431
omitted,selection,forward,conditions_only,repeat,0.5,10,specimen_10,40,270,1.0,0.3281535849810919,0.7573275816399687
omitted,selection,forward,conditions_only,repeat,0.5,10,specimen_10,40,315,0.5,0.27867094978218987,0.6839992566145972
omitted,selection,forward,conditions_only,repeat,0.5,10,specimen_10,40,315,1.0,0.37618344159838574,0.8635028207625735
omitted,selection,forward,conditions_only,repeat,0.5,10,specimen_10,60,0,0.5,0.5651315842311567,0.18041122253589048
omitted,selection,forward,conditions_only,repeat,0.5,10,specimen_10,60,0,1.0,0.5643495772416346,0.03763300982566231
omitted,selection,forward,conditions_only,repeat,0.5,10,specimen_10,60,45,0.5,0.3218708482614429,0.7919545668960098
omitted,selection,forward,conditions_only,repeat,0.5,10,specimen_10,60,45,1.0,0.3983182970584629,0.8774127747298116
omitted,selection,forward,conditions_only,repeat,0.5,10,specimen_10,60,90,0.5,0.35643193187170574,0.8045013424151334
omitted,selection,forward,conditions_only,repeat,0.5,10,specimen_10,60,90,1.0,0.3932352237685371,1.1557727205949455
omitted,selection,forward,conditions_only,repeat,0.5,10,specimen_10,60,135,0.5,0.4618743612070779,1.232749322494646
omitted,selection,forward,conditions_only,repeat,0.5,10,specimen_10,60,135,1.0,0.4834640845882671,1.0440706170439407
omitted,selection,forward,conditions_only,repeat,0.5,10,specimen_10,60,180,0.5,0.48948650113776493,0.1210238965171776
omitted,selection,forward,conditions_only,repeat,0.5,10,specimen_10,60,180,1.0,0.575412064214469,0.1905158838740526
omitted,selection,forward,conditions_only,repeat,0.5,10,specimen_10,60,225,0.5,0.3710094587626549,1.0220278449949411
omitted,selection,forward,conditions_only,repeat,0.5,10,specimen_10,60,225,1.0,0.3751850950657227,0.894682369997193
omitted,selection,forward,conditions_only,repeat,0.5,10,specimen_10,60,270,0.5,0.40495418110036496,1.1446475577527342
omitted,selection,forward,conditions_only,repeat,0.5,10,specimen_10,60,270,1.0,0.4088505402833695,0.8565372752248325
omitted,selection,forward,conditions_only,repeat,0.5,10,specimen_10,60,315,0.5,0.3442789617030367,0.6218498181097042
omitted,selection,forward,conditions_only,repeat,0.5,10,specimen_10,60,315,1.0,0.43310476988906005,0.9199405457906961
omitted,selection,forward,conditions_only,repeat,0.5,57,specimen_57,20,0,1.0,0.5899712041618627,0.34936729350881635
omitted,selection,forward,conditions_only,repeat,0.5,57,specimen_57,20,45,0.5,0.3333899545565496,0.13644278608796057
omitted,selection,forward,conditions_only,repeat,0.5,57,specimen_57,20,45,1.0,0.34862349255504416,0.12284135166634458
omitted,selection,forward,conditions_only,repeat,0.5,57,specimen_57,20,90,0.5,0.4103207671201487,0.1309503245506018
omitted,selection,forward,conditions_only,repeat,0.5,57,specimen_57,20,90,1.0,0.4517286121120471,0.09208677988870789
omitted,selection,forward,conditions_only,repeat,0.5,57,specimen_57,20,135,0.5,0.28395635622968,0.1556632562749603
omitted,selection,forward,conditions_only,repeat,0.5,57,specimen_57,20,135,1.0,0.3033718470598066,0.12414284067628811
omitted,selection,forward,conditions_only,repeat,0.5,57,specimen_57,20,180,0.5,0.43915084630691226,0.21287346290237139
omitted,selection,forward,conditions_only,repeat,0.5,57,specimen_57,20,180,1.0,0.4200085160519345,0.2019846038800721
omitted,selection,forward,conditions_only,repeat,0.5,57,specimen_57,20,225,0.5,0.2756915210065604,0.19237195860251977
omitted,selection,forward,conditions_only,repeat,0.5,57,specimen_57,20,225,1.0,0.3020737044567818,0.1734839497437558
omitted,selection,forward,conditions_only,repeat,0.5,57,specimen_57,20,270,0.5,0.3274418937035613,0.20353023934642134
omitted,selection,forward,conditions_only,repeat,0.5,57,specimen_57,20,270,1.0,0.41575017081939253,0.011546362503692453
omitted,selection,forward,conditions_only,repeat,0.5,57,specimen_57,20,315,0.5,0.3265753654637018,0.1467751739464836
omitted,selection,forward,conditions_only,repeat,0.5,57,specimen_57,20,315,1.0,0.3190474824795909,0.06935570452659034
omitted,selection,forward,conditions_only,repeat,0.5,57,specimen_57,40,45,0.5,0.36305379935627985,0.28552412539897776
omitted,selection,forward,conditions_only,repeat,0.5,57,specimen_57,40,45,1.0,0.3522242037184058,0.20575806584587097
omitted,selection,forward,conditions_only,repeat,0.5,57,specimen_57,40,90,1.0,0.3862914888329765,1.3516558088377084
omitted,selection,forward,conditions_only,repeat,0.5,57,specimen_57,40,135,0.5,0.3620023083192752,0.7920136329741384
omitted,selection,forward,conditions_only,repeat,0.5,57,specimen_57,40,135,1.0,0.3833469414772576,0.693839485228217
omitted,selection,forward,conditions_only,repeat,0.5,57,specimen_57,40,180,0.5,0.5281733483894981,0.12456124351083764
omitted,selection,forward,conditions_only,repeat,0.5,57,specimen_57,40,180,1.0,0.4692832645067391,0.17683366744759077
omitted,selection,forward,conditions_only,repeat,0.5,57,specimen_57,40,225,0.5,0.37555532432641564,0.5583792788148348
omitted,selection,forward,conditions_only,repeat,0.5,57,specimen_57,40,225,1.0,0.3668542546093252,0.4788175013756284
omitted,selection,forward,conditions_only,repeat,0.5,57,specimen_57,40,270,0.5,0.34214999341456814,1.672394818616516
omitted,selection,forward,conditions_only,repeat,0.5,57,specimen_57,40,270,1.0,0.35624081987843964,1.5929481056796817
omitted,selection,forward,conditions_only,repeat,0.5,57,specimen_57,40,315,0.5,0.34540851219400137,1.5973804346125577
omitted,selection,forward,conditions_only,repeat,0.5,57,specimen_57,40,315,1.0,0.40517925719083503,1.3655119598520729
omitted,selection,forward,conditions_only,repeat,0.5,57,specimen_57,60,0,0.5,0.7985263618115699,0.6310803714962545
omitted,selection,forward,conditions_only,repeat,0.5,57,specimen_57,60,0,1.0,0.7871115728387915,0.6281581591915915
omitted,selection,forward,conditions_only,repeat,0.5,57,specimen_57,60,45,0.5,0.3841567909191343,0.8542976744681628
omitted,selection,forward,conditions_only,repeat,0.5,57,specimen_57,60,45,1.0,0.3611945230332705,0.7304698943349767
omitted,selection,forward,conditions_only,repeat,0.5,57,specimen_57,60,90,0.5,0.380497833559152,1.1058522123730707
omitted,selection,forward,conditions_only,repeat,0.5,57,specimen_57,60,90,1.0,0.3950739314035636,1.1031405870385926
omitted,selection,forward,conditions_only,repeat,0.5,57,specimen_57,60,135,0.5,0.3926377868172235,1.3999973394500465
omitted,selection,forward,conditions_only,repeat,0.5,57,specimen_57,60,135,1.0,0.37057808852544755,1.3036168443946703
omitted,selection,forward,conditions_only,repeat,0.5,57,specimen_57,60,180,0.5,0.6576912621628205,0.43357562166292785
omitted,selection,forward,conditions_only,repeat,0.5,57,specimen_57,60,180,1.0,0.576680037089635,0.38253049111443754
omitted,selection,forward,conditions_only,repeat,0.5,57,specimen_57,60,225,0.5,0.3176627054801066,0.8804806434028
omitted,selection,forward,conditions_only,repeat,0.5,57,specimen_57,60,225,1.0,0.3395150912611684,0.8755252097736986
omitted,selection,forward,conditions_only,repeat,0.5,57,specimen_57,60,270,0.5,0.37439714308938604,1.3187537509050928
omitted,selection,forward,conditions_only,repeat,0.5,57,specimen_57,60,270,1.0,0.37962420250814394,1.200765298697339
omitted,selection,forward,conditions_only,repeat,0.5,57,specimen_57,60,315,0.5,0.31098053970675665,1.079662755165589
omitted,selection,forward,conditions_only,repeat,0.5,57,specimen_57,60,315,1.0,0.33410910045085496,1.3912954694682784
omitted,selection,forward,conditions_only,single,0.5,10,specimen_10,20,0,1.0,0.3058369128761033,0.11968254054308897
omitted,selection,forward,conditions_only,single,0.5,10,specimen_10,20,45,0.5,0.20033701590307773,0.16144687235251354
omitted,selection,forward,conditions_only,single,0.5,10,specimen_10,20,45,1.0,0.1899672564111218,0.14433049784900398
omitted,selection,forward,conditions_only,single,0.5,10,specimen_10,20,90,0.5,0.35588957747131394,0.23035947000172025
omitted,selection,forward,conditions_only,single,0.5,10,specimen_10,20,90,1.0,0.3166503086273985,0.30418303603915514
omitted,selection,forward,conditions_only,single,0.5,10,specimen_10,20,135,0.5,0.19786179432609816,0.23971136550156397
omitted,selection,forward,conditions_only,single,0.5,10,specimen_10,20,135,1.0,0.21392802979078315,0.25652736355770434
omitted,selection,forward,conditions_only,single,0.5,10,specimen_10,20,180,0.5,0.318343183844914,0.09219780284424967
omitted,selection,forward,conditions_only,single,0.5,10,specimen_10,20,180,1.0,0.2987409871571058,0.020222691073310373
omitted,selection,forward,conditions_only,single,0.5,10,specimen_10,20,225,0.5,0.20176774868737288,0.29889585760752857
omitted,selection,forward,conditions_only,single,0.5,10,specimen_10,20,225,1.0,0.20302984469411975,0.31346300743569366
omitted,selection,forward,conditions_only,single,0.5,10,specimen_10,20,270,0.5,0.2840961834625236,0.21873905168741814
omitted,selection,forward,conditions_only,single,0.5,10,specimen_10,20,270,1.0,0.3219047947531353,0.057992177551172475
omitted,selection,forward,conditions_only,single,0.5,10,specimen_10,20,315,0.5,0.20343972955403963,0.27717221408190545
omitted,selection,forward,conditions_only,single,0.5,10,specimen_10,20,315,1.0,0.22116816660289174,0.4875033042736009
omitted,selection,forward,conditions_only,single,0.5,10,specimen_10,40,45,0.5,0.2653248408289968,0.4991307983707933
omitted,selection,forward,conditions_only,single,0.5,10,specimen_10,40,45,1.0,0.2616558769120905,0.4417522518457522
omitted,selection,forward,conditions_only,single,0.5,10,specimen_10,40,90,1.0,0.4265647919593342,1.5158885990251734
omitted,selection,forward,conditions_only,single,0.5,10,specimen_10,40,135,0.5,0.3323629670090464,0.9922877768574941
omitted,selection,forward,conditions_only,single,0.5,10,specimen_10,40,135,1.0,0.37204185677435303,0.984301636602017
omitted,selection,forward,conditions_only,single,0.5,10,specimen_10,40,180,0.5,0.4498291605644442,0.006017510404738857
omitted,selection,forward,conditions_only,single,0.5,10,specimen_10,40,180,1.0,0.5060555135147105,0.16624726469975293
omitted,selection,forward,conditions_only,single,0.5,10,specimen_10,40,225,0.5,0.2399867290780323,0.7638450584343702
omitted,selection,forward,conditions_only,single,0.5,10,specimen_10,40,225,1.0,0.30352963699269236,0.5329759571012502
omitted,selection,forward,conditions_only,single,0.5,10,specimen_10,40,270,0.5,0.39458421956375617,1.368429741639431
omitted,selection,forward,conditions_only,single,0.5,10,specimen_10,40,270,1.0,0.3281535849810919,0.7573275816399687
omitted,selection,forward,conditions_only,single,0.5,10,specimen_10,40,315,0.5,0.27867094978218987,0.6839992566145972
omitted,selection,forward,conditions_only,single,0.5,10,specimen_10,40,315,1.0,0.37618344159838574,0.8635028207625735
omitted,selection,forward,conditions_only,single,0.5,10,specimen_10,60,0,0.5,0.5651315842311567,0.18041122253589048
omitted,selection,forward,conditions_only,single,0.5,10,specimen_10,60,0,1.0,0.5643495772416346,0.03763300982566231
omitted,selection,forward,conditions_only,single,0.5,10,specimen_10,60,45,0.5,0.3218708482614429,0.7919545668960098
omitted,selection,forward,conditions_only,single,0.5,10,specimen_10,60,45,1.0,0.3983182970584629,0.8774127747298116
omitted,selection,forward,conditions_only,single,0.5,10,specimen_10,60,90,0.5,0.35643193187170574,0.8045013424151334
omitted,selection,forward,conditions_only,single,0.5,10,specimen_10,60,90,1.0,0.3932352237685371,1.1557727205949455
omitted,selection,forward,conditions_only,single,0.5,10,specimen_10,60,135,0.5,0.4618743612070779,1.232749322494646
omitted,selection,forward,conditions_only,single,0.5,10,specimen_10,60,135,1.0,0.4834640845882671,1.0440706170439407
omitted,selection,forward,conditions_only,single,0.5,10,specimen_10,60,180,0.5,0.48948650113776493,0.1210238965171776
omitted,selection,forward,conditions_only,single,0.5,10,specimen_10,60,180,1.0,0.575412064214469,0.1905158838740526
omitted,selection,forward,conditions_only,single,0.5,10,specimen_10,60,225,0.5,0.3710094587626549,1.0220278449949411
omitted,selection,forward,conditions_only,single,0.5,10,specimen_10,60,225,1.0,0.3751850950657227,0.894682369997193
omitted,selection,forward,conditions_only,single,0.5,10,specimen_10,60,270,0.5,0.40495418110036496,1.1446475577527342
omitted,selection,forward,conditions_only,single,0.5,10,specimen_10,60,270,1.0,0.4088505402833695,0.8565372752248325
omitted,selection,forward,conditions_only,single,0.5,10,specimen_10,60,315,0.5,0.3442789617030367,0.6218498181097042
omitted,selection,forward,conditions_only,single,0.5,10,specimen_10,60,315,1.0,0.43310476988906005,0.9199405457906961
omitted,selection,forward,conditions_only,single,0.5,57,specimen_57,20,0,1.0,0.5899712041618627,0.34936729350881635
omitted,selection,forward,conditions_only,single,0.5,57,specimen_57,20,45,0.5,0.3333899545565496,0.13644278608796057
omitted,selection,forward,conditions_only,single,0.5,57,specimen_57,20,45,1.0,0.34862349255504416,0.12284135166634458
omitted,selection,forward,conditions_only,single,0.5,57,specimen_57,20,90,0.5,0.4103207671201487,0.1309503245506018
omitted,selection,forward,conditions_only,single,0.5,57,specimen_57,20,90,1.0,0.4517286121120471,0.09208677988870789
omitted,selection,forward,conditions_only,single,0.5,57,specimen_57,20,135,0.5,0.28395635622968,0.1556632562749603
omitted,selection,forward,conditions_only,single,0.5,57,specimen_57,20,135,1.0,0.3033718470598066,0.12414284067628811
omitted,selection,forward,conditions_only,single,0.5,57,specimen_57,20,180,0.5,0.43915084630691226,0.21287346290237139
omitted,selection,forward,conditions_only,single,0.5,57,specimen_57,20,180,1.0,0.4200085160519345,0.2019846038800721
omitted,selection,forward,conditions_only,single,0.5,57,specimen_57,20,225,0.5,0.2756915210065604,0.19237195860251977
omitted,selection,forward,conditions_only,single,0.5,57,specimen_57,20,225,1.0,0.3020737044567818,0.1734839497437558
omitted,selection,forward,conditions_only,single,0.5,57,specimen_57,20,270,0.5,0.3274418937035613,0.20353023934642134
omitted,selection,forward,conditions_only,single,0.5,57,specimen_57,20,270,1.0,0.41575017081939253,0.011546362503692453
omitted,selection,forward,conditions_only,single,0.5,57,specimen_57,20,315,0.5,0.3265753654637018,0.1467751739464836
omitted,selection,forward,conditions_only,single,0.5,57,specimen_57,20,315,1.0,0.3190474824795909,0.06935570452659034
omitted,selection,forward,conditions_only,single,0.5,57,specimen_57,40,45,0.5,0.36305379935627985,0.28552412539897776
omitted,selection,forward,conditions_only,single,0.5,57,specimen_57,40,45,1.0,0.3522242037184058,0.20575806584587097
omitted,selection,forward,conditions_only,single,0.5,57,specimen_57,40,90,1.0,0.3862914888329765,1.3516558088377084
omitted,selection,forward,conditions_only,single,0.5,57,specimen_57,40,135,0.5,0.3620023083192752,0.7920136329741384
omitted,selection,forward,conditions_only,single,0.5,57,specimen_57,40,135,1.0,0.3833469414772576,0.693839485228217
omitted,selection,forward,conditions_only,single,0.5,57,specimen_57,40,180,0.5,0.5281733483894981,0.12456124351083764
omitted,selection,forward,conditions_only,single,0.5,57,specimen_57,40,180,1.0,0.4692832645067391,0.17683366744759077
omitted,selection,forward,conditions_only,single,0.5,57,specimen_57,40,225,0.5,0.37555532432641564,0.5583792788148348
omitted,selection,forward,conditions_only,single,0.5,57,specimen_57,40,225,1.0,0.3668542546093252,0.4788175013756284
omitted,selection,forward,conditions_only,single,0.5,57,specimen_57,40,270,0.5,0.34214999341456814,1.672394818616516
omitted,selection,forward,conditions_only,single,0.5,57,specimen_57,40,270,1.0,0.35624081987843964,1.5929481056796817
omitted,selection,forward,conditions_only,single,0.5,57,specimen_57,40,315,0.5,0.34540851219400137,1.5973804346125577
omitted,selection,forward,conditions_only,single,0.5,57,specimen_57,40,315,1.0,0.40517925719083503,1.3655119598520729
omitted,selection,forward,conditions_only,single,0.5,57,specimen_57,60,0,0.5,0.7985263618115699,0.6310803714962545
omitted,selection,forward,conditions_only,single,0.5,57,specimen_57,60,0,1.0,0.7871115728387915,0.6281581591915915
omitted,selection,forward,conditions_only,single,0.5,57,specimen_57,60,45,0.5,0.3841567909191343,0.8542976744681628
omitted,selection,forward,conditions_only,single,0.5,57,specimen_57,60,45,1.0,0.3611945230332705,0.7304698943349767
omitted,selection,forward,conditions_only,single,0.5,57,specimen_57,60,90,0.5,0.380497833559152,1.1058522123730707
omitted,selection,forward,conditions_only,single,0.5,57,specimen_57,60,90,1.0,0.3950739314035636,1.1031405870385926
omitted,selection,forward,conditions_only,single,0.5,57,specimen_57,60,135,0.5,0.3926377868172235,1.3999973394500465
omitted,selection,forward,conditions_only,single,0.5,57,specimen_57,60,135,1.0,0.37057808852544755,1.3036168443946703
omitted,selection,forward,conditions_only,single,0.5,57,specimen_57,60,180,0.5,0.6576912621628205,0.43357562166292785
omitted,selection,forward,conditions_only,single,0.5,57,specimen_57,60,180,1.0,0.576680037089635,0.38253049111443754
omitted,selection,forward,conditions_only,single,0.5,57,specimen_57,60,225,0.5,0.3176627054801066,0.8804806434028
omitted,selection,forward,conditions_only,single,0.5,57,specimen_57,60,225,1.0,0.3395150912611684,0.8755252097736986
omitted,selection,forward,conditions_only,single,0.5,57,specimen_57,60,270,0.5,0.37439714308938604,1.3187537509050928
omitted,selection,forward,conditions_only,single,0.5,57,specimen_57,60,270,1.0,0.37962420250814394,1.200765298697339
omitted,selection,forward,conditions_only,single,0.5,57,specimen_57,60,315,0.5,0.31098053970675665,1.079662755165589
omitted,selection,forward,conditions_only,single,0.5,57,specimen_57,60,315,1.0,0.33410910045085496,1.3912954694682784
omitted,selection,forward,copy,direction,0.5,10,specimen_10,20,0,1.0,0.6767884467751708,1.1872185653309035
omitted,selection,forward,copy,direction,0.5,10,specimen_10,20,45,0.5,0.6688973616352231,0.9016324366679356
omitted,selection,forward,copy,direction,0.5,10,specimen_10,20,45,1.0,0.6419809508558286,0.9239311933203485
omitted,selection,forward,copy,direction,0.5,10,specimen_10,20,90,0.5,0.7381707548812945,0.8776763691910412
omitted,selection,forward,copy,direction,0.5,10,specimen_10,20,90,1.0,0.6568109243380936,0.804285074449145
omitted,selection,forward,copy,direction,0.5,10,specimen_10,20,135,0.5,0.5552698600689941,0.9217697953749051
omitted,selection,forward,copy,direction,0.5,10,specimen_10,20,135,1.0,0.5136279246525156,0.902223783966558
omitted,selection,forward,copy,direction,0.5,10,specimen_10,20,180,0.5,0.790978721337862,1.289471700916055
omitted,selection,forward,copy,direction,0.5,10,specimen_10,20,180,1.0,0.6788052696583026,1.1739020072239645
omitted,selection,forward,copy,direction,0.5,10,specimen_10,20,225,0.5,0.6842526987193097,0.900646685947322
omitted,selection,forward,copy,direction,0.5,10,specimen_10,20,225,1.0,0.6699203351025841,0.8845149173251484
omitted,selection,forward,copy,direction,0.5,10,specimen_10,20,270,0.5,0.7597017821313709,0.9453438696374539
omitted,selection,forward,copy,direction,0.5,10,specimen_10,20,270,1.0,0.8645786706075985,1.1077626492532937
omitted,selection,forward,copy,direction,0.5,10,specimen_10,20,315,0.5,0.7536001327638143,0.8281154391227948
omitted,selection,forward,copy,direction,0.5,10,specimen_10,20,315,1.0,0.5697357569000295,0.6235055022330962
omitted,selection,forward,copy,direction,0.5,10,specimen_10,40,45,0.5,0.2707069796105361,0.4068995388592469
omitted,selection,forward,copy,direction,0.5,10,specimen_10,40,45,1.0,0.261159620769188,0.46947671627058596
omitted,selection,forward,copy,direction,0.5,10,specimen_10,40,90,1.0,0.22506258512726926,0.5547545650353618
omitted,selection,forward,copy,direction,0.5,10,specimen_10,40,135,0.5,0.37609064671332265,0.035698956514003344
omitted,selection,forward,copy,direction,0.5,10,specimen_10,40,135,1.0,0.3201699816233006,0.03883227923747401
omitted,selection,forward,copy,direction,0.5,10,specimen_10,40,180,0.5,0.58912297657045,1.0655945500794277
omitted,selection,forward,copy,direction,0.5,10,specimen_10,40,180,1.0,0.5491090351398126,0.9000374585096341
omitted,selection,forward,copy,direction,0.5,10,specimen_10,40,225,0.5,0.4829375028766086,0.3089224060595408
omitted,selection,forward,copy,direction,0.5,10,specimen_10,40,225,1.0,0.3890999767787637,0.5364888218172752
omitted,selection,forward,copy,direction,0.5,10,specimen_10,40,270,0.5,0.30674137850961286,0.3411880703730079
omitted,selection,forward,copy,direction,0.5,10,specimen_10,40,270,1.0,0.3973016559647277,0.27062292746683947
omitted,selection,forward,copy,direction,0.5,10,specimen_10,40,315,0.5,0.4000263661499168,0.27094840983612367
omitted,selection,forward,copy,direction,0.5,10,specimen_10,40,315,1.0,0.33096215480846275,0.09722020891991878
omitted,selection,forward,copy,direction,0.5,10,specimen_10,60,0,0.5,0.5941725296697563,0.8423139994982072
omitted,selection,forward,copy,direction,0.5,10,specimen_10,60,0,1.0,0.5635554245597172,0.631264757437661
omitted,selection,forward,copy,direction,0.5,10,specimen_10,60,45,0.5,0.29600513145157814,0.12084512540960857
omitted,selection,forward,copy,direction,0.5,10,specimen_10,60,45,1.0,0.35759978759397876,0.2031013257550427
omitted,selection,forward,copy,direction,0.5,10,specimen_10,60,90,0.5,0.47717730531129926,0.06384000838025061
omitted,selection,forward,copy,direction,0.5,10,specimen_10,60,90,1.0,0.4572623784929615,0.41947431678539293
omitted,selection,forward,copy,direction,0.5,10,specimen_10,60,135,0.5,0.3671975936549223,0.4108332670536028
omitted,selection,forward,copy,direction,0.5,10,specimen_10,60,135,1.0,0.41122235514670075,0.23143711613429363
omitted,selection,forward,copy,direction,0.5,10,specimen_10,60,180,0.5,0.6273523157689866,0.9957637531199213
omitted,selection,forward,copy,direction,0.5,10,specimen_10,60,180,1.0,0.6588078288207483,0.6745191854139683
omitted,selection,forward,copy,direction,0.5,10,specimen_10,60,225,0.5,0.3698230717304393,0.14893857121671794
omitted,selection,forward,copy,direction,0.5,10,specimen_10,60,225,1.0,0.41820037637843027,0.028713767315078798
omitted,selection,forward,copy,direction,0.5,10,specimen_10,60,270,0.5,0.4995272918720998,0.3312225591739044
omitted,selection,forward,copy,direction,0.5,10,specimen_10,60,270,1.0,0.44033523470382324,0.045409353805820674
omitted,selection,forward,copy,direction,0.5,10,specimen_10,60,315,0.5,0.33718154676504625,0.10293039315854524
omitted,selection,forward,copy,direction,0.5,10,specimen_10,60,315,1.0,0.3807193962575683,0.19132017169898963
omitted,selection,forward,copy,direction,0.5,57,specimen_57,20,0,1.0,0.7977154678433602,1.2725751138022752
omitted,selection,forward,copy,direction,0.5,57,specimen_57,20,45,0.5,0.5238180797400206,0.7823083184381329
omitted,selection,forward,copy,direction,0.5,57,specimen_57,20,45,1.0,0.5303127735164579,0.8010921350086522
omitted,selection,forward,copy,direction,0.5,57,specimen_57,20,90,0.5,0.5326241784102214,0.832757310147804
omitted,selection,forward,copy,direction,0.5,57,specimen_57,20,90,1.0,0.5684487319657823,0.8720531261052366
omitted,selection,forward,copy,direction,0.5,57,specimen_57,20,135,0.5,0.535474682792552,0.8614897001071531
omitted,selection,forward,copy,direction,0.5,57,specimen_57,20,135,1.0,0.5702026261085903,0.8902801023536185
omitted,selection,forward,copy,direction,0.5,57,specimen_57,20,180,0.5,0.7779019136063732,1.2658191564798211
omitted,selection,forward,copy,direction,0.5,57,specimen_57,20,180,1.0,0.72739522026485,1.2517810976829913
omitted,selection,forward,copy,direction,0.5,57,specimen_57,20,225,0.5,0.5399252981431579,0.8628423804579751
omitted,selection,forward,copy,direction,0.5,57,specimen_57,20,225,1.0,0.5554425038913403,0.8801657705227306
omitted,selection,forward,copy,direction,0.5,57,specimen_57,20,270,0.5,0.5522246614178785,0.816224477484095
omitted,selection,forward,copy,direction,0.5,57,specimen_57,20,270,1.0,0.6655762995283133,1.009880259806418
omitted,selection,forward,copy,direction,0.5,57,specimen_57,20,315,0.5,0.6019639770663069,0.814184274763861
omitted,selection,forward,copy,direction,0.5,57,specimen_57,20,315,1.0,0.580088472485699,0.8973248974857511
omitted,selection,forward,copy,direction,0.5,57,specimen_57,40,45,0.5,0.4348860417478095,0.4761780073367068
omitted,selection,forward,copy,direction,0.5,57,specimen_57,40,45,1.0,0.42170320078883466,0.5611426977761115
omitted,selection,forward,copy,direction,0.5,57,specimen_57,40,90,1.0,0.20509385719062215,0.5348499793422523
omitted,selection,forward,copy,direction,0.5,57,specimen_57,40,135,0.5,0.43393143245618643,0.0916448959030034
omitted,selection,forward,copy,direction,0.5,57,specimen_57,40,135,1.0,0.46070229114739014,0.18496622611691826
omitted,selection,forward,copy,direction,0.5,57,specimen_57,40,180,0.5,0.6614095307389111,1.0518450995006485
omitted,selection,forward,copy,direction,0.5,57,specimen_57,40,180,1.0,0.6206857223358548,1.0987901861626221
omitted,selection,forward,copy,direction,0.5,57,specimen_57,40,225,0.5,0.5479527295254534,0.3700599811847205
omitted,selection,forward,copy,direction,0.5,57,specimen_57,40,225,1.0,0.5137183335675654,0.44631907304854135
omitted,selection,forward,copy,direction,0.5,57,specimen_57,40,270,0.5,0.2034061461867859,0.7894813518444486
omitted,selection,forward,copy,direction,0.5,57,specimen_57,40,270,1.0,0.2354612221041238,0.7093258010672292
omitted,selection,forward,copy,direction,0.5,57,specimen_57,40,315,0.5,0.4917186704048014,0.7867609726561926
omitted,selection,forward,copy,direction,0.5,57,specimen_57,40,315,1.0,0.524508996439074,0.5491171346639363
omitted,selection,forward,copy,direction,0.5,57,specimen_57,60,0,0.5,0.7361903025689359,1.1486549439642155
omitted,selection,forward,copy,direction,0.5,57,specimen_57,60,0,1.0,0.7035858056678622,1.152727721960559
omitted,selection,forward,copy,direction,0.5,57,specimen_57,60,45,0.5,0.40518840924939054,0.32751643747611725
omitted,selection,forward,copy,direction,0.5,57,specimen_57,60,45,1.0,0.38953976190764883,0.20048664985456344
omitted,selection,forward,copy,direction,0.5,57,specimen_57,60,90,0.5,0.4819751054601702,0.5095190828325438
omitted,selection,forward,copy,direction,0.5,57,specimen_57,60,90,1.0,0.4660517954724903,0.5111703877233957
omitted,selection,forward,copy,direction,0.5,57,specimen_57,60,135,0.5,0.3784003724755299,0.722409488503359
omitted,selection,forward,copy,direction,0.5,57,specimen_57,60,135,1.0,0.42186431213674364,0.6353115479793789
omitted,selection,forward,copy,direction,0.5,57,specimen_57,60,180,0.5,0.6851684174790531,1.163987273771316
omitted,selection,forward,copy,direction,0.5,57,specimen_57,60,180,1.0,0.5911229462617721,1.1032373559081028
omitted,selection,forward,copy,direction,0.5,57,specimen_57,60,225,0.5,0.37132472505201086,0.15171957411893233
omitted,selection,forward,copy,direction,0.5,57,specimen_57,60,225,1.0,0.3666575369211591,0.15388481158594014
omitted,selection,forward,copy,direction,0.5,57,specimen_57,60,270,0.5,0.46799633210761393,0.6496569568206185
omitted,selection,forward,copy,direction,0.5,57,specimen_57,60,270,1.0,0.46906897842848244,0.5339655817726829
omitted,selection,forward,copy,direction,0.5,57,specimen_57,60,315,0.5,0.358188816067716,0.49921074839169544
omitted,selection,forward,copy,direction,0.5,57,specimen_57,60,315,1.0,0.3596550988626799,0.8070032998709276
omitted,selection,forward,copy,repeat,0.5,10,specimen_10,20,0,1.0,0.4405042379981614,0.3318979889549401
omitted,selection,forward,copy,repeat,0.5,10,specimen_10,20,45,0.5,0.6963868625182817,0.04631186029197221
omitted,selection,forward,copy,repeat,0.5,10,specimen_10,20,45,1.0,0.6742437113495218,0.06861061694438508
omitted,selection,forward,copy,repeat,0.5,10,specimen_10,20,90,0.5,0.8615389665370198,0.022355792815077824
omitted,selection,forward,copy,repeat,0.5,10,specimen_10,20,90,1.0,0.8060552080748794,0.05103550192681838
omitted,selection,forward,copy,repeat,0.5,10,specimen_10,20,135,0.5,0.6381121500635628,0.06644921899894174
omitted,selection,forward,copy,repeat,0.5,10,specimen_10,20,135,1.0,0.5951053339833056,0.04690320759059463
omitted,selection,forward,copy,repeat,0.5,10,specimen_10,20,180,0.5,0.5523700497588123,0.4341511245400917
omitted,selection,forward,copy,repeat,0.5,10,specimen_10,20,180,1.0,0.4424996577037574,0.3185814308480011
omitted,selection,forward,copy,repeat,0.5,10,specimen_10,20,225,0.5,0.6446934013146302,0.04532610957135863
omitted,selection,forward,copy,repeat,0.5,10,specimen_10,20,225,1.0,0.6333935967307627,0.02919434094918505
omitted,selection,forward,copy,repeat,0.5,10,specimen_10,20,270,0.5,0.840739102690467,0.0900232932614905
omitted,selection,forward,copy,repeat,0.5,10,specimen_10,20,270,1.0,0.8760541407253917,0.25244207287733034
omitted,selection,forward,copy,repeat,0.5,10,specimen_10,20,315,0.5,0.7415390521100925,0.027205137253168532
omitted,selection,forward,copy,repeat,0.5,10,specimen_10,20,315,1.0,0.6624523333686386,0.23181507414286717
omitted,selection,forward,copy,repeat,0.5,10,specimen_10,40,45,0.5,0.4580336056713838,0.44842103751671647
omitted,selection,forward,copy,repeat,0.5,10,specimen_10,40,45,1.0,0.45426312520299933,0.3858438601053774
omitted,selection,forward,copy,repeat,0.5,10,specimen_10,40,90,1.0,0.6743974610320554,1.4100751414113253
omitted,selection,forward,copy,repeat,0.5,10,specimen_10,40,135,0.5,0.5134212835708544,0.81962161986196
omitted,selection,forward,copy,repeat,0.5,10,specimen_10,40,135,1.0,0.4932686544200362,0.8164882971384894
omitted,selection,forward,copy,repeat,0.5,10,specimen_10,40,180,0.5,0.31814507567535416,0.21027397370346435
omitted,selection,forward,copy,repeat,0.5,10,specimen_10,40,180,1.0,0.2730788009804545,0.044716882133670754
omitted,selection,forward,copy,repeat,0.5,10,specimen_10,40,225,0.5,0.544595008754844,0.5463981703164226
omitted,selection,forward,copy,repeat,0.5,10,specimen_10,40,225,1.0,0.4701347617465825,0.3188317545586882
omitted,selection,forward,copy,repeat,0.5,10,specimen_10,40,270,0.5,0.7201749876429413,1.1965086467489714
omitted,selection,forward,copy,repeat,0.5,10,specimen_10,40,270,1.0,0.7480404912142261,0.5846976489091239
omitted,selection,forward,copy,repeat,0.5,10,specimen_10,40,315,0.5,0.5729212358726421,0.5843721665398397
omitted,selection,forward,copy,repeat,0.5,10,specimen_10,40,315,1.0,0.49944444176546815,0.7581003674560446
omitted,selection,forward,copy,repeat,0.5,10,specimen_10,60,0,0.5,0.2532746373556132,0.013006576877756193
omitted,selection,forward,copy,repeat,0.5,10,specimen_10,60,0,1.0,0.3711169978746454,0.2240558189383024
omitted,selection,forward,copy,repeat,0.5,10,specimen_10,60,45,0.5,0.5051579522904958,0.9761657017855719
omitted,selection,forward,copy,repeat,0.5,10,specimen_10,60,45,1.0,0.5461439129400033,1.058421902131006
omitted,selection,forward,copy,repeat,0.5,10,specimen_10,60,90,0.5,0.7426355545869177,0.919160584756214
omitted,selection,forward,copy,repeat,0.5,10,specimen_10,60,90,1.0,0.735823646544155,1.2747948931613564
omitted,selection,forward,copy,repeat,0.5,10,specimen_10,60,135,0.5,0.5874811337868542,1.2661538434295663
omitted,selection,forward,copy,repeat,0.5,10,specimen_10,60,135,1.0,0.6028530701077477,1.0867576925102571
omitted,selection,forward,copy,repeat,0.5,10,specimen_10,60,180,0.5,0.358919632192207,0.1404431767439579
omitted,selection,forward,copy,repeat,0.5,10,specimen_10,60,180,1.0,0.43531356071532423,0.1808013909619951
omitted,selection,forward,copy,repeat,0.5,10,specimen_10,60,225,0.5,0.48654790855524427,1.0042591475926814
omitted,selection,forward,copy,repeat,0.5,10,specimen_10,60,225,1.0,0.48013057080505933,0.8840343436910422
omitted,selection,forward,copy,repeat,0.5,10,specimen_10,60,270,0.5,0.7815364385515903,1.1865431355498677
omitted,selection,forward,copy,repeat,0.5,10,specimen_10,60,270,1.0,0.7153615086831464,0.900729930181784
omitted,selection,forward,copy,repeat,0.5,10,specimen_10,60,315,0.5,0.54556609788163,0.7523901832174181
omitted,selection,forward,copy,repeat,0.5,10,specimen_10,60,315,1.0,0.5556306722456285,1.046640748074953
omitted,selection,forward,copy,repeat,0.5,57,specimen_57,20,0,1.0,0.21067915743846943,0.11445381639341717
omitted,selection,forward,copy,repeat,0.5,57,specimen_57,20,45,0.5,0.45980996067754143,0.37581297897072513
omitted,selection,forward,copy,repeat,0.5,57,specimen_57,20,45,1.0,0.4619023346785906,0.3570291624002058
omitted,selection,forward,copy,repeat,0.5,57,specimen_57,20,90,0.5,0.45083191104357345,0.32536398726105403
omitted,selection,forward,copy,repeat,0.5,57,specimen_57,20,90,1.0,0.46330873426418284,0.28606817130362144
omitted,selection,forward,copy,repeat,0.5,57,specimen_57,20,135,0.5,0.49057692393176827,0.2966315973017049
omitted,selection,forward,copy,repeat,0.5,57,specimen_57,20,135,1.0,0.4712720812665829,0.26784119505523946
omitted,selection,forward,copy,repeat,0.5,57,specimen_57,20,180,0.5,0.2952103620600959,0.1076978590709631
omitted,selection,forward,copy,repeat,0.5,57,specimen_57,20,180,1.0,0.2557529077180414,0.09365980027413329
omitted,selection,forward,copy,repeat,0.5,57,specimen_57,20,225,0.5,0.4501999379893866,0.2952789169508829
omitted,selection,forward,copy,repeat,0.5,57,specimen_57,20,225,1.0,0.4582006991098701,0.2779555268861274
omitted,selection,forward,copy,repeat,0.5,57,specimen_57,20,270,0.5,0.4539112742693982,0.341896819924763
omitted,selection,forward,copy,repeat,0.5,57,specimen_57,20,270,1.0,0.4599413843150928,0.14824103760243995
omitted,selection,forward,copy,repeat,0.5,57,specimen_57,20,315,0.5,0.47369557603607926,0.343937022644997
omitted,selection,forward,copy,repeat,0.5,57,specimen_57,20,315,1.0,0.46404963364131985,0.26079639992310694
omitted,selection,forward,copy,repeat,0.5,57,specimen_57,40,45,0.5,0.5204220556728925,0.6819432900721512
omitted,selection,forward,copy,repeat,0.5,57,specimen_57,40,45,1.0,0.5364633350431672,0.5969785996327466
omitted,selection,forward,copy,repeat,0.5,57,specimen_57,40,90,1.0,0.8604396500234381,1.6929712767511103
omitted,selection,forward,copy,repeat,0.5,57,specimen_57,40,135,0.5,0.5873849028264554,1.0664764015058545
omitted,selection,forward,copy,repeat,0.5,57,specimen_57,40,135,1.0,0.5533302219710992,0.9731550712919397
omitted,selection,forward,copy,repeat,0.5,57,specimen_57,40,180,0.5,0.2620055756783663,0.10627619790820947
omitted,selection,forward,copy,repeat,0.5,57,specimen_57,40,180,1.0,0.26514338355238826,0.05933111124623586
omitted,selection,forward,copy,repeat,0.5,57,specimen_57,40,225,0.5,0.5236936297758646,0.7880613162241374
omitted,selection,forward,copy,repeat,0.5,57,specimen_57,40,225,1.0,0.5145216131565344,0.7118022243603166
omitted,selection,forward,copy,repeat,0.5,57,specimen_57,40,270,0.5,0.7884233307897807,1.9476026492533065
omitted,selection,forward,copy,repeat,0.5,57,specimen_57,40,270,1.0,0.7781547150050558,1.8674470984760871
omitted,selection,forward,copy,repeat,0.5,57,specimen_57,40,315,0.5,0.5429196836068426,1.9448822700650505
omitted,selection,forward,copy,repeat,0.5,57,specimen_57,40,315,1.0,0.5013245533786148,1.7072384320727942
omitted,selection,forward,copy,repeat,0.5,57,specimen_57,60,0,0.5,0.23434693968916617,0.009466353444642472
omitted,selection,forward,copy,repeat,0.5,57,specimen_57,60,0,1.0,0.2166515539235704,0.005393575448298937
omitted,selection,forward,copy,repeat,0.5,57,specimen_57,60,45,0.5,0.8167150251387323,1.4856377348849752
omitted,selection,forward,copy,repeat,0.5,57,specimen_57,60,45,1.0,0.8228981730183484,1.3586079472634214
omitted,selection,forward,copy,repeat,0.5,57,specimen_57,60,90,0.5,0.9580237927002279,1.6676403802414017
omitted,selection,forward,copy,repeat,0.5,57,specimen_57,60,90,1.0,0.9610348845972899,1.6692916851322537
omitted,selection,forward,copy,repeat,0.5,57,specimen_57,60,135,0.5,0.8292004549288045,1.880530785912217
omitted,selection,forward,copy,repeat,0.5,57,specimen_57,60,135,1.0,0.8448402256615072,1.7934328453882369
omitted,selection,forward,copy,repeat,0.5,57,specimen_57,60,180,0.5,0.380753394864597,0.0058659763624578365
omitted,selection,forward,copy,repeat,0.5,57,specimen_57,60,180,1.0,0.36564946804693294,0.05488394150075526
omitted,selection,forward,copy,repeat,0.5,57,specimen_57,60,225,0.5,0.6724822701642837,1.3098408715277903
omitted,selection,forward,copy,repeat,0.5,57,specimen_57,60,225,1.0,0.7143676116784525,1.312006108994798
omitted,selection,forward,copy,repeat,0.5,57,specimen_57,60,270,0.5,0.8766850384714436,1.8077782542294765
omitted,selection,forward,copy,repeat,0.5,57,specimen_57,60,270,1.0,0.8253143613545951,1.6920868791815409
omitted,selection,forward,copy,repeat,0.5,57,specimen_57,60,315,0.5,0.7029162840257702,1.6573320458005534
omitted,selection,forward,copy,repeat,0.5,57,specimen_57,60,315,1.0,0.7235109216814847,1.9651245972797855
omitted,selection,forward,copy,single,0.5,10,specimen_10,20,0,1.0,0.4196267087540771,0.2801255445757323
omitted,selection,forward,copy,single,0.5,10,specimen_10,20,45,0.5,0.6739689035718945,0.005460584087235598
omitted,selection,forward,copy,single,0.5,10,specimen_10,20,45,1.0,0.6506568498492116,0.01683817256517728
omitted,selection,forward,copy,single,0.5,10,specimen_10,20,90,0.5,0.839776278149453,0.02941665156412998
omitted,selection,forward,copy,single,0.5,10,specimen_10,20,90,1.0,0.7876438344173534,0.10280794630602619
omitted,selection,forward,copy,single,0.5,10,specimen_10,20,135,0.5,0.6150197291217349,0.014676774619733934
omitted,selection,forward,copy,single,0.5,10,specimen_10,20,135,1.0,0.5727365348802613,0.004869236788613174
omitted,selection,forward,copy,single,0.5,10,specimen_10,20,180,0.5,0.5128494084909815,0.3823786801608839
omitted,selection,forward,copy,single,0.5,10,specimen_10,20,180,1.0,0.41374149983532965,0.2668089864687933
omitted,selection,forward,copy,single,0.5,10,specimen_10,20,225,0.5,0.6218093973328496,0.0064463348078491745
omitted,selection,forward,copy,single,0.5,10,specimen_10,20,225,1.0,0.6109250190831594,0.022578103430022756
omitted,selection,forward,copy,single,0.5,10,specimen_10,20,270,0.5,0.8226979841579641,0.038250848882282695
omitted,selection,forward,copy,single,0.5,10,specimen_10,20,270,1.0,0.8580209401838066,0.20066962849812253
omitted,selection,forward,copy,single,0.5,10,specimen_10,20,315,0.5,0.7132325520281872,0.07897758163237634
omitted,selection,forward,copy,single,0.5,10,specimen_10,20,315,1.0,0.6430599972511516,0.283587518522075
omitted,selection,forward,copy,single,0.5,10,specimen_10,40,45,0.5,0.44853631841517233,0.5001934818959243
omitted,selection,forward,copy,single,0.5,10,specimen_10,40,45,1.0,0.451202439404943,0.4376163044845852
omitted,selection,forward,copy,single,0.5,10,specimen_10,40,90,1.0,0.6746149210961291,1.461847585790533
omitted,selection,forward,copy,single,0.5,10,specimen_10,40,135,0.5,0.5033519800230813,0.8713940642411678
omitted,selection,forward,copy,single,0.5,10,specimen_10,40,135,1.0,0.488155653942765,0.8682607415176972
omitted,selection,forward,copy,single,0.5,10,specimen_10,40,180,0.5,0.3063408745235928,0.15850152932425654
omitted,selection,forward,copy,single,0.5,10,specimen_10,40,180,1.0,0.2808391625017202,0.00705556224553705
omitted,selection,forward,copy,single,0.5,10,specimen_10,40,225,0.5,0.5259534817117935,0.5981706146956304
omitted,selection,forward,copy,single,0.5,10,specimen_10,40,225,1.0,0.45108011105553275,0.370604198937896
omitted,selection,forward,copy,single,0.5,10,specimen_10,40,270,0.5,0.704282770845253,1.2482810911281792
omitted,selection,forward,copy,single,0.5,10,specimen_10,40,270,1.0,0.7228780889030064,0.6364700932883317
omitted,selection,forward,copy,single,0.5,10,specimen_10,40,315,0.5,0.5558711814248235,0.6361446109190475
omitted,selection,forward,copy,single,0.5,10,specimen_10,40,315,1.0,0.49571459642454513,0.8098728118352524
omitted,selection,forward,copy,single,0.5,10,specimen_10,60,0,0.5,0.2703574321226243,0.064779021256964
omitted,selection,forward,copy,single,0.5,10,specimen_10,60,0,1.0,0.3970548536333503,0.2758282633175102
omitted,selection,forward,copy,single,0.5,10,specimen_10,60,45,0.5,0.5069591116542133,1.0279381461647796
omitted,selection,forward,copy,single,0.5,10,specimen_10,60,45,1.0,0.5704686700811675,1.1101943465102138
omitted,selection,forward,copy,single,0.5,10,specimen_10,60,90,0.5,0.7314199422944018,0.9709330291354218
omitted,selection,forward,copy,single,0.5,10,specimen_10,60,90,1.0,0.7318555721938632,1.3265673375405642
omitted,selection,forward,copy,single,0.5,10,specimen_10,60,135,0.5,0.6159055252978137,1.317926287808774
omitted,selection,forward,copy,single,0.5,10,specimen_10,60,135,1.0,0.6284245152448351,1.138530136889465
omitted,selection,forward,copy,single,0.5,10,specimen_10,60,180,0.5,0.36550186820073866,0.0886707323647501
omitted,selection,forward,copy,single,0.5,10,specimen_10,60,180,1.0,0.4532845696383947,0.2325738353412029
omitted,selection,forward,copy,single,0.5,10,specimen_10,60,225,0.5,0.4886994593436274,1.0560315919718892
omitted,selection,forward,copy,single,0.5,10,specimen_10,60,225,1.0,0.4928135494990809,0.93580678807025
omitted,selection,forward,copy,single,0.5,10,specimen_10,60,270,0.5,0.768688947777619,1.2383155799290755
omitted,selection,forward,copy,single,0.5,10,specimen_10,60,270,1.0,0.7144741074338601,0.9525023745609918
omitted,selection,forward,copy,single,0.5,10,specimen_10,60,315,0.5,0.5549995446355882,0.8041626275966259
omitted,selection,forward,copy,single,0.5,10,specimen_10,60,315,1.0,0.5789889490593213,1.098413192454161
omitted,selection,forward,copy,single,0.5,57,specimen_57,20,0,1.0,0.22750016195109646,0.1068807360785961
omitted,selection,forward,copy,single,0.5,57,specimen_57,20,45,0.5,0.4781559547051976,0.3833860592855462
omitted,selection,forward,copy,single,0.5,57,specimen_57,20,45,1.0,0.4904807121069154,0.3646022427150269
omitted,selection,forward,copy,single,0.5,57,specimen_57,20,90,0.5,0.47139073942963083,0.3329370675758751
omitted,selection,forward,copy,single,0.5,57,specimen_57,20,90,1.0,0.48486958802257335,0.2936412516184425
omitted,selection,forward,copy,single,0.5,57,specimen_57,20,135,0.5,0.5109736857643711,0.304204677616526
omitted,selection,forward,copy,single,0.5,57,specimen_57,20,135,1.0,0.4856921038936512,0.2754142753700605
omitted,selection,forward,copy,single,0.5,57,specimen_57,20,180,0.5,0.3059091169464145,0.10012477875614204
omitted,selection,forward,copy,single,0.5,57,specimen_57,20,180,1.0,0.2658652105555646,0.08608671995931222
omitted,selection,forward,copy,single,0.5,57,specimen_57,20,225,0.5,0.46962003272305824,0.30285199726570394
omitted,selection,forward,copy,single,0.5,57,specimen_57,20,225,1.0,0.4738341194692794,0.28552860720094847
omitted,selection,forward,copy,single,0.5,57,specimen_57,20,270,0.5,0.4765158449010228,0.3494699002395841
omitted,selection,forward,copy,single,0.5,57,specimen_57,20,270,1.0,0.47145144170433867,0.15581411791726102
omitted,selection,forward,copy,single,0.5,57,specimen_57,20,315,0.5,0.490690479732477,0.35151010295981805
omitted,selection,forward,copy,single,0.5,57,specimen_57,20,315,1.0,0.47973752129996106,0.268369480237928
omitted,selection,forward,copy,single,0.5,57,specimen_57,40,45,0.5,0.5558960999699003,0.6895163703869722
omitted,selection,forward,copy,single,0.5,57,specimen_57,40,45,1.0,0.5685074116549539,0.6045516799475676
omitted,selection,forward,copy,single,0.5,57,specimen_57,40,90,1.0,0.8893013983678877,1.7005443570659313
omitted,selection,forward,copy,single,0.5,57,specimen_57,40,135,0.5,0.6092082256337563,1.0740494818206756
omitted,selection,forward,copy,single,0.5,57,specimen_57,40,135,1.0,0.5791975604153671,0.9807281516067607
omitted,selection,forward,copy,single,0.5,57,specimen_57,40,180,0.5,0.2817411234821315,0.11384927822303054
omitted,selection,forward,copy,single,0.5,57,specimen_57,40,180,1.0,0.2805836736209519,0.06690419156105692
omitted,selection,forward,copy,single,0.5,57,specimen_57,40,225,0.5,0.5479322063625253,0.7956343965389585
omitted,selection,forward,copy,single,0.5,57,specimen_57,40,225,1.0,0.5380947204868872,0.7193753046751377
omitted,selection,forward,copy,single,0.5,57,specimen_57,40,270,0.5,0.8159141270189028,1.9551757295681276
omitted,selection,forward,copy,single,0.5,57,specimen_57,40,270,1.0,0.8056923857321028,1.8750201787909082
omitted,selection,forward,copy,single,0.5,57,specimen_57,40,315,0.5,0.5718044158573826,1.9524553503798716
omitted,selection,forward,copy,single,0.5,57,specimen_57,40,315,1.0,0.526341024379284,1.7148115123876153
omitted,selection,forward,copy,single,0.5,57,specimen_57,60,0,0.5,0.24809591758730107,0.01703943375946354
omitted,selection,forward,copy,single,0.5,57,specimen_57,60,0,1.0,0.24151026281058052,0.012966655763120005
omitted,selection,forward,copy,single,0.5,57,specimen_57,60,45,0.5,0.8535569867552691,1.4932108151997963
omitted,selection,forward,copy,single,0.5,57,specimen_57,60,45,1.0,0.8549762704330378,1.3661810275782424
omitted,selection,forward,copy,single,0.5,57,specimen_57,60,90,0.5,0.9881531850016394,1.6752134605562228
omitted,selection,forward,copy,single,0.5,57,specimen_57,60,90,1.0,0.9884332137753633,1.6768647654470747
omitted,selection,forward,copy,single,0.5,57,specimen_57,60,135,0.5,0.8607923264626631,1.888103866227038
omitted,selection,forward,copy,single,0.5,57,specimen_57,60,135,1.0,0.8782129959881914,1.801005925703058
omitted,selection,forward,copy,single,0.5,57,specimen_57,60,180,0.5,0.4023075112458884,0.0017071039523632314
omitted,selection,forward,copy,single,0.5,57,specimen_57,60,180,1.0,0.38378583536745703,0.06245702181557633
omitted,selection,forward,copy,single,0.5,57,specimen_57,60,225,0.5,0.6988402057528189,1.3174139518426113
omitted,selection,forward,copy,single,0.5,57,specimen_57,60,225,1.0,0.7405139116825895,1.3195791893096191
omitted,selection,forward,copy,single,0.5,57,specimen_57,60,270,0.5,0.8999315321214633,1.8153513345442975
omitted,selection,forward,copy,single,0.5,57,specimen_57,60,270,1.0,0.8480232108513795,1.699659959496362
omitted,selection,forward,copy,single,0.5,57,specimen_57,60,315,0.5,0.731801283712735,1.6649051261153744
omitted,selection,forward,copy,single,0.5,57,specimen_57,60,315,1.0,0.7463630680535592,1.9726976775946066
omitted,selection,forward,encoder,direction,0.5,10,specimen_10,20,0,1.0,0.3170572817325592,0.1189876883721314
omitted,selection,forward,encoder,direction,0.5,10,specimen_10,20,45,0.5,0.200552632411321,0.14839741248896401
omitted,selection,forward,encoder,direction,0.5,10,specimen_10,20,45,1.0,0.18594861527283987,0.12550824938259172
omitted,selection,forward,encoder,direction,0.5,10,specimen_10,20,90,0.5,0.35612953702608746,0.18370258561950012
omitted,selection,forward,encoder,direction,0.5,10,specimen_10,20,90,1.0,0.31318217515945435,0.25475643746742277
omitted,selection,forward,encoder,direction,0.5,10,specimen_10,20,135,0.5,0.1779810587565104,0.17611581427033232
omitted,selection,forward,encoder,direction,0.5,10,specimen_10,20,135,1.0,0.19631454845269522,0.1926934322111041
omitted,selection,forward,encoder,direction,0.5,10,specimen_10,20,180,0.5,0.33010948697725934,0.15120815431866333
omitted,selection,forward,encoder,direction,0.5,10,specimen_10,20,180,1.0,0.31479745109875995,0.06961846965825337
omitted,selection,forward,encoder,direction,0.5,10,specimen_10,20,225,0.5,0.19247382879257202,0.24022298218556162
omitted,selection,forward,encoder,direction,0.5,10,specimen_10,20,225,1.0,0.19225104649861655,0.2539906684404001
omitted,selection,forward,encoder,direction,0.5,10,specimen_10,20,270,0.5,0.3027962346871694,0.16899547408767499
omitted,selection,forward,encoder,direction,0.5,10,specimen_10,20,270,1.0,0.3408537407716115,0.0368842919723959
omitted,selection,forward,encoder,direction,0.5,10,specimen_10,20,315,0.5,0.21087461213270822,0.257580165133585
omitted,selection,forward,encoder,direction,0.5,10,specimen_10,20,315,1.0,0.23113201558589935,0.4638008236661772
omitted,selection,forward,encoder,direction,0.5,10,specimen_10,40,45,0.5,0.23443406323591867,0.46448979990209044
omitted,selection,forward,encoder,direction,0.5,10,specimen_10,40,45,1.0,0.24457686146100363,0.3906979692643309
omitted,selection,forward,encoder,direction,0.5,10,specimen_10,40,90,1.0,0.38696343700091046,1.4152034041580468
omitted,selection,forward,encoder,direction,0.5,10,specimen_10,40,135,0.5,0.25922588507334393,0.8860665403906592
omitted,selection,forward,encoder,direction,0.5,10,specimen_10,40,135,1.0,0.29896363615989685,0.8711272614333571
omitted,selection,forward,encoder,direction,0.5,10,specimen_10,40,180,0.5,0.43757057189941406,0.07016242512961986
omitted,selection,forward,encoder,direction,0.5,10,specimen_10,40,180,1.0,0.4987226724624634,0.08996245931896725
omitted,selection,forward,encoder,direction,0.5,10,specimen_10,40,225,0.5,0.21443096796671549,0.6880010505505213
omitted,selection,forward,encoder,direction,0.5,10,specimen_10,40,225,1.0,0.23377086222171783,0.45472171281662455
omitted,selection,forward,encoder,direction,0.5,10,specimen_10,40,270,0.5,0.3599728047847748,1.2888528024590726
omitted,selection,forward,encoder,direction,0.5,10,specimen_10,40,270,1.0,0.34651315212249756,0.6769467537755579
omitted,selection,forward,encoder,direction,0.5,10,specimen_10,40,315,0.5,0.22986064851284027,0.6540085204241987
omitted,selection,forward,encoder,direction,0.5,10,specimen_10,40,315,1.0,0.3200917641321818,0.822732297419952
omitted,selection,forward,encoder,direction,0.5,10,specimen_10,60,0,0.5,0.5033070842425028,0.14543146575277818
omitted,selection,forward,encoder,direction,0.5,10,specimen_10,60,0,1.0,0.508735199769338,0.1552598455243017
omitted,selection,forward,encoder,direction,0.5,10,specimen_10,60,45,0.5,0.2826559642950694,0.7156857482131369
omitted,selection,forward,encoder,direction,0.5,10,specimen_10,60,45,1.0,0.3138355265061061,0.7653490839697478
omitted,selection,forward,encoder,direction,0.5,10,specimen_10,60,90,0.5,0.40365392963091534,0.6011597177090955
omitted,selection,forward,encoder,direction,0.5,10,specimen_10,60,90,1.0,0.3910611073176066,0.9207528352581155
omitted,selection,forward,encoder,direction,0.5,10,specimen_10,60,135,0.5,0.29869161546230316,1.035617942958742
omitted,selection,forward,encoder,direction,0.5,10,specimen_10,60,135,1.0,0.318218191464742,0.8056451697416539
omitted,selection,forward,encoder,direction,0.5,10,specimen_10,60,180,0.5,0.4770930806795756,0.22220785228480153
omitted,selection,forward,encoder,direction,0.5,10,specimen_10,60,180,1.0,0.5502968629201254,0.16361952886916298
omitted,selection,forward,encoder,direction,0.5,10,specimen_10,60,225,0.5,0.2583304097255071,0.9196382003907461
omitted,selection,forward,encoder,direction,0.5,10,specimen_10,60,225,1.0,0.2804822524388631,0.7762523376048426
omitted,selection,forward,encoder,direction,0.5,10,specimen_10,60,270,0.5,0.40655407309532166,1.0390283781662137
omitted,selection,forward,encoder,direction,0.5,10,specimen_10,60,270,1.0,0.3578076759974162,0.7044323810355667
omitted,selection,forward,encoder,direction,0.5,10,specimen_10,60,315,0.5,0.2409440279006958,0.5929237048144046
omitted,selection,forward,encoder,direction,0.5,10,specimen_10,60,315,1.0,0.3099682629108429,0.8675592178767525
omitted,selection,forward,encoder,direction,0.5,57,specimen_57,20,0,1.0,0.4390941957632701,0.22253564993244568
omitted,selection,forward,encoder,direction,0.5,57,specimen_57,20,45,0.5,0.26372667650381726,0.2491683441042621
omitted,selection,forward,encoder,direction,0.5,57,specimen_57,20,45,1.0,0.27304241557916004,0.2297827724674404
omitted,selection,forward,encoder,direction,0.5,57,specimen_57,20,90,0.5,0.29656728108723956,0.20894380665148152
omitted,selection,forward,encoder,direction,0.5,57,specimen_57,20,90,1.0,0.30267394582430523,0.16615151903045908
omitted,selection,forward,encoder,direction,0.5,57,specimen_57,20,135,0.5,0.2699715594450633,0.21165668321276643
omitted,selection,forward,encoder,direction,0.5,57,specimen_57,20,135,1.0,0.29296551644802094,0.180396147247902
omitted,selection,forward,encoder,direction,0.5,57,specimen_57,20,180,0.5,0.37633633613586426,0.16366506323390936
omitted,selection,forward,encoder,direction,0.5,57,specimen_57,20,180,1.0,0.3564120928446452,0.15054969137520471
omitted,selection,forward,encoder,direction,0.5,57,specimen_57,20,225,0.5,0.27471061050891876,0.23786266467502992
omitted,selection,forward,encoder,direction,0.5,57,specimen_57,20,225,1.0,0.27291345099608105,0.22019337085262372
omitted,selection,forward,encoder,direction,0.5,57,specimen_57,20,270,0.5,0.3125769595305125,0.26424740863739554
omitted,selection,forward,encoder,direction,0.5,57,specimen_57,20,270,1.0,0.3427254259586334,0.07150532447245717
omitted,selection,forward,encoder,direction,0.5,57,specimen_57,20,315,0.5,0.2812156726916631,0.24396286672286868
omitted,selection,forward,encoder,direction,0.5,57,specimen_57,20,315,1.0,0.28334685663382214,0.16307816852560783
omitted,selection,forward,encoder,direction,0.5,57,specimen_57,40,45,0.5,0.22064808011054993,0.45190100815187045
omitted,selection,forward,encoder,direction,0.5,57,specimen_57,40,45,1.0,0.2143122355143229,0.3567178740000106
omitted,selection,forward,encoder,direction,0.5,57,specimen_57,40,90,1.0,0.47379233439763385,1.4465847894988626
omitted,selection,forward,encoder,direction,0.5,57,specimen_57,40,135,0.5,0.25413612027963,0.873963296653573
omitted,selection,forward,encoder,direction,0.5,57,specimen_57,40,135,1.0,0.24270185828208923,0.7745594857922414
omitted,selection,forward,encoder,direction,0.5,57,specimen_57,40,180,0.5,0.3549237648646037,0.039542408661864314
omitted,selection,forward,encoder,direction,0.5,57,specimen_57,40,180,1.0,0.33999518553415936,0.0883369390583672
omitted,selection,forward,encoder,direction,0.5,57,specimen_57,40,225,0.5,0.23828546206156412,0.6417884728363895
omitted,selection,forward,encoder,direction,0.5,57,specimen_57,40,225,1.0,0.22505630056063333,0.5619184943596903
omitted,selection,forward,encoder,direction,0.5,57,specimen_57,40,270,0.5,0.48486262559890747,1.7672950017634683
omitted,selection,forward,encoder,direction,0.5,57,specimen_57,40,270,1.0,0.4588623344898224,1.68503287079006
omitted,selection,forward,encoder,direction,0.5,57,specimen_57,40,315,0.5,0.2546990017096202,1.7537781701984911
omitted,selection,forward,encoder,direction,0.5,57,specimen_57,40,315,1.0,0.3038887580235799,1.5093959057551254
omitted,selection,forward,encoder,direction,0.5,57,specimen_57,60,0,0.5,0.5310961604118347,0.30979652219486986
omitted,selection,forward,encoder,direction,0.5,57,specimen_57,60,0,1.0,0.517444372177124,0.33538462469905506
omitted,selection,forward,encoder,direction,0.5,57,specimen_57,60,45,0.5,0.3852080802122752,1.1104019789024215
omitted,selection,forward,encoder,direction,0.5,57,specimen_57,60,45,1.0,0.35916398962338764,0.955509376378702
omitted,selection,forward,encoder,direction,0.5,57,specimen_57,60,90,0.5,0.42778546611468,1.2497353158032187
omitted,selection,forward,encoder,direction,0.5,57,specimen_57,60,90,1.0,0.42811788121859234,1.2313015845335256
omitted,selection,forward,encoder,direction,0.5,57,specimen_57,60,135,0.5,0.3775610625743866,1.516713897848519
omitted,selection,forward,encoder,direction,0.5,57,specimen_57,60,135,1.0,0.37371904651323956,1.4264046006531954
omitted,selection,forward,encoder,direction,0.5,57,specimen_57,60,180,0.5,0.4441387852032979,0.2713255619864888
omitted,selection,forward,encoder,direction,0.5,57,specimen_57,60,180,1.0,0.369618554910024,0.22359836783298706
omitted,selection,forward,encoder,direction,0.5,57,specimen_57,60,225,0.5,0.3135384718577067,1.0334957247646785
omitted,selection,forward,encoder,direction,0.5,57,specimen_57,60,225,1.0,0.3278004725774129,1.025454589303951
omitted,selection,forward,encoder,direction,0.5,57,specimen_57,60,270,0.5,0.3909864127635956,1.4742849609496245
omitted,selection,forward,encoder,direction,0.5,57,specimen_57,60,270,1.0,0.36277759075164795,1.3504379605691508
omitted,selection,forward,encoder,direction,0.5,57,specimen_57,60,315,0.5,0.2961799005667369,1.3391404689420987
omitted,selection,forward,encoder,direction,0.5,57,specimen_57,60,315,1.0,0.3214413324991862,1.6296420528839308
omitted,selection,forward,encoder,repeat,0.5,10,specimen_10,20,0,1.0,0.3548141419887543,0.20585245045281533
omitted,selection,forward,encoder,repeat,0.5,10,specimen_10,20,45,0.5,0.31549226740996045,0.06561665282477425
omitted,selection,forward,encoder,repeat,0.5,10,specimen_10,20,45,1.0,0.29547696312268573,0.049714283660325743
omitted,selection,forward,encoder,repeat,0.5,10,specimen_10,20,90,0.5,0.45791890223821,0.10047508923741984
omitted,selection,forward,encoder,repeat,0.5,10,specimen_10,20,90,1.0,0.40015721321105957,0.17076249422852444
omitted,selection,forward,encoder,repeat,0.5,10,specimen_10,20,135,0.5,0.229923278093338,0.10172195546414588
omitted,selection,forward,encoder,repeat,0.5,10,specimen_10,20,135,1.0,0.22401217619578043,0.11351875837851326
omitted,selection,forward,encoder,repeat,0.5,10,specimen_10,20,180,0.5,0.3839390178521474,0.22139671838974495
omitted,selection,forward,encoder,repeat,0.5,10,specimen_10,20,180,1.0,0.33767717083295185,0.10986652118004753
omitted,selection,forward,encoder,repeat,0.5,10,specimen_10,20,225,0.5,0.2523050159215927,0.17030981248333857
omitted,selection,forward,encoder,repeat,0.5,10,specimen_10,20,225,1.0,0.2611260215441386,0.18392628222579224
omitted,selection,forward,encoder,repeat,0.5,10,specimen_10,20,270,0.5,0.39947738250096637,0.09353159275226491
omitted,selection,forward,encoder,repeat,0.5,10,specimen_10,20,270,1.0,0.47040048241615295,0.07006968299646478
omitted,selection,forward,encoder,repeat,0.5,10,specimen_10,20,315,0.5,0.332334170738856,0.1766851579085544
omitted,selection,forward,encoder,repeat,0.5,10,specimen_10,20,315,1.0,0.2563567707935969,0.38045808144518783
omitted,selection,forward,encoder,repeat,0.5,10,specimen_10,40,45,0.5,0.21715578436851501,0.3522737621784067
omitted,selection,forward,encoder,repeat,0.5,10,specimen_10,40,45,1.0,0.21903366347153982,0.2708807880612436
omitted,selection,forward,encoder,repeat,0.5,10,specimen_10,40,90,1.0,0.3682929476102193,1.2953050439408589
omitted,selection,forward,encoder,repeat,0.5,10,specimen_10,40,135,0.5,0.2489620844523112,0.786112426970675
omitted,selection,forward,encoder,repeat,0.5,10,specimen_10,40,135,1.0,0.2589050481716792,0.7636025402446643
omitted,selection,forward,encoder,repeat,0.5,10,specimen_10,40,180,0.5,0.42108167211214703,0.16494022461913205
omitted,selection,forward,encoder,repeat,0.5,10,specimen_10,40,180,1.0,0.45910489559173584,0.029759263170585377
omitted,selection,forward,encoder,repeat,0.5,10,specimen_10,40,225,0.5,0.27867979804674786,0.5945474299675871
omitted,selection,forward,encoder,repeat,0.5,10,specimen_10,40,225,1.0,0.2151088813940684,0.3557867794754123
omitted,selection,forward,encoder,repeat,0.5,10,specimen_10,40,270,0.5,0.3819783627986908,1.1956702717035361
omitted,selection,forward,encoder,repeat,0.5,10,specimen_10,40,270,1.0,0.41881610949834186,0.5723521338032463
omitted,selection,forward,encoder,repeat,0.5,10,specimen_10,40,315,0.5,0.2438667764266332,0.5511829453718883
omitted,selection,forward,encoder,repeat,0.5,10,specimen_10,40,315,1.0,0.2400662104288737,0.7144701244814039
omitted,selection,forward,encoder,repeat,0.5,10,specimen_10,60,0,0.5,0.48956408103307086,0.28804940140763097
omitted,selection,forward,encoder,repeat,0.5,10,specimen_10,60,0,1.0,0.4577181239922841,0.15890589075934147
omitted,selection,forward,encoder,repeat,0.5,10,specimen_10,60,45,0.5,0.3023398866256078,0.5711462668298304
omitted,selection,forward,encoder,repeat,0.5,10,specimen_10,60,45,1.0,0.272660752137502,0.630978214129132
omitted,selection,forward,encoder,repeat,0.5,10,specimen_10,60,90,0.5,0.48804065585136414,0.5173166665845929
omitted,selection,forward,encoder,repeat,0.5,10,specimen_10,60,90,1.0,0.44358914097150165,0.7680986980073158
omitted,selection,forward,encoder,repeat,0.5,10,specimen_10,60,135,0.5,0.24518275757630667,0.8880955903472042
omitted,selection,forward,encoder,repeat,0.5,10,specimen_10,60,135,1.0,0.236145148674647,0.658253515241123
omitted,selection,forward,encoder,repeat,0.5,10,specimen_10,60,180,0.5,0.4930587907632192,0.3511383036269044
omitted,selection,forward,encoder,repeat,0.5,10,specimen_10,60,180,1.0,0.5196044047673544,0.1428611994082257
omitted,selection,forward,encoder,repeat,0.5,10,specimen_10,60,225,0.5,0.26234646141529083,0.8096062877515697
omitted,selection,forward,encoder,repeat,0.5,10,specimen_10,60,225,1.0,0.2496781200170517,0.662691237142497
omitted,selection,forward,encoder,repeat,0.5,10,specimen_10,60,270,0.5,0.44719357291857403,0.9270777784356944
omitted,selection,forward,encoder,repeat,0.5,10,specimen_10,60,270,1.0,0.3795335292816162,0.6005601638205824
omitted,selection,forward,encoder,repeat,0.5,10,specimen_10,60,315,0.5,0.224936380982399,0.45423428263377513
omitted,selection,forward,encoder,repeat,0.5,10,specimen_10,60,315,1.0,0.2152909388144811,0.7406806813959784
omitted,selection,forward,encoder,repeat,0.5,57,specimen_57,20,0,1.0,0.4333826998869578,0.20993016598799671
omitted,selection,forward,encoder,repeat,0.5,57,specimen_57,20,45,0.5,0.28652524948120117,0.26605330109669767
omitted,selection,forward,encoder,repeat,0.5,57,specimen_57,20,45,1.0,0.2895061920086543,0.2449965836018261
omitted,selection,forward,encoder,repeat,0.5,57,specimen_57,20,90,0.5,0.3010648985703786,0.22430876816328604
omitted,selection,forward,encoder,repeat,0.5,57,specimen_57,20,90,1.0,0.29865238070487976,0.17971064860538313
omitted,selection,forward,encoder,repeat,0.5,57,specimen_57,20,135,0.5,0.2968806227048238,0.22654104042615508
omitted,selection,forward,encoder,repeat,0.5,57,specimen_57,20,135,1.0,0.3059065838654836,0.19317178401559532
omitted,selection,forward,encoder,repeat,0.5,57,specimen_57,20,180,0.5,0.3836279610792796,0.14808068129655916
omitted,selection,forward,encoder,repeat,0.5,57,specimen_57,20,180,1.0,0.3612862130006154,0.13794542429878962
omitted,selection,forward,encoder,repeat,0.5,57,specimen_57,20,225,0.5,0.30268317461013794,0.2525506608295804
omitted,selection,forward,encoder,repeat,0.5,57,specimen_57,20,225,1.0,0.2939954300721486,0.23203230235975134
omitted,selection,forward,encoder,repeat,0.5,57,specimen_57,20,270,0.5,0.32885191837946576,0.27623881705520786
omitted,selection,forward,encoder,repeat,0.5,57,specimen_57,20,270,1.0,0.33679497241973877,0.07981193256994558
omitted,selection,forward,encoder,repeat,0.5,57,specimen_57,20,315,0.5,0.2975064665079117,0.2597610945293413
omitted,selection,forward,encoder,repeat,0.5,57,specimen_57,20,315,1.0,0.2941289196411769,0.1743597995989914
omitted,selection,forward,encoder,repeat,0.5,57,specimen_57,40,45,0.5,0.2158199350039164,0.47842685499803866
omitted,selection,forward,encoder,repeat,0.5,57,specimen_57,40,45,1.0,0.21833816170692444,0.38237481005680324
omitted,selection,forward,encoder,repeat,0.5,57,specimen_57,40,90,1.0,0.5040246148904165,1.4687464417594907
omitted,selection,forward,encoder,repeat,0.5,57,specimen_57,40,135,0.5,0.2573445290327072,0.8967308764808385
omitted,selection,forward,encoder,repeat,0.5,57,specimen_57,40,135,1.0,0.24135048190752664,0.7993336990135979
omitted,selection,forward,encoder,repeat,0.5,57,specimen_57,40,180,0.5,0.32887158791224164,0.03372339595241395
omitted,selection,forward,encoder,repeat,0.5,57,specimen_57,40,180,1.0,0.3308623135089874,0.0650901810050461
omitted,selection,forward,encoder,repeat,0.5,57,specimen_57,40,225,0.5,0.22782993813355765,0.664423731623757
omitted,selection,forward,encoder,repeat,0.5,57,specimen_57,40,225,1.0,0.22275564074516296,0.5829367799444951
omitted,selection,forward,encoder,repeat,0.5,57,specimen_57,40,270,0.5,0.523103396097819,1.7843401081734884
omitted,selection,forward,encoder,repeat,0.5,57,specimen_57,40,270,1.0,0.48767146468162537,1.7017188790457638
omitted,selection,forward,encoder,repeat,0.5,57,specimen_57,40,315,0.5,0.2647520105044047,1.7758330290126743
omitted,selection,forward,encoder,repeat,0.5,57,specimen_57,40,315,1.0,0.3008359869321187,1.5300781098342426
omitted,selection,forward,encoder,repeat,0.5,57,specimen_57,60,0,0.5,0.48697922627131146,0.27765998598453356
omitted,selection,forward,encoder,repeat,0.5,57,specimen_57,60,0,1.0,0.4722098211447398,0.29923159517448256
omitted,selection,forward,encoder,repeat,0.5,57,specimen_57,60,45,0.5,0.3983534077803294,1.1507061554222169
omitted,selection,forward,encoder,repeat,0.5,57,specimen_57,60,45,1.0,0.37984031438827515,0.999696213644471
omitted,selection,forward,encoder,repeat,0.5,57,specimen_57,60,90,0.5,0.4557297428448995,1.293424189982643
omitted,selection,forward,encoder,repeat,0.5,57,specimen_57,60,90,1.0,0.45489369829495746,1.2780348679878424
omitted,selection,forward,encoder,repeat,0.5,57,specimen_57,60,135,0.5,0.3888791799545288,1.558634314308576
omitted,selection,forward,encoder,repeat,0.5,57,specimen_57,60,135,1.0,0.4007442891597748,1.4663680134895996
omitted,selection,forward,encoder,repeat,0.5,57,specimen_57,60,180,0.5,0.39427072803179425,0.24010112884110082
omitted,selection,forward,encoder,repeat,0.5,57,specimen_57,60,180,1.0,0.32242677609125775,0.18445866898760555
omitted,selection,forward,encoder,repeat,0.5,57,specimen_57,60,225,0.5,0.3299090464909871,1.0658799654823268
omitted,selection,forward,encoder,repeat,0.5,57,specimen_57,60,225,1.0,0.34171531597773236,1.0589239746780874
omitted,selection,forward,encoder,repeat,0.5,57,specimen_57,60,270,0.5,0.4170693854490916,1.5141627726328206
omitted,selection,forward,encoder,repeat,0.5,57,specimen_57,60,270,1.0,0.3753194312254588,1.3848645008699136
omitted,selection,forward,encoder,repeat,0.5,57,specimen_57,60,315,0.5,0.31619929273923236,1.3710310306744145
omitted,selection,forward,encoder,repeat,0.5,57,specimen_57,60,315,1.0,0.33757124344507855,1.6619523420522846
omitted,selection,forward,encoder,single,0.5,10,specimen_10,20,0,1.0,0.33730830748875934,0.18693631405069375
omitted,selection,forward,encoder,single,0.5,10,specimen_10,20,45,0.5,0.2878451595703761,0.0829365700148638
omitted,selection,forward,encoder,single,0.5,10,specimen_10,20,45,1.0,0.2672162304321925,0.06021094968063997
omitted,selection,forward,encoder,single,0.5,10,specimen_10,20,90,0.5,0.43166983127593994,0.11755478439165042
omitted,selection,forward,encoder,single,0.5,10,specimen_10,20,90,1.0,0.3746231396993001,0.18794420240055884
omitted,selection,forward,encoder,single,0.5,10,specimen_10,20,135,0.5,0.212986429532369,0.12077391346332682
omitted,selection,forward,encoder,single,0.5,10,specimen_10,20,135,1.0,0.20661062002182007,0.13414666789024274
omitted,selection,forward,encoder,single,0.5,10,specimen_10,20,180,0.5,0.36446501811345416,0.20065307877999036
omitted,selection,forward,encoder,single,0.5,10,specimen_10,20,180,1.0,0.3236309289932251,0.10301498371767161
omitted,selection,forward,encoder,single,0.5,10,specimen_10,20,225,0.5,0.2316571573416392,0.19112283147624165
omitted,selection,forward,encoder,single,0.5,10,specimen_10,20,225,1.0,0.23547886808713278,0.20560248787234478
omitted,selection,forward,encoder,single,0.5,10,specimen_10,20,270,0.5,0.3724734087785085,0.11433417654932755
omitted,selection,forward,encoder,single,0.5,10,specimen_10,20,270,1.0,0.43472544352213544,0.06554873739945848
omitted,selection,forward,encoder,single,0.5,10,specimen_10,20,315,0.5,0.3030958374341329,0.1945660968799038
omitted,selection,forward,encoder,single,0.5,10,specimen_10,20,315,1.0,0.2413173665603002,0.39820778366069526
omitted,selection,forward,encoder,single,0.5,10,specimen_10,40,45,0.5,0.21108817557493845,0.37202428203610105
omitted,selection,forward,encoder,single,0.5,10,specimen_10,40,45,1.0,0.21318761507670084,0.2918854405432925
omitted,selection,forward,encoder,single,0.5,10,specimen_10,40,90,1.0,0.3640260299046834,1.3183158658769343
omitted,selection,forward,encoder,single,0.5,10,specimen_10,40,135,0.5,0.2424964706103007,0.8144181690546614
omitted,selection,forward,encoder,single,0.5,10,specimen_10,40,135,1.0,0.2589806566635768,0.7928778668932974
omitted,selection,forward,encoder,single,0.5,10,specimen_10,40,180,0.5,0.42113306125005084,0.13097039355557807
omitted,selection,forward,encoder,single,0.5,10,specimen_10,40,180,1.0,0.4678700466950734,0.05382259761437062
omitted,selection,forward,encoder,single,0.5,10,specimen_10,40,225,0.5,0.25261595845222473,0.6297161984930151
omitted,selection,forward,encoder,single,0.5,10,specimen_10,40,225,1.0,0.20851817230383554,0.3890324849713657
omitted,selection,forward,encoder,single,0.5,10,specimen_10,40,270,0.5,0.3729467491308848,1.2286613974045189
omitted,selection,forward,encoder,single,0.5,10,specimen_10,40,270,1.0,0.395474910736084,0.6022075028068636
omitted,selection,forward,encoder,single,0.5,10,specimen_10,40,315,0.5,0.2326064258813858,0.5723085742032624
omitted,selection,forward,encoder,single,0.5,10,specimen_10,40,315,1.0,0.24951089918613434,0.7316417125282165
omitted,selection,forward,encoder,single,0.5,10,specimen_10,60,0,0.5,0.49190741777420044,0.25574759189457924
omitted,selection,forward,encoder,single,0.5,10,specimen_10,60,0,1.0,0.4671739439169566,0.1549991141320005
omitted,selection,forward,encoder,single,0.5,10,specimen_10,60,45,0.5,0.29393332203229267,0.5912461352986683
omitted,selection,forward,encoder,single,0.5,10,specimen_10,60,45,1.0,0.27341672281424206,0.6475952458929206
omitted,selection,forward,encoder,single,0.5,10,specimen_10,60,90,0.5,0.4673340320587158,0.5066041243368659
omitted,selection,forward,encoder,single,0.5,10,specimen_10,60,90,1.0,0.4257192114988963,0.8113156153860016
omitted,selection,forward,encoder,single,0.5,10,specimen_10,60,135,0.5,0.25080175201098126,0.9447330203350237
omitted,selection,forward,encoder,single,0.5,10,specimen_10,60,135,1.0,0.25009387731552124,0.725114430237115
omitted,selection,forward,encoder,single,0.5,10,specimen_10,60,180,0.5,0.48252185185750324,0.2994211690029209
omitted,selection,forward,encoder,single,0.5,10,specimen_10,60,180,1.0,0.5248962044715881,0.1217315426312953
omitted,selection,forward,encoder,single,0.5,10,specimen_10,60,225,0.5,0.25517159203688305,0.8581827534904928
omitted,selection,forward,encoder,single,0.5,10,specimen_10,60,225,1.0,0.2517881542444229,0.7139303037052818
omitted,selection,forward,encoder,single,0.5,10,specimen_10,60,270,0.5,0.43131116032600403,0.97385035042943
omitted,selection,forward,encoder,single,0.5,10,specimen_10,60,270,1.0,0.36550427476565045,0.6570469716081646
omitted,selection,forward,encoder,single,0.5,10,specimen_10,60,315,0.5,0.22425629198551178,0.4900537751552754
omitted,selection,forward,encoder,single,0.5,10,specimen_10,60,315,1.0,0.23261190950870514,0.7716479873002511
omitted,selection,forward,encoder,single,0.5,57,specimen_57,20,0,1.0,0.4445091088612874,0.1945559077123922
omitted,selection,forward,encoder,single,0.5,57,specimen_57,20,45,0.5,0.3247263928254445,0.2816401340593256
omitted,selection,forward,encoder,single,0.5,57,specimen_57,20,45,1.0,0.3255023956298828,0.25886635596881924
omitted,selection,forward,encoder,single,0.5,57,specimen_57,20,90,0.5,0.31954697767893475,0.23947421563516805
omitted,selection,forward,encoder,single,0.5,57,specimen_57,20,90,1.0,0.30714595317840576,0.1913854440847821
omitted,selection,forward,encoder,single,0.5,57,specimen_57,20,135,0.5,0.3399650454521179,0.2420826777681123
omitted,selection,forward,encoder,single,0.5,57,specimen_57,20,135,1.0,0.3376750548680623,0.20671696694432837
omitted,selection,forward,encoder,single,0.5,57,specimen_57,20,180,0.5,0.4038953085740407,0.1324464941108917
omitted,selection,forward,encoder,single,0.5,57,specimen_57,20,180,1.0,0.3850238521893819,0.12041988472929817
omitted,selection,forward,encoder,single,0.5,57,specimen_57,20,225,0.5,0.34577980637550354,0.2684976324562076
omitted,selection,forward,encoder,single,0.5,57,specimen_57,20,225,1.0,0.339741975069046,0.2491390612206943
omitted,selection,forward,encoder,single,0.5,57,specimen_57,20,270,0.5,0.36181147893269855,0.2920841779083146
omitted,selection,forward,encoder,single,0.5,57,specimen_57,20,270,1.0,0.35447177290916443,0.09453448848353918
omitted,selection,forward,encoder,single,0.5,57,specimen_57,20,315,0.5,0.32999173800150555,0.27647254829565737
omitted,selection,forward,encoder,single,0.5,57,specimen_57,20,315,1.0,0.3275264998277028,0.19071470385410683
omitted,selection,forward,encoder,single,0.5,57,specimen_57,40,45,0.5,0.23528174559275308,0.4985657060717384
omitted,selection,forward,encoder,single,0.5,57,specimen_57,40,45,1.0,0.24197351932525635,0.4018468344070094
omitted,selection,forward,encoder,single,0.5,57,specimen_57,40,90,1.0,0.5466905434926351,1.4899918832829464
omitted,selection,forward,encoder,single,0.5,57,specimen_57,40,135,0.5,0.2735925515492757,0.9192574628385684
omitted,selection,forward,encoder,single,0.5,57,specimen_57,40,135,1.0,0.2532921681801478,0.8188197302599997
omitted,selection,forward,encoder,single,0.5,57,specimen_57,40,180,0.5,0.3250569502512614,0.029975431955325354
omitted,selection,forward,encoder,single,0.5,57,specimen_57,40,180,1.0,0.34219438831011456,0.04480844968511144
omitted,selection,forward,encoder,single,0.5,57,specimen_57,40,225,0.5,0.24152985711892447,0.6857192782613583
omitted,selection,forward,encoder,single,0.5,57,specimen_57,40,225,1.0,0.24845301608244577,0.6051588538694697
omitted,selection,forward,encoder,single,0.5,57,specimen_57,40,270,0.5,0.57953941822052,1.8087440871298137
omitted,selection,forward,encoder,single,0.5,57,specimen_57,40,270,1.0,0.5331540604432424,1.7227745705718072
omitted,selection,forward,encoder,single,0.5,57,specimen_57,40,315,0.5,0.2944900691509247,1.7980474605485004
omitted,selection,forward,encoder,single,0.5,57,specimen_57,40,315,1.0,0.3167879482110341,1.5523219297972872
omitted,selection,forward,encoder,single,0.5,57,specimen_57,60,0,0.5,0.4531930188337962,0.24958730726413578
omitted,selection,forward,encoder,single,0.5,57,specimen_57,60,0,1.0,0.4439087510108948,0.2744700628162057
omitted,selection,forward,encoder,single,0.5,57,specimen_57,60,45,0.5,0.4239679276943207,1.1773678674970773
omitted,selection,forward,encoder,single,0.5,57,specimen_57,60,45,1.0,0.41082218289375305,1.0286415021910231
omitted,selection,forward,encoder,single,0.5,57,specimen_57,60,90,0.5,0.4853007694085439,1.3243273309575614
omitted,selection,forward,encoder,single,0.5,57,specimen_57,60,90,1.0,0.47748279571533203,1.3129393106825797
omitted,selection,forward,encoder,single,0.5,57,specimen_57,60,135,0.5,0.4145747224489848,1.5939991355681233
omitted,selection,forward,encoder,single,0.5,57,specimen_57,60,135,1.0,0.4312763810157776,1.497569812954034
omitted,selection,forward,encoder,single,0.5,57,specimen_57,60,180,0.5,0.3523411651452382,0.20844592312090984
omitted,selection,forward,encoder,single,0.5,57,specimen_57,60,180,1.0,0.2949036757151286,0.15606887655592847
omitted,selection,forward,encoder,single,0.5,57,specimen_57,60,225,0.5,0.36426440874735516,1.0986254882265
omitted,selection,forward,encoder,single,0.5,57,specimen_57,60,225,1.0,0.3736760417620341,1.0931020223011494
omitted,selection,forward,encoder,single,0.5,57,specimen_57,60,270,0.5,0.4549125134944916,1.5548370897958634
omitted,selection,forward,encoder,single,0.5,57,specimen_57,60,270,1.0,0.3983549078305562,1.421254730149915
omitted,selection,forward,encoder,single,0.5,57,specimen_57,60,315,0.5,0.34679290652275085,1.4002695042164908
omitted,selection,forward,encoder,single,0.5,57,specimen_57,60,315,1.0,0.36725009481112164,1.6908145150543958
omitted,selection,forward,encoder_wrong_support,direction,0.5,10,specimen_10,20,0,1.0,0.47507471839586896,0.03228186229948014
omitted,selection,forward,encoder_wrong_support,direction,0.5,10,specimen_10,20,45,0.5,0.3176203966140747,0.27417243036881506
omitted,selection,forward,encoder_wrong_support,direction,0.5,10,specimen_10,20,45,1.0,0.31736446420351666,0.2512719186500998
omitted,selection,forward,encoder_wrong_support,direction,0.5,10,specimen_10,20,90,0.5,0.34879430135091144,0.3083529521026
omitted,selection,forward,encoder_wrong_support,direction,0.5,10,specimen_10,20,90,1.0,0.37937798102696735,0.3782477751809063
omitted,selection,forward,encoder_wrong_support,direction,0.5,10,specimen_10,20,135,0.5,0.4384492834409078,0.2957047924393701
omitted,selection,forward,encoder_wrong_support,direction,0.5,10,specimen_10,20,135,1.0,0.46486349900563556,0.31278067012931826
omitted,selection,forward,encoder_wrong_support,direction,0.5,10,specimen_10,20,180,0.5,0.4701892137527466,0.061503823006819947
omitted,selection,forward,encoder_wrong_support,direction,0.5,10,specimen_10,20,180,1.0,0.49360860387484234,0.07165760357817776
omitted,selection,forward,encoder_wrong_support,direction,0.5,10,specimen_10,20,225,0.5,0.3828049103418986,0.3443865636800387
omitted,selection,forward,encoder_wrong_support,direction,0.5,10,specimen_10,20,225,1.0,0.39286382993062335,0.3601724285445616
omitted,selection,forward,encoder_wrong_support,direction,0.5,10,specimen_10,20,270,0.5,0.3595881164073944,0.27945622097839234
omitted,selection,forward,encoder_wrong_support,direction,0.5,10,specimen_10,20,270,1.0,0.32288174827893573,0.11795113951993719
omitted,selection,forward,encoder_wrong_support,direction,0.5,10,specimen_10,20,315,0.5,0.3295586109161377,0.37435990685829057
omitted,selection,forward,encoder_wrong_support,direction,0.5,10,specimen_10,20,315,1.0,0.45827485124270123,0.5812257682726184
omitted,selection,forward,encoder_wrong_support,direction,0.5,10,specimen_10,40,45,0.5,0.5491607387860616,0.6655076811236861
omitted,selection,forward,encoder_wrong_support,direction,0.5,10,specimen_10,40,45,1.0,0.5476048787434896,0.5927120599998918
omitted,selection,forward,encoder_wrong_support,direction,0.5,10,specimen_10,40,90,1.0,0.6522964239120483,1.6108175796863275
omitted,selection,forward,encoder_wrong_support,direction,0.5,10,specimen_10,40,135,0.5,0.5464962323506674,1.0742374405369286
omitted,selection,forward,encoder_wrong_support,direction,0.5,10,specimen_10,40,135,1.0,0.6112741430600485,1.0650216371660413
omitted,selection,forward,encoder_wrong_support,direction,0.5,10,specimen_10,40,180,0.5,0.5830947756767273,0.09509356013879178
omitted,selection,forward,encoder_wrong_support,direction,0.5,10,specimen_10,40,180,1.0,0.6941593686739603,0.2547439930889765
omitted,selection,forward,encoder_wrong_support,direction,0.5,10,specimen_10,40,225,0.5,0.4351590077082316,0.847254252455925
omitted,selection,forward,encoder_wrong_support,direction,0.5,10,specimen_10,40,225,1.0,0.5347252388795217,0.6160769500853122
omitted,selection,forward,encoder_wrong_support,direction,0.5,10,specimen_10,40,270,0.5,0.5739649732907613,1.4633299247863834
omitted,selection,forward,encoder_wrong_support,direction,0.5,10,specimen_10,40,270,1.0,0.44450608889261883,0.8494123467503467
omitted,selection,forward,encoder_wrong_support,direction,0.5,10,specimen_10,40,315,0.5,0.5056808094183604,0.8403969922005304
omitted,selection,forward,encoder_wrong_support,direction,0.5,10,specimen_10,40,315,1.0,0.6498180230458578,1.0073867666656258
omitted,selection,forward,encoder_wrong_support,direction,0.5,10,specimen_10,60,0,0.5,0.6713520685831705,0.14087262676549417
omitted,selection,forward,encoder_wrong_support,direction,0.5,10,specimen_10,60,0,1.0,0.7203625837961832,0.3304065443181987
omitted,selection,forward,encoder_wrong_support,direction,0.5,10,specimen_10,60,45,0.5,0.5743250449498495,1.0480588713302688
omitted,selection,forward,encoder_wrong_support,direction,0.5,10,specimen_10,60,45,1.0,0.6595871647198995,1.102452256773537
omitted,selection,forward,encoder_wrong_support,direction,0.5,10,specimen_10,60,90,0.5,0.4126630922158559,0.9483844458452811
omitted,selection,forward,encoder_wrong_support,direction,0.5,10,specimen_10,60,90,1.0,0.4924435118834178,1.2839337180898782
omitted,selection,forward,encoder_wrong_support,direction,0.5,10,specimen_10,60,135,0.5,0.6517862478892008,1.3494658808931181
omitted,selection,forward,encoder_wrong_support,direction,0.5,10,specimen_10,60,135,1.0,0.6894493301709493,1.1668583733024658
omitted,selection,forward,encoder_wrong_support,direction,0.5,10,specimen_10,60,180,0.5,0.5575164159138998,0.041226163159261454
omitted,selection,forward,encoder_wrong_support,direction,0.5,10,specimen_10,60,180,1.0,0.7054997483889262,0.34944800715550306
omitted,selection,forward,encoder_wrong_support,direction,0.5,10,specimen_10,60,225,0.5,0.5407780508200327,1.17504292635682
omitted,selection,forward,encoder_wrong_support,direction,0.5,10,specimen_10,60,225,1.0,0.5630582173665365,1.0446117495274454
omitted,selection,forward,encoder_wrong_support,direction,0.5,10,specimen_10,60,270,0.5,0.5033550957838694,1.3001787677972658
omitted,selection,forward,encoder_wrong_support,direction,0.5,10,specimen_10,60,270,1.0,0.5400671462217966,1.0062099370966442
omitted,selection,forward,encoder_wrong_support,direction,0.5,10,specimen_10,60,315,0.5,0.5621385971705118,0.8813275318862136
omitted,selection,forward,encoder_wrong_support,direction,0.5,10,specimen_10,60,315,1.0,0.6739791631698608,1.1582871292063486
omitted,selection,forward,encoder_wrong_support,direction,0.5,57,specimen_57,20,0,1.0,0.542429635922114,0.3486724413378588
omitted,selection,forward,encoder_wrong_support,direction,0.5,57,specimen_57,20,45,0.5,0.3128117422262828,0.12339332622441106
omitted,selection,forward,encoder_wrong_support,direction,0.5,57,specimen_57,20,45,1.0,0.31352023283640545,0.10401910319993231
omitted,selection,forward,encoder_wrong_support,direction,0.5,57,specimen_57,20,90,0.5,0.42424602309862774,0.08429344016838168
omitted,selection,forward,encoder_wrong_support,direction,0.5,57,specimen_57,20,90,1.0,0.454731543858846,0.0426601813169755
omitted,selection,forward,encoder_wrong_support,direction,0.5,57,specimen_57,20,135,0.5,0.29517465829849243,0.09206770504372867
omitted,selection,forward,encoder_wrong_support,direction,0.5,57,specimen_57,20,135,1.0,0.3088158965110779,0.06030890932968789
omitted,selection,forward,encoder_wrong_support,direction,0.5,57,specimen_57,20,180,0.5,0.47112428148587543,0.27188381437678505
omitted,selection,forward,encoder_wrong_support,direction,0.5,57,specimen_57,20,180,1.0,0.438198447227478,0.2603547851216354
omitted,selection,forward,encoder_wrong_support,direction,0.5,57,specimen_57,20,225,0.5,0.27925272285938263,0.13369908318055282
omitted,selection,forward,encoder_wrong_support,direction,0.5,57,specimen_57,20,225,1.0,0.2895106573899587,0.11401161074846224
omitted,selection,forward,encoder_wrong_support,direction,0.5,57,specimen_57,20,270,0.5,0.36045151948928833,0.15378666174667815
omitted,selection,forward,encoder_wrong_support,direction,0.5,57,specimen_57,20,270,1.0,0.4421052535374959,0.05236623032155591
omitted,selection,forward,encoder_wrong_support,direction,0.5,57,specimen_57,20,315,0.5,0.34398938218752545,0.12718312499816312
omitted,selection,forward,encoder_wrong_support,direction,0.5,57,specimen_57,20,315,1.0,0.32365485032399494,0.04565322391916663
omitted,selection,forward,encoder_wrong_support,direction,0.5,57,specimen_57,40,45,0.5,0.4363422989845276,0.2508831269302748
omitted,selection,forward,encoder_wrong_support,direction,0.5,57,specimen_57,40,45,1.0,0.40293945868810016,0.15470378326444975
omitted,selection,forward,encoder_wrong_support,direction,0.5,57,specimen_57,40,90,1.0,0.4164090057214101,1.2509706139705816
omitted,selection,forward,encoder_wrong_support,direction,0.5,57,specimen_57,40,135,0.5,0.455781211455663,0.6857923965073035
omitted,selection,forward,encoder_wrong_support,direction,0.5,57,specimen_57,40,135,1.0,0.4686190684636434,0.5806651100595571
omitted,selection,forward,encoder_wrong_support,direction,0.5,57,specimen_57,40,180,0.5,0.6404677629470825,0.20074117904519637
omitted,selection,forward,encoder_wrong_support,direction,0.5,57,specimen_57,40,180,1.0,0.5652010639508566,0.25311847282837646
omitted,selection,forward,encoder_wrong_support,direction,0.5,57,specimen_57,40,225,0.5,0.48297616839408875,0.48253527093098586
omitted,selection,forward,encoder_wrong_support,direction,0.5,57,specimen_57,40,225,1.0,0.44944114486376446,0.4005632570910027
omitted,selection,forward,encoder_wrong_support,direction,0.5,57,specimen_57,40,270,0.5,0.3800026973088582,1.5928178794361576
omitted,selection,forward,encoder_wrong_support,direction,0.5,57,specimen_57,40,270,1.0,0.4006180663903554,1.512567277815271
omitted,selection,forward,encoder_wrong_support,direction,0.5,57,specimen_57,40,315,0.5,0.4463539918263753,1.5673896984221594
omitted,selection,forward,encoder_wrong_support,direction,0.5,57,specimen_57,40,315,1.0,0.48498929540316266,1.3247414365094514
omitted,selection,forward,encoder_wrong_support,direction,0.5,57,specimen_57,60,0,0.5,0.9118046959241232,0.5961006147131421
omitted,selection,forward,encoder_wrong_support,direction,0.5,57,specimen_57,60,0,1.0,0.8874140381813049,0.6162525819641264
omitted,selection,forward,encoder_wrong_support,direction,0.5,57,specimen_57,60,45,0.5,0.49524323145548504,0.77802885578529
omitted,selection,forward,encoder_wrong_support,direction,0.5,57,specimen_57,60,45,1.0,0.46493751804033917,0.6184062035749128
omitted,selection,forward,encoder_wrong_support,direction,0.5,57,specimen_57,60,90,0.5,0.47887130578358966,0.9025105876670331
omitted,selection,forward,encoder_wrong_support,direction,0.5,57,specimen_57,60,90,1.0,0.49656779567400616,0.8681207017017627
omitted,selection,forward,encoder_wrong_support,direction,0.5,57,specimen_57,60,135,0.5,0.491509089867274,1.2028659599141425
omitted,selection,forward,encoder_wrong_support,direction,0.5,57,specimen_57,60,135,1.0,0.4690918028354645,1.0651913970923836
omitted,selection,forward,encoder_wrong_support,direction,0.5,57,specimen_57,60,180,0.5,0.8373889525731405,0.5347595774305517
omitted,selection,forward,encoder_wrong_support,direction,0.5,57,specimen_57,60,180,1.0,0.7520420153935751,0.49677780123592513
omitted,selection,forward,encoder_wrong_support,direction,0.5,57,specimen_57,60,225,0.5,0.45809392134348553,0.7780909987986045
omitted,selection,forward,encoder_wrong_support,direction,0.5,57,specimen_57,60,225,1.0,0.4541097382704417,0.7570951773813482
omitted,selection,forward,encoder_wrong_support,direction,0.5,57,specimen_57,60,270,0.5,0.47186607122421265,1.2131345713185722
omitted,selection,forward,encoder_wrong_support,direction,0.5,57,specimen_57,60,270,1.0,0.5069623291492462,1.0486604045080734
omitted,selection,forward,encoder_wrong_support,direction,0.5,57,specimen_57,60,315,0.5,0.45101428031921387,1.0507366418702897
omitted,selection,forward,encoder_wrong_support,direction,0.5,57,specimen_57,60,315,1.0,0.46457244952519733,1.3389141415543346
omitted,selection,forward,encoder_wrong_support,repeat,0.5,10,specimen_10,20,0,1.0,0.5010575652122498,0.028516467278216495
omitted,selection,forward,encoder_wrong_support,repeat,0.5,10,specimen_10,20,45,0.5,0.3597014347712199,0.2910573873612507
omitted,selection,forward,encoder_wrong_support,repeat,0.5,10,specimen_10,20,45,1.0,0.3538573384284973,0.26648572978448554
omitted,selection,forward,encoder_wrong_support,repeat,0.5,10,specimen_10,20,90,0.5,0.3673814634482066,0.3237179136144045
omitted,selection,forward,encoder_wrong_support,repeat,0.5,10,specimen_10,20,90,1.0,0.40116003155708313,0.3918069047558304
omitted,selection,forward,encoder_wrong_support,repeat,0.5,10,specimen_10,20,135,0.5,0.48313624660174054,0.31058914965275874
omitted,selection,forward,encoder_wrong_support,repeat,0.5,10,specimen_10,20,135,1.0,0.5029308199882507,0.32555630689701154
omitted,selection,forward,encoder_wrong_support,repeat,0.5,10,specimen_10,20,180,0.5,0.507901519536972,0.057102387426350765
omitted,selection,forward,encoder_wrong_support,repeat,0.5,10,specimen_10,20,180,1.0,0.5273856719334921,0.08426187065459285
omitted,selection,forward,encoder_wrong_support,repeat,0.5,10,specimen_10,20,225,0.5,0.4314686357975006,0.3590745598345892
omitted,selection,forward,encoder_wrong_support,repeat,0.5,10,specimen_10,20,225,1.0,0.43253811200459796,0.3720113600516892
omitted,selection,forward,encoder_wrong_support,repeat,0.5,10,specimen_10,20,270,0.5,0.38576841354370117,0.29144762939620467
omitted,selection,forward,encoder_wrong_support,repeat,0.5,10,specimen_10,20,270,1.0,0.33097172776858014,0.12625774761742561
omitted,selection,forward,encoder_wrong_support,repeat,0.5,10,specimen_10,20,315,0.5,0.3691205382347107,0.3901581346647632
omitted,selection,forward,encoder_wrong_support,repeat,0.5,10,specimen_10,20,315,1.0,0.49266567826271057,0.5925073993460019
omitted,selection,forward,encoder_wrong_support,repeat,0.5,10,specimen_10,40,45,0.5,0.6009301741917928,0.6920335279698543
omitted,selection,forward,encoder_wrong_support,repeat,0.5,10,specimen_10,40,45,1.0,0.5992392897605896,0.6183689960566845
omitted,selection,forward,encoder_wrong_support,repeat,0.5,10,specimen_10,40,90,1.0,0.6954947710037231,1.6329792319469556
omitted,selection,forward,encoder_wrong_support,repeat,0.5,10,specimen_10,40,135,0.5,0.5951303839683533,1.0970050203641941
omitted,selection,forward,encoder_wrong_support,repeat,0.5,10,specimen_10,40,135,1.0,0.6662495136260986,1.0897958503873977
omitted,selection,forward,encoder_wrong_support,repeat,0.5,10,specimen_10,40,180,0.5,0.6191796660423279,0.11757270550481402
omitted,selection,forward,encoder_wrong_support,repeat,0.5,10,specimen_10,40,180,1.0,0.7399965325991312,0.2779907511422976
omitted,selection,forward,encoder_wrong_support,repeat,0.5,10,specimen_10,40,225,0.5,0.49404243628184,0.8698895112432924
omitted,selection,forward,encoder_wrong_support,repeat,0.5,10,specimen_10,40,225,1.0,0.5885671178499857,0.6370952356701169
omitted,selection,forward,encoder_wrong_support,repeat,0.5,10,specimen_10,40,270,0.5,0.61464790503184,1.4803750311964035
omitted,selection,forward,encoder_wrong_support,repeat,0.5,10,specimen_10,40,270,1.0,0.47541680932044983,0.8660983550060509
omitted,selection,forward,encoder_wrong_support,repeat,0.5,10,specimen_10,40,315,0.5,0.5562016566594442,0.8624518510147136
omitted,selection,forward,encoder_wrong_support,repeat,0.5,10,specimen_10,40,315,1.0,0.6977734764417013,1.0280689707447432
omitted,selection,forward,encoder_wrong_support,repeat,0.5,10,specimen_10,60,0,0.5,0.7075716257095337,0.17300916297583047
omitted,selection,forward,encoder_wrong_support,repeat,0.5,10,specimen_10,60,0,1.0,0.7565782268842062,0.3665595738427712
omitted,selection,forward,encoder_wrong_support,repeat,0.5,10,specimen_10,60,45,0.5,0.6309031446774801,1.0883630478500639
omitted,selection,forward,encoder_wrong_support,repeat,0.5,10,specimen_10,60,45,1.0,0.7176006038983663,1.1466390940393059
omitted,selection,forward,encoder_wrong_support,repeat,0.5,10,specimen_10,60,90,0.5,0.4442178209622701,0.9920733200247055
omitted,selection,forward,encoder_wrong_support,repeat,0.5,10,specimen_10,60,90,1.0,0.5366419752438863,1.3306670015441953
omitted,selection,forward,encoder_wrong_support,repeat,0.5,10,specimen_10,60,135,0.5,0.7153720657030741,1.3913862973531754
omitted,selection,forward,encoder_wrong_support,repeat,0.5,10,specimen_10,60,135,1.0,0.7527924180030823,1.20682178613887
omitted,selection,forward,encoder_wrong_support,repeat,0.5,10,specimen_10,60,180,0.5,0.5855379700660706,0.07245059630464941
omitted,selection,forward,encoder_wrong_support,repeat,0.5,10,specimen_10,60,180,1.0,0.7485178112983704,0.3885877060008846
omitted,selection,forward,encoder_wrong_support,repeat,0.5,10,specimen_10,60,225,0.5,0.5992641846338908,1.207427167074468
omitted,selection,forward,encoder_wrong_support,repeat,0.5,10,specimen_10,60,225,1.0,0.6220872203509012,1.0780811349015818
omitted,selection,forward,encoder_wrong_support,repeat,0.5,10,specimen_10,60,270,0.5,0.5519050260384878,1.3400565794804624
omitted,selection,forward,encoder_wrong_support,repeat,0.5,10,specimen_10,60,270,1.0,0.5927016735076904,1.0406364773974068
omitted,selection,forward,encoder_wrong_support,repeat,0.5,10,specimen_10,60,315,0.5,0.6162723302841187,0.9132180936185296
omitted,selection,forward,encoder_wrong_support,repeat,0.5,10,specimen_10,60,315,1.0,0.7283884088198344,1.1905974183747023
omitted,selection,forward,encoder_wrong_support,repeat,0.5,57,specimen_57,20,0,1.0,0.7013160586357117,0.43553720341854274
omitted,selection,forward,encoder_wrong_support,repeat,0.5,57,specimen_57,20,45,0.5,0.45620477199554443,0.05066681903712533
omitted,selection,forward,encoder_wrong_support,repeat,0.5,57,specimen_57,20,45,1.0,0.45649123191833496,0.04255123493277261
omitted,selection,forward,encoder_wrong_support,repeat,0.5,57,specimen_57,20,90,0.5,0.5727663238843282,0.03831295501330408
omitted,selection,forward,encoder_wrong_support,repeat,0.5,57,specimen_57,20,90,1.0,0.6022381583849589,0.04419968834081104
omitted,selection,forward,encoder_wrong_support,repeat,0.5,57,specimen_57,20,135,0.5,0.43544846773147583,0.04961272477489104
omitted,selection,forward,encoder_wrong_support,repeat,0.5,57,specimen_57,20,135,1.0,0.4526531895001729,0.05367882376504096
omitted,selection,forward,encoder_wrong_support,repeat,0.5,57,specimen_57,20,180,0.5,0.6270965139071146,0.34207237844786675
omitted,selection,forward,encoder_wrong_support,repeat,0.5,57,specimen_57,20,180,1.0,0.590799609820048,0.33207381613343
omitted,selection,forward,encoder_wrong_support,repeat,0.5,57,specimen_57,20,225,0.5,0.42169426878293353,0.06378591347832978
omitted,selection,forward,encoder_wrong_support,repeat,0.5,57,specimen_57,20,225,1.0,0.4288482467333476,0.055630120174162634
omitted,selection,forward,encoder_wrong_support,repeat,0.5,57,specimen_57,20,270,0.5,0.5055557191371918,0.07832278041126811
omitted,selection,forward,encoder_wrong_support,repeat,0.5,57,specimen_57,20,270,1.0,0.5964565674463908,0.1165154980439448
omitted,selection,forward,encoder_wrong_support,repeat,0.5,57,specimen_57,20,315,0.5,0.4926539162794749,0.05052898162880637
omitted,selection,forward,encoder_wrong_support,repeat,0.5,57,specimen_57,20,315,1.0,0.471703161795934,0.055776978021340184
omitted,selection,forward,encoder_wrong_support,repeat,0.5,57,specimen_57,40,45,0.5,0.5933604836463928,0.13866708920659118
omitted,selection,forward,encoder_wrong_support,repeat,0.5,57,specimen_57,40,45,1.0,0.5619140068689982,0.08358329450444239
omitted,selection,forward,encoder_wrong_support,repeat,0.5,57,specimen_57,40,90,1.0,0.4863322575887044,1.1310722537533937
omitted,selection,forward,encoder_wrong_support,repeat,0.5,57,specimen_57,40,135,0.5,0.6076851685841879,0.5858382830873192
omitted,selection,forward,encoder_wrong_support,repeat,0.5,57,specimen_57,40,135,1.0,0.6301072835922241,0.47314038887086446
omitted,selection,forward,encoder_wrong_support,repeat,0.5,57,specimen_57,40,180,0.5,0.8086002469062805,0.29551897853470854
omitted,selection,forward,encoder_wrong_support,repeat,0.5,57,specimen_57,40,180,1.0,0.7335315545399984,0.3524348511763887
omitted,selection,forward,encoder_wrong_support,repeat,0.5,57,specimen_57,40,225,0.5,0.642175038655599,0.3890816503480517
omitted,selection,forward,encoder_wrong_support,repeat,0.5,57,specimen_57,40,225,1.0,0.6116074323654175,0.3016283237497905
omitted,selection,forward,encoder_wrong_support,repeat,0.5,57,specimen_57,40,270,0.5,0.4593551258246104,1.499635348680621
omitted,selection,forward,encoder_wrong_support,repeat,0.5,57,specimen_57,40,270,1.0,0.4884525239467621,1.4079726578429594
omitted,selection,forward,encoder_wrong_support,repeat,0.5,57,specimen_57,40,315,0.5,0.5975179870923361,1.4645641233698488
omitted,selection,forward,encoder_wrong_support,repeat,0.5,57,specimen_57,40,315,1.0,0.6404662728309631,1.2164792635709032
omitted,selection,forward,encoder_wrong_support,repeat,0.5,57,specimen_57,60,0,0.5,1.0885425011316936,0.738718550367995
omitted,selection,forward,encoder_wrong_support,repeat,0.5,57,specimen_57,60,0,1.0,1.0611365636189778,0.750533929641056
omitted,selection,forward,encoder_wrong_support,repeat,0.5,57,specimen_57,60,45,0.5,0.5936998526255289,0.6334893744019833
omitted,selection,forward,encoder_wrong_support,repeat,0.5,57,specimen_57,60,45,1.0,0.5636816024780273,0.4840353337342971
omitted,selection,forward,encoder_wrong_support,repeat,0.5,57,specimen_57,60,90,0.5,0.5706434845924377,0.7447344859844494
omitted,selection,forward,encoder_wrong_support,repeat,0.5,57,specimen_57,60,90,1.0,0.5834126472473145,0.7154665644509629
omitted,selection,forward,encoder_wrong_support,repeat,0.5,57,specimen_57,60,135,0.5,0.597663958867391,1.0553436073026046
omitted,selection,forward,encoder_wrong_support,repeat,0.5,57,specimen_57,60,135,1.0,0.5772900978724161,0.9177997425918525
omitted,selection,forward,encoder_wrong_support,repeat,0.5,57,specimen_57,60,180,0.5,1.0102015137672424,0.6636900287726547
omitted,selection,forward,encoder_wrong_support,repeat,0.5,57,specimen_57,60,180,1.0,0.9232325156529745,0.6273099201956791
omitted,selection,forward,encoder_wrong_support,repeat,0.5,57,specimen_57,60,225,0.5,0.5763723254203796,0.6680590861594284
omitted,selection,forward,encoder_wrong_support,repeat,0.5,57,specimen_57,60,225,1.0,0.5667813420295715,0.6435340769190027
omitted,selection,forward,encoder_wrong_support,repeat,0.5,57,specimen_57,60,270,0.5,0.5694393515586853,1.1011839715880527
omitted,selection,forward,encoder_wrong_support,repeat,0.5,57,specimen_57,60,270,1.0,0.61342453956604,0.944788187293089
omitted,selection,forward,encoder_wrong_support,repeat,0.5,57,specimen_57,60,315,0.5,0.5768402020136515,0.9120472196896602
omitted,selection,forward,encoder_wrong_support,repeat,0.5,57,specimen_57,60,315,1.0,0.5880136291186014,1.2120356050735606
omitted,selection,forward,encoder_wrong_support,single,0.5,10,specimen_10,20,0,1.0,0.5375362634658813,0.03512884525333517
omitted,selection,forward,encoder_wrong_support,single,0.5,10,specimen_10,20,45,0.5,0.40977779030799866,0.30664422032387856
omitted,selection,forward,encoder_wrong_support,single,0.5,10,specimen_10,20,45,1.0,0.4008135497570038,0.28035550215147864
omitted,selection,forward,encoder_wrong_support,single,0.5,10,specimen_10,20,90,0.5,0.39935333530108136,0.33888336108628647
omitted,selection,forward,encoder_wrong_support,single,0.5,10,specimen_10,20,90,1.0,0.4354928135871887,0.4034817002352294
omitted,selection,forward,encoder_wrong_support,single,0.5,10,specimen_10,20,135,0.5,0.5400389631589254,0.3261307869947159
omitted,selection,forward,encoder_wrong_support,single,0.5,10,specimen_10,20,135,1.0,0.5553115804990133,0.33910148982574456
omitted,selection,forward,encoder_wrong_support,single,0.5,10,specimen_10,20,180,0.5,0.5493566989898682,0.052635636943078705
omitted,selection,forward,encoder_wrong_support,single,0.5,10,specimen_10,20,180,1.0,0.5797738830248514,0.10178741022408432
omitted,selection,forward,encoder_wrong_support,single,0.5,10,specimen_10,20,225,0.5,0.48794054985046387,0.3750215314612164
omitted,selection,forward,encoder_wrong_support,single,0.5,10,specimen_10,20,225,1.0,0.4921666383743286,0.3891181189126321
omitted,selection,forward,encoder_wrong_support,single,0.5,10,specimen_10,20,270,0.5,0.42756369709968567,0.3072929902493114
omitted,selection,forward,encoder_wrong_support,single,0.5,10,specimen_10,20,270,1.0,0.36344162623087567,0.1409803035310192
omitted,selection,forward,encoder_wrong_support,single,0.5,10,specimen_10,20,315,0.5,0.41981468598047894,0.4068695884310792
omitted,selection,forward,encoder_wrong_support,single,0.5,10,specimen_10,20,315,1.0,0.5468309124310812,0.6088623036011174
omitted,selection,forward,encoder_wrong_support,single,0.5,10,specimen_10,40,45,0.5,0.655676007270813,0.712172379043554
omitted,selection,forward,encoder_wrong_support,single,0.5,10,specimen_10,40,45,1.0,0.6529456178347269,0.6378410204068906
omitted,selection,forward,encoder_wrong_support,single,0.5,10,specimen_10,40,90,1.0,0.7500417629877726,1.6542246734704114
omitted,selection,forward,encoder_wrong_support,single,0.5,10,specimen_10,40,135,0.5,0.6537927985191345,1.1195316067219239
omitted,selection,forward,encoder_wrong_support,single,0.5,10,specimen_10,40,135,1.0,0.7218293944994608,1.1092818816337997
omitted,selection,forward,encoder_wrong_support,single,0.5,10,specimen_10,40,180,0.5,0.657792866230011,0.13850457854441472
omitted,selection,forward,encoder_wrong_support,single,0.5,10,specimen_10,40,180,1.0,0.7919707298278809,0.30023287863573755
omitted,selection,forward,encoder_wrong_support,single,0.5,10,specimen_10,40,225,0.5,0.5503921906153361,0.8911850578808936
omitted,selection,forward,encoder_wrong_support,single,0.5,10,specimen_10,40,225,1.0,0.6479310393333435,0.6593173095950915
omitted,selection,forward,encoder_wrong_support,single,0.5,10,specimen_10,40,270,0.5,0.6706133683522543,1.5047790101527287
omitted,selection,forward,encoder_wrong_support,single,0.5,10,specimen_10,40,270,1.0,0.5181453923384348,0.8871540465320941
omitted,selection,forward,encoder_wrong_support,single,0.5,10,specimen_10,40,315,0.5,0.6126372218132019,0.8846662825505399
omitted,selection,forward,encoder_wrong_support,single,0.5,10,specimen_10,40,315,1.0,0.7542861302693685,1.050312790707788
omitted,selection,forward,encoder_wrong_support,single,0.5,10,specimen_10,60,0,0.5,0.7466395099957784,0.20108184169622825
omitted,selection,forward,encoder_wrong_support,single,0.5,10,specimen_10,60,0,1.0,0.7969039877255758,0.39132110620104815
omitted,selection,forward,encoder_wrong_support,single,0.5,10,specimen_10,60,45,0.5,0.6873889962832133,1.1150247599249246
omitted,selection,forward,encoder_wrong_support,single,0.5,10,specimen_10,60,45,1.0,0.7760298053423563,1.175584382585858
omitted,selection,forward,encoder_wrong_support,single,0.5,10,specimen_10,60,90,0.5,0.48344170053799945,1.0229764609996241
omitted,selection,forward,encoder_wrong_support,single,0.5,10,specimen_10,60,90,1.0,0.5818125605583191,1.3655714442389328
omitted,selection,forward,encoder_wrong_support,single,0.5,10,specimen_10,60,135,0.5,0.7798974911371866,1.4267511186127229
omitted,selection,forward,encoder_wrong_support,single,0.5,10,specimen_10,60,135,1.0,0.8103760480880737,1.2380235856033044
omitted,selection,forward,encoder_wrong_support,single,0.5,10,specimen_10,60,180,0.5,0.6187653740247091,0.10410580202484038
omitted,selection,forward,encoder_wrong_support,single,0.5,10,specimen_10,60,180,1.0,0.7932469248771667,0.41697749843256166
omitted,selection,forward,encoder_wrong_support,single,0.5,10,specimen_10,60,225,0.5,0.6572783390680949,1.2401726898186414
omitted,selection,forward,encoder_wrong_support,single,0.5,10,specimen_10,60,225,1.0,0.6830320556958517,1.112259182524644
omitted,selection,forward,encoder_wrong_support,single,0.5,10,specimen_10,60,270,0.5,0.612571656703949,1.380730896643505
omitted,selection,forward,encoder_wrong_support,single,0.5,10,specimen_10,60,270,1.0,0.646848201751709,1.0770267066774084
omitted,selection,forward,encoder_wrong_support,single,0.5,10,specimen_10,60,315,0.5,0.6743167837460836,0.9424565671606059
omitted,selection,forward,encoder_wrong_support,single,0.5,10,specimen_10,60,315,1.0,0.7844595313072205,1.2194595913768136
omitted,selection,forward,encoder_wrong_support,single,0.5,57,specimen_57,20,0,1.0,0.6664468844731649,0.41662106701642115
omitted,selection,forward,encoder_wrong_support,single,0.5,57,specimen_57,20,45,0.5,0.424341360727946,0.06263466581036607
omitted,selection,forward,encoder_wrong_support,single,0.5,57,specimen_57,20,45,1.0,0.42719308535257977,0.053047900953086834
omitted,selection,forward,encoder_wrong_support,single,0.5,57,specimen_57,20,90,0.5,0.540072113275528,0.04921985321433242
omitted,selection,forward,encoder_wrong_support,single,0.5,57,specimen_57,20,90,1.0,0.5700677831967672,0.038817268766081416
omitted,selection,forward,encoder_wrong_support,single,0.5,57,specimen_57,20,135,0.5,0.40108876427014667,0.06296125081013319
omitted,selection,forward,encoder_wrong_support,single,0.5,57,specimen_57,20,135,1.0,0.4151992400487264,0.049406443884000485
omitted,selection,forward,encoder_wrong_support,single,0.5,57,specimen_57,20,180,0.5,0.5837832391262054,0.32132873883811214
omitted,selection,forward,encoder_wrong_support,single,0.5,57,specimen_57,20,180,1.0,0.5466692745685577,0.3104558625711579
omitted,selection,forward,encoder_wrong_support,single,0.5,57,specimen_57,20,225,0.5,0.3854264219601949,0.08459893247123286
omitted,selection,forward,encoder_wrong_support,single,0.5,57,specimen_57,20,225,1.0,0.38966946800549823,0.07192466151321009
omitted,selection,forward,encoder_wrong_support,single,0.5,57,specimen_57,20,270,0.5,0.470020850499471,0.09912536420833075
omitted,selection,forward,encoder_wrong_support,single,0.5,57,specimen_57,20,270,1.0,0.5576798518498739,0.09520667940938399
omitted,selection,forward,encoder_wrong_support,single,0.5,57,specimen_57,20,315,0.5,0.45913700262705487,0.06416905674448196
omitted,selection,forward,encoder_wrong_support,single,0.5,57,specimen_57,20,315,1.0,0.439714918533961,0.053204435343462565
omitted,selection,forward,encoder_wrong_support,single,0.5,57,specimen_57,40,45,0.5,0.5598323742548624,0.15841760906428548
omitted,selection,forward,encoder_wrong_support,single,0.5,57,specimen_57,40,45,1.0,0.5307428340117136,0.09200454847506241
omitted,selection,forward,encoder_wrong_support,single,0.5,57,specimen_57,40,90,1.0,0.4675089319547017,1.154083075689469
omitted,selection,forward,encoder_wrong_support,single,0.5,57,specimen_57,40,135,0.5,0.5701219439506531,0.6141440251713057
omitted,selection,forward,encoder_wrong_support,single,0.5,57,specimen_57,40,135,1.0,0.5904983679453532,0.5024157155194975
omitted,selection,forward,encoder_wrong_support,single,0.5,57,specimen_57,40,180,0.5,0.7594075401624044,0.2615491474711546
omitted,selection,forward,encoder_wrong_support,single,0.5,57,specimen_57,40,180,1.0,0.6892970601717631,0.32166779063926304
omitted,selection,forward,encoder_wrong_support,single,0.5,57,specimen_57,40,225,0.5,0.594944695631663,0.4242504188734797
omitted,selection,forward,encoder_wrong_support,single,0.5,57,specimen_57,40,225,1.0,0.5669722954432169,0.3348740292457439
omitted,selection,forward,encoder_wrong_support,single,0.5,57,specimen_57,40,270,0.5,0.43719516197840375,1.5326264743816038
omitted,selection,forward,encoder_wrong_support,single,0.5,57,specimen_57,40,270,1.0,0.46334197123845416,1.4378280268465768
omitted,selection,forward,encoder_wrong_support,single,0.5,57,specimen_57,40,315,0.5,0.5638848145802816,1.485689752201223
omitted,selection,forward,encoder_wrong_support,single,0.5,57,specimen_57,40,315,1.0,0.6089725693066915,1.233650851617716
omitted,selection,forward,encoder_wrong_support,single,0.5,57,specimen_57,60,0,0.5,1.0488482515017192,0.7064167408549432
omitted,selection,forward,encoder_wrong_support,single,0.5,57,specimen_57,60,0,1.0,1.0224207043647766,0.7199347991201895
omitted,selection,forward,encoder_wrong_support,single,0.5,57,specimen_57,60,45,0.5,0.5725317001342773,0.6535892428708213
omitted,selection,forward,encoder_wrong_support,single,0.5,57,specimen_57,60,45,1.0,0.5437310636043549,0.5006523654980857
omitted,selection,forward,encoder_wrong_support,single,0.5,57,specimen_57,60,90,0.5,0.5499849518140157,0.7815406980283296
omitted,selection,forward,encoder_wrong_support,single,0.5,57,specimen_57,60,90,1.0,0.5603090524673462,0.7586834818296487
omitted,selection,forward,encoder_wrong_support,single,0.5,57,specimen_57,60,135,0.5,0.5683480699857076,1.1119810372904242
omitted,selection,forward,encoder_wrong_support,single,0.5,57,specimen_57,60,135,1.0,0.5448817908763885,0.9846606575878446
omitted,selection,forward,encoder_wrong_support,single,0.5,57,specimen_57,60,180,0.5,0.9595968921979269,0.6119728941486712
omitted,selection,forward,encoder_wrong_support,single,0.5,57,specimen_57,60,180,1.0,0.8721905748049418,0.5724764147875095
omitted,selection,forward,encoder_wrong_support,single,0.5,57,specimen_57,60,225,0.5,0.5412943959236145,0.7166355518983515
omitted,selection,forward,encoder_wrong_support,single,0.5,57,specimen_57,60,225,1.0,0.5322838524977366,0.6947731434817874
omitted,selection,forward,encoder_wrong_support,single,0.5,57,specimen_57,60,270,0.5,0.5363334119319916,1.1479565435817884
omitted,selection,forward,encoder_wrong_support,single,0.5,57,specimen_57,60,270,1.0,0.5770632227261862,1.0012749950806712
omitted,selection,forward,encoder_wrong_support,single,0.5,57,specimen_57,60,315,0.5,0.5436667402585348,0.9478667122111603
omitted,selection,forward,encoder_wrong_support,single,0.5,57,specimen_57,60,315,1.0,0.5577969153722128,1.2430029109778333
omitted,selection,forward,fixed_features,direction,0.5,10,specimen_10,20,0,1.0,0.318209729947238,0.15050373281461377
omitted,selection,forward,fixed_features,direction,0.5,10,specimen_10,20,45,0.5,0.2397302267745244,0.1308083710710236
omitted,selection,forward,fixed_features,direction,0.5,10,specimen_10,20,45,1.0,0.2420191269454306,0.10671547580959528
omitted,selection,forward,fixed_features,direction,0.5,10,specimen_10,20,90,0.5,0.39118712875965134,0.2029895323447941
omitted,selection,forward,fixed_features,direction,0.5,10,specimen_10,20,90,1.0,0.35169086085307705,0.2666353306313779
omitted,selection,forward,fixed_features,direction,0.5,10,specimen_10,20,135,0.5,0.1903449695250893,0.22013988045357924
omitted,selection,forward,fixed_features,direction,0.5,10,specimen_10,20,135,1.0,0.18593089369573193,0.2257511205877183
omitted,selection,forward,fixed_features,direction,0.5,10,specimen_10,20,180,0.5,0.3192756834790726,0.10190163798254387
omitted,selection,forward,fixed_features,direction,0.5,10,specimen_10,20,180,1.0,0.286457136483095,0.0002479660782766513
omitted,selection,forward,fixed_features,direction,0.5,10,specimen_10,20,225,0.5,0.1986973320183811,0.2956124858763237
omitted,selection,forward,fixed_features,direction,0.5,10,specimen_10,20,225,1.0,0.21626568723746953,0.3012380388242722
omitted,selection,forward,fixed_features,direction,0.5,10,specimen_10,20,270,0.5,0.2886572110476697,0.21435927478755396
omitted,selection,forward,fixed_features,direction,0.5,10,specimen_10,20,270,1.0,0.35514818203998927,0.04626497094705195
omitted,selection,forward,fixed_features,direction,0.5,10,specimen_10,20,315,0.5,0.2304235647741836,0.26319578574220925
omitted,selection,forward,fixed_features,direction,0.5,10,specimen_10,20,315,1.0,0.2098959970848834,0.4682289871762345
omitted,selection,forward,fixed_features,direction,0.5,10,specimen_10,40,45,0.5,0.17635707988403615,0.3625305224251263
omitted,selection,forward,fixed_features,direction,0.5,10,specimen_10,40,45,1.0,0.17416751850035753,0.2943646315119922
omitted,selection,forward,fixed_features,direction,0.5,10,specimen_10,40,90,1.0,0.3464977512210016,1.372272003119781
omitted,selection,forward,fixed_features,direction,0.5,10,specimen_10,40,135,0.5,0.24654059843280343,0.882845335465237
omitted,selection,forward,fixed_features,direction,0.5,10,specimen_10,40,135,1.0,0.2440495084726654,0.8559536664322341
omitted,selection,forward,fixed_features,direction,0.5,10,specimen_10,40,180,0.5,0.3976237860603054,0.08477714662816271
omitted,selection,forward,fixed_features,direction,0.5,10,specimen_10,40,180,1.0,0.43605889404352177,0.057966317044553795
omitted,selection,forward,fixed_features,direction,0.5,10,specimen_10,40,225,0.5,0.23049810595447875,0.6818969140908121
omitted,selection,forward,fixed_features,direction,0.5,10,specimen_10,40,225,1.0,0.20563284109321658,0.4359876919331941
omitted,selection,forward,fixed_features,direction,0.5,10,specimen_10,40,270,0.5,0.3340408724424546,1.279497204716733
omitted,selection,forward,fixed_features,direction,0.5,10,specimen_10,40,270,1.0,0.3315775624504548,0.6563121212305126
omitted,selection,forward,fixed_features,direction,0.5,10,specimen_10,40,315,0.5,0.1999027155450944,0.5747168907356693
omitted,selection,forward,fixed_features,direction,0.5,10,specimen_10,40,315,1.0,0.25775578855145503,0.7459039020293455
omitted,selection,forward,fixed_features,direction,0.5,10,specimen_10,60,0,0.5,0.542894853180865,0.567939865836329
omitted,selection,forward,fixed_features,direction,0.5,10,specimen_10,60,0,1.0,0.48360896684204674,0.3685792495862107
omitted,selection,forward,fixed_features,direction,0.5,10,specimen_10,60,45,0.5,0.18576729223362634,0.3990945039039937
omitted,selection,forward,fixed_features,direction,0.5,10,specimen_10,60,45,1.0,0.21420165375797953,0.45975216186544143
omitted,selection,forward,fixed_features,direction,0.5,10,specimen_10,60,90,0.5,0.40414488848744407,0.4299386473815239
omitted,selection,forward,fixed_features,direction,0.5,10,specimen_10,60,90,1.0,0.3745709827704844,0.746884074396607
omitted,selection,forward,fixed_features,direction,0.5,10,specimen_10,60,135,0.5,0.24873056221810338,0.8897902274239877
omitted,selection,forward,fixed_features,direction,0.5,10,specimen_10,60,135,1.0,0.23875157559295782,0.6631316737890296
omitted,selection,forward,fixed_features,direction,0.5,10,specimen_10,60,180,0.5,0.48970652338561044,0.43225649774483177
omitted,selection,forward,fixed_features,direction,0.5,10,specimen_10,60,180,1.0,0.49606145918870453,0.15608967752367864
omitted,selection,forward,fixed_features,direction,0.5,10,specimen_10,60,225,0.5,0.2362272216742813,0.7207231689205296
omitted,selection,forward,fixed_features,direction,0.5,10,specimen_10,60,225,1.0,0.22958128202030026,0.5622696939116956
omitted,selection,forward,fixed_features,direction,0.5,10,specimen_10,60,270,0.5,0.3838018345688352,0.8233053261065417
omitted,selection,forward,fixed_features,direction,0.5,10,specimen_10,60,270,1.0,0.3409833607929597,0.5085362301404459
omitted,selection,forward,fixed_features,direction,0.5,10,specimen_10,60,315,0.5,0.22562105944145253,0.26465915036010634
omitted,selection,forward,fixed_features,direction,0.5,10,specimen_10,60,315,1.0,0.22401291529402934,0.5416117663691387
omitted,selection,forward,fixed_features,direction,0.5,57,specimen_57,20,0,1.0,0.45935023471326497,0.2539603653442219
omitted,selection,forward,fixed_features,direction,0.5,57,specimen_57,20,45,0.5,0.22932954126085817,0.2283626208459359
omitted,selection,forward,fixed_features,direction,0.5,57,specimen_57,20,45,1.0,0.23813935903072472,0.21989777911859498
omitted,selection,forward,fixed_features,direction,0.5,57,specimen_57,20,90,0.5,0.2716292112200543,0.22723299465690816
omitted,selection,forward,fixed_features,direction,0.5,57,specimen_57,20,90,1.0,0.29625601980051114,0.19154135984446036
omitted,selection,forward,fixed_features,direction,0.5,57,specimen_57,20,135,0.5,0.24925064119575593,0.25222006328484564
omitted,selection,forward,fixed_features,direction,0.5,57,specimen_57,20,135,1.0,0.24339068046578397,0.22230445478726185
omitted,selection,forward,fixed_features,direction,0.5,57,specimen_57,20,180,0.5,0.3310879995025216,0.1182897356353094
omitted,selection,forward,fixed_features,direction,0.5,57,specimen_57,20,180,1.0,0.2995104327818579,0.10633159440533102
omitted,selection,forward,fixed_features,direction,0.5,57,specimen_57,20,225,0.5,0.27670458898952527,0.2864919978094481
omitted,selection,forward,fixed_features,direction,0.5,57,specimen_57,20,225,1.0,0.26814511661678986,0.2689367855254602
omitted,selection,forward,fixed_features,direction,0.5,57,specimen_57,20,270,0.5,0.29075064628720737,0.2981323628713395
omitted,selection,forward,fixed_features,direction,0.5,57,specimen_57,20,270,1.0,0.27795962556187576,0.1086004501851065
omitted,selection,forward,fixed_features,direction,0.5,57,specimen_57,20,315,0.5,0.24183650029520085,0.23938099685702763
omitted,selection,forward,fixed_features,direction,0.5,57,specimen_57,20,315,1.0,0.23730149708880757,0.16629971719927855
omitted,selection,forward,fixed_features,direction,0.5,57,specimen_57,40,45,0.5,0.2164337395948557,0.3321145258517406
omitted,selection,forward,fixed_features,direction,0.5,57,specimen_57,40,45,1.0,0.23721479406952561,0.2590688160590887
omitted,selection,forward,fixed_features,direction,0.5,57,specimen_57,40,90,1.0,0.40660464333606283,1.4135989009522403
omitted,selection,forward,fixed_features,direction,0.5,57,specimen_57,40,135,0.5,0.2619451977827482,0.8587108494411352
omitted,selection,forward,fixed_features,direction,0.5,57,specimen_57,40,135,1.0,0.2743981268970771,0.7602745491065236
omitted,selection,forward,fixed_features,direction,0.5,57,specimen_57,40,180,0.5,0.3658465333630197,0.0560410839767807
omitted,selection,forward,fixed_features,direction,0.5,57,specimen_57,40,180,1.0,0.34975193346190464,0.10947546711134898
omitted,selection,forward,fixed_features,direction,0.5,57,specimen_57,40,225,0.5,0.25531871835745407,0.6261160868670346
omitted,selection,forward,fixed_features,direction,0.5,57,specimen_57,40,225,1.0,0.2464543388548576,0.5460483569945274
omitted,selection,forward,fixed_features,direction,0.5,57,specimen_57,40,270,0.5,0.4510611795860528,1.7355216963100593
omitted,selection,forward,fixed_features,direction,0.5,57,specimen_57,40,270,1.0,0.4039263021103426,1.6577292983289378
omitted,selection,forward,fixed_features,direction,0.5,57,specimen_57,40,315,0.5,0.24553210891717206,1.649855250074244
omitted,selection,forward,fixed_features,direction,0.5,57,specimen_57,40,315,1.0,0.31576491623483177,1.4232522088636552
omitted,selection,forward,fixed_features,direction,0.5,57,specimen_57,60,0,0.5,0.7162579168125772,0.7262336906212326
omitted,selection,forward,fixed_features,direction,0.5,57,specimen_57,60,0,1.0,0.7167140848328214,0.7189181471341416
omitted,selection,forward,fixed_features,direction,0.5,57,specimen_57,60,45,0.5,0.31961633380600807,0.7673801470590818
omitted,selection,forward,fixed_features,direction,0.5,57,specimen_57,60,45,1.0,0.29311291141023993,0.6459245051335398
omitted,selection,forward,fixed_features,direction,0.5,57,specimen_57,60,90,0.5,0.3502412171935634,1.0418369694697451
omitted,selection,forward,fixed_features,direction,0.5,57,specimen_57,60,90,1.0,0.36571979520974063,1.0346192316305194
omitted,selection,forward,fixed_features,direction,0.5,57,specimen_57,60,135,0.5,0.33890798471910993,1.3523043136676152
omitted,selection,forward,fixed_features,direction,0.5,57,specimen_57,60,135,1.0,0.31040145185119017,1.2463547751140234
omitted,selection,forward,fixed_features,direction,0.5,57,specimen_57,60,180,0.5,0.5574194524865603,0.4747908750531393
omitted,selection,forward,fixed_features,direction,0.5,57,specimen_57,60,180,1.0,0.4912330442355591,0.43441154731993475
omitted,selection,forward,fixed_features,direction,0.5,57,specimen_57,60,225,0.5,0.27401424131785207,0.8363245481830633
omitted,selection,forward,fixed_features,direction,0.5,57,specimen_57,60,225,1.0,0.29195247369698285,0.8220137425399869
omitted,selection,forward,fixed_features,direction,0.5,57,specimen_57,60,270,0.5,0.3685235641484141,1.2605392644638844
omitted,selection,forward,fixed_features,direction,0.5,57,specimen_57,60,270,1.0,0.34257369558102574,1.136484853730829
omitted,selection,forward,fixed_features,direction,0.5,57,specimen_57,60,315,0.5,0.2430785111464969,0.9999893349922073
omitted,selection,forward,fixed_features,direction,0.5,57,specimen_57,60,315,1.0,0.2660466611844499,1.3113410384281738
omitted,selection,forward,fixed_features,repeat,0.5,10,specimen_10,20,0,1.0,0.32665292273980856,0.16402612063936944
omitted,selection,forward,fixed_features,repeat,0.5,10,specimen_10,20,45,0.5,0.26370628804988455,0.11705822038611402
omitted,selection,forward,fixed_features,repeat,0.5,10,specimen_10,20,45,1.0,0.2667757603660416,0.09279735280234858
omitted,selection,forward,fixed_features,repeat,0.5,10,specimen_10,20,90,0.5,0.40816190159378785,0.19004471245954357
omitted,selection,forward,fixed_features,repeat,0.5,10,specimen_10,20,90,1.0,0.3700664823138593,0.2532570774976618
omitted,selection,forward,fixed_features,repeat,0.5,10,specimen_10,20,135,0.5,0.19906642979322195,0.20853732201039288
omitted,selection,forward,fixed_features,repeat,0.5,10,specimen_10,20,135,1.0,0.1919676240089805,0.2136191834499367
omitted,selection,forward,fixed_features,repeat,0.5,10,specimen_10,20,180,0.5,0.3215387951161331,0.11229701449703844
omitted,selection,forward,fixed_features,repeat,0.5,10,specimen_10,20,180,1.0,0.28726196026832956,0.010589609398180433
omitted,selection,forward,fixed_features,repeat,0.5,10,specimen_10,20,225,0.5,0.20267872986837085,0.28555825794390644
omitted,selection,forward,fixed_features,repeat,0.5,10,specimen_10,20,225,1.0,0.22646683949130772,0.2909064739618186
omitted,selection,forward,fixed_features,repeat,0.5,10,specimen_10,20,270,0.5,0.3040833797200528,0.20349607830987332
omitted,selection,forward,fixed_features,repeat,0.5,10,specimen_10,20,270,1.0,0.37761325356563863,0.035312508706097145
omitted,selection,forward,fixed_features,repeat,0.5,10,specimen_10,20,315,0.5,0.25011154419348086,0.25082161074514975
omitted,selection,forward,fixed_features,repeat,0.5,10,specimen_10,20,315,1.0,0.21829373284346898,0.4559226027136434
omitted,selection,forward,fixed_features,repeat,0.5,10,specimen_10,40,45,0.5,0.16479039435709053,0.3407514612323731
omitted,selection,forward,fixed_features,repeat,0.5,10,specimen_10,40,45,1.0,0.16803457907936106,0.27212197757416223
omitted,selection,forward,fixed_features,repeat,0.5,10,specimen_10,40,90,1.0,0.34888550920510925,1.350928783549762
omitted,selection,forward,fixed_features,repeat,0.5,10,specimen_10,40,135,0.5,0.2319924244758396,0.8644442363582845
omitted,selection,forward,fixed_features,repeat,0.5,10,specimen_10,40,135,1.0,0.22679947914964452,0.8366398085186919
omitted,selection,forward,fixed_features,repeat,0.5,10,specimen_10,40,180,0.5,0.3863090643730585,0.10130656869923893
omitted,selection,forward,fixed_features,repeat,0.5,10,specimen_10,40,180,1.0,0.42437300040052817,0.0406516639010337
omitted,selection,forward,fixed_features,repeat,0.5,10,specimen_10,40,225,0.5,0.22580332993338972,0.6658230806970049
omitted,selection,forward,fixed_features,repeat,0.5,10,specimen_10,40,225,1.0,0.19682836260747075,0.4193407233077793
omitted,selection,forward,fixed_features,repeat,0.5,10,specimen_10,40,270,0.5,0.33774951086156585,1.2621356152704373
omitted,selection,forward,fixed_features,repeat,0.5,10,specimen_10,40,270,1.0,0.34469134763297843,0.6386041951192762
omitted,selection,forward,fixed_features,repeat,0.5,10,specimen_10,40,315,0.5,0.19198804657856242,0.5550926849431577
omitted,selection,forward,fixed_features,repeat,0.5,10,specimen_10,40,315,1.0,0.2391904458985222,0.7261259861472008
omitted,selection,forward,fixed_features,repeat,0.5,10,specimen_10,60,0,0.5,0.5364121936765661,0.6033972944168535
omitted,selection,forward,fixed_features,repeat,0.5,10,specimen_10,60,0,1.0,0.4744722584428327,0.4046054591721261
omitted,selection,forward,fixed_features,repeat,0.5,10,specimen_10,60,45,0.5,0.18787243294041245,0.3632583959716691
omitted,selection,forward,fixed_features,repeat,0.5,10,specimen_10,60,45,1.0,0.2019014556409755,0.42300266728767943
omitted,selection,forward,fixed_features,repeat,0.5,10,specimen_10,60,90,0.5,0.4206827348614433,0.3962555387857729
omitted,selection,forward,fixed_features,repeat,0.5,10,specimen_10,60,90,1.0,0.38617534619841254,0.7118788533271039
omitted,selection,forward,fixed_features,repeat,0.5,10,specimen_10,60,135,0.5,0.2313559602213189,0.8596263614837631
omitted,selection,forward,fixed_features,repeat,0.5,10,specimen_10,60,135,1.0,0.22055654615434003,0.6315200442740745
omitted,selection,forward,fixed_features,repeat,0.5,10,specimen_10,60,180,0.5,0.48548149409129665,0.45961825735894757
omitted,selection,forward,fixed_features,repeat,0.5,10,specimen_10,60,180,1.0,0.4893197077112079,0.18473732271269583
omitted,selection,forward,fixed_features,repeat,0.5,10,specimen_10,60,225,0.5,0.22682218672071722,0.6936931461066522
omitted,selection,forward,fixed_features,repeat,0.5,10,specimen_10,60,225,1.0,0.21951811706544502,0.534197023055287
omitted,selection,forward,fixed_features,repeat,0.5,10,specimen_10,60,270,0.5,0.39188129673695254,0.793951993914106
omitted,selection,forward,fixed_features,repeat,0.5,10,specimen_10,60,270,1.0,0.3454758916581841,0.47838349046965467
omitted,selection,forward,fixed_features,repeat,0.5,10,specimen_10,60,315,0.5,0.214689062494241,0.231835436524918
omitted,selection,forward,fixed_features,repeat,0.5,10,specimen_10,60,315,1.0,0.20444865456774952,0.5082152133054769
omitted,selection,forward,fixed_features,repeat,0.5,57,specimen_57,20,0,1.0,0.4292282592245873,0.23034984607877884
omitted,selection,forward,fixed_features,repeat,0.5,57,specimen_57,20,45,0.5,0.25464762038764893,0.25106844936302547
omitted,selection,forward,fixed_features,repeat,0.5,57,specimen_57,20,45,1.0,0.2510851969288283,0.2441622947469897
omitted,selection,forward,fixed_features,repeat,0.5,57,specimen_57,20,90,0.5,0.269804600909004,0.24962072318686696
omitted,selection,forward,fixed_features,repeat,0.5,57,specimen_57,20,90,1.0,0.2779673028133087,0.21579856250692492
omitted,selection,forward,fixed_features,repeat,0.5,57,specimen_57,20,135,0.5,0.29314127882924007,0.273354142392891
omitted,selection,forward,fixed_features,repeat,0.5,57,specimen_57,20,135,1.0,0.2812164119551395,0.24530146406078707
omitted,selection,forward,fixed_features,repeat,0.5,57,specimen_57,20,180,0.5,0.3361045482119857,0.09886005209101148
omitted,selection,forward,fixed_features,repeat,0.5,57,specimen_57,20,180,1.0,0.30039371496718087,0.0852511846720822
omitted,selection,forward,fixed_features,repeat,0.5,57,specimen_57,20,225,0.5,0.3156538822981003,0.30522243940434957
omitted,selection,forward,fixed_features,repeat,0.5,57,specimen_57,20,225,1.0,0.30845126177353516,0.2891029716425479
omitted,selection,forward,fixed_features,repeat,0.5,57,specimen_57,20,270,0.5,0.3329215712056485,0.31773263760873827
omitted,selection,forward,fixed_features,repeat,0.5,57,specimen_57,20,270,1.0,0.28337016392336833,0.12945140043088438
omitted,selection,forward,fixed_features,repeat,0.5,57,specimen_57,20,315,0.5,0.2719768370461677,0.26062188034306394
omitted,selection,forward,fixed_features,repeat,0.5,57,specimen_57,20,315,1.0,0.25810844654990667,0.18865274473256338
omitted,selection,forward,fixed_features,repeat,0.5,57,specimen_57,40,45,0.5,0.18778075992359822,0.3672498925309239
omitted,selection,forward,fixed_features,repeat,0.5,57,specimen_57,40,45,1.0,0.19961716829914522,0.296695347073058
omitted,selection,forward,fixed_features,repeat,0.5,57,specimen_57,40,90,1.0,0.4553293568137026,1.451557283683706
omitted,selection,forward,fixed_features,repeat,0.5,57,specimen_57,40,135,0.5,0.2611199057315064,0.8922350450196572
omitted,selection,forward,fixed_features,repeat,0.5,57,specimen_57,40,135,1.0,0.2501825392278818,0.7967159415493626
omitted,selection,forward,fixed_features,repeat,0.5,57,specimen_57,40,180,0.5,0.3198580908382149,0.024799713059451722
omitted,selection,forward,fixed_features,repeat,0.5,57,specimen_57,40,180,1.0,0.3209774483464298,0.07566793919428366
omitted,selection,forward,fixed_features,repeat,0.5,57,specimen_57,40,225,0.5,0.2400793935667179,0.6564612023470309
omitted,selection,forward,fixed_features,repeat,0.5,57,specimen_57,40,225,1.0,0.23043139921594225,0.5786152930082018
omitted,selection,forward,fixed_features,repeat,0.5,57,specimen_57,40,270,0.5,0.5233716577412366,1.767094426959913
omitted,selection,forward,fixed_features,repeat,0.5,57,specimen_57,40,270,1.0,0.46606356756330064,1.6912703680769392
omitted,selection,forward,fixed_features,repeat,0.5,57,specimen_57,40,315,0.5,0.24667476277993308,1.6834045612407338
omitted,selection,forward,fixed_features,repeat,0.5,57,specimen_57,40,315,1.0,0.2957712371508076,1.4586118276106035
omitted,selection,forward,fixed_features,repeat,0.5,57,specimen_57,60,0,0.5,0.6462262495757729,0.6641568790502912
omitted,selection,forward,fixed_features,repeat,0.5,57,specimen_57,60,0,1.0,0.6444706710107777,0.6530751196667882
omitted,selection,forward,fixed_features,repeat,0.5,57,specimen_57,60,45,0.5,0.3177235276092581,0.8299320283913985
omitted,selection,forward,fixed_features,repeat,0.5,57,specimen_57,60,45,1.0,0.28968139700255713,0.7130367593641511
omitted,selection,forward,fixed_features,repeat,0.5,57,specimen_57,60,90,0.5,0.38301196705140333,1.1046385891620778
omitted,selection,forward,fixed_features,repeat,0.5,57,specimen_57,60,90,1.0,0.3854937327851264,1.102579810832196
omitted,selection,forward,fixed_features,repeat,0.5,57,specimen_57,60,135,0.5,0.35572510600596186,1.4131332483811634
omitted,selection,forward,fixed_features,repeat,0.5,57,specimen_57,60,135,1.0,0.32598862614286156,1.3121868018424871
omitted,selection,forward,fixed_features,repeat,0.5,57,specimen_57,60,180,0.5,0.48287773815565654,0.41735165141395647
omitted,selection,forward,fixed_features,repeat,0.5,57,specimen_57,60,180,1.0,0.4164009082458306,0.3725961870367646
omitted,selection,forward,fixed_features,repeat,0.5,57,specimen_57,60,225,0.5,0.287805549198098,0.8925862848024995
omitted,selection,forward,fixed_features,repeat,0.5,57,specimen_57,60,225,1.0,0.3015301623017534,0.8820732580144333
omitted,selection,forward,fixed_features,repeat,0.5,57,specimen_57,60,270,0.5,0.4025042288273501,1.3188923685606027
omitted,selection,forward,fixed_features,repeat,0.5,57,specimen_57,60,270,1.0,0.349770551360087,1.198315168610406
omitted,selection,forward,fixed_features,repeat,0.5,57,specimen_57,60,315,0.5,0.25480151119335887,1.060992457909986
omitted,selection,forward,fixed_features,repeat,0.5,57,specimen_57,60,315,1.0,0.2587752293856938,1.3757586776337867
omitted,selection,forward,fixed_features,single,0.5,10,specimen_10,20,0,1.0,0.33286575934156515,0.15382575955625027
omitted,selection,forward,fixed_features,single,0.5,10,specimen_10,20,45,0.5,0.2789387726958627,0.12812655850438082
omitted,selection,forward,fixed_features,single,0.5,10,specimen_10,20,45,1.0,0.2821527412826694,0.10232473845599332
omitted,selection,forward,fixed_features,single,0.5,10,specimen_10,20,90,0.5,0.4190474323965622,0.19877796387965785
omitted,selection,forward,fixed_features,single,0.5,10,specimen_10,20,90,1.0,0.38370829529251055,0.26084310891006524
omitted,selection,forward,fixed_features,single,0.5,10,specimen_10,20,135,0.5,0.2077069470221249,0.21526877632568886
omitted,selection,forward,fixed_features,single,0.5,10,specimen_10,20,135,1.0,0.2047387007402739,0.21951114032056368
omitted,selection,forward,fixed_features,single,0.5,10,specimen_10,20,180,0.5,0.3191046488545621,0.10655389990797276
omitted,selection,forward,fixed_features,single,0.5,10,specimen_10,20,180,1.0,0.28915312505627383,0.0056144111428030885
omitted,selection,forward,fixed_features,single,0.5,10,specimen_10,20,225,0.5,0.20983668717704607,0.2915856690098921
omitted,selection,forward,fixed_features,single,0.5,10,specimen_10,20,225,1.0,0.23765895086423053,0.296042621221695
omitted,selection,forward,fixed_features,single,0.5,10,specimen_10,20,270,0.5,0.31434633502085024,0.21120372381617492
omitted,selection,forward,fixed_features,single,0.5,10,specimen_10,20,270,1.0,0.3921848544536108,0.041859593856945654
omitted,selection,forward,fixed_features,single,0.5,10,specimen_10,20,315,0.5,0.26590118261331175,0.2610636332836558
omitted,selection,forward,fixed_features,single,0.5,10,specimen_10,20,315,1.0,0.23511056554652932,0.46467021469216874
omitted,selection,forward,fixed_features,single,0.5,10,specimen_10,40,45,0.5,0.16383036096737244,0.35763714430161686
omitted,selection,forward,fixed_features,single,0.5,10,specimen_10,40,45,1.0,0.17334365176779887,0.2869985568676553
omitted,selection,forward,fixed_features,single,0.5,10,specimen_10,40,90,1.0,0.3539966861914241,1.3628260647951334
omitted,selection,forward,fixed_features,single,0.5,10,specimen_10,40,135,0.5,0.22819611384985428,0.8748724669550074
omitted,selection,forward,fixed_features,single,0.5,10,specimen_10,40,135,1.0,0.2205790161332454,0.8460118155656458
omitted,selection,forward,fixed_features,single,0.5,10,specimen_10,40,180,0.5,0.3768399583124955,0.09218250199214506
omitted,selection,forward,fixed_features,single,0.5,10,specimen_10,40,180,1.0,0.41507566210703334,0.04882287067667246
omitted,selection,forward,fixed_features,single,0.5,10,specimen_10,40,225,0.5,0.2354781702926846,0.6756242918137102
omitted,selection,forward,fixed_features,single,0.5,10,specimen_10,40,225,1.0,0.19846643970450586,0.42803506728629825
omitted,selection,forward,fixed_features,single,0.5,10,specimen_10,40,270,0.5,0.34222675141665765,1.2745682246021308
omitted,selection,forward,fixed_features,single,0.5,10,specimen_10,40,270,1.0,0.34990698019978694,0.6495851565112671
omitted,selection,forward,fixed_features,single,0.5,10,specimen_10,40,315,0.5,0.18761142645172732,0.5711473988468558
omitted,selection,forward,fixed_features,single,0.5,10,specimen_10,40,315,1.0,0.23319208934534855,0.7402790153723554
omitted,selection,forward,fixed_features,single,0.5,10,specimen_10,60,0,0.5,0.5273230449796208,0.5739761362114673
omitted,selection,forward,fixed_features,single,0.5,10,specimen_10,60,0,1.0,0.4634818221241412,0.3779156704023131
omitted,selection,forward,fixed_features,single,0.5,10,specimen_10,60,45,0.5,0.19155280381092502,0.39022802119017297
omitted,selection,forward,fixed_features,single,0.5,10,specimen_10,60,45,1.0,0.2062560360007215,0.4474209531966582
omitted,selection,forward,fixed_features,single,0.5,10,specimen_10,60,90,0.5,0.42207016239338996,0.41772051640437735
omitted,selection,forward,fixed_features,single,0.5,10,specimen_10,60,90,1.0,0.3906010844818786,0.7314702542322455
omitted,selection,forward,fixed_features,single,0.5,10,specimen_10,60,135,0.5,0.2259842668643978,0.8766449068172841
omitted,selection,forward,fixed_features,single,0.5,10,specimen_10,60,135,1.0,0.21220695573132398,0.6472280751219044
omitted,selection,forward,fixed_features,single,0.5,10,specimen_10,60,180,0.5,0.47926347891572,0.44419249671324
omitted,selection,forward,fixed_features,single,0.5,10,specimen_10,60,180,1.0,0.47978323964271846,0.17046411322910782
omitted,selection,forward,fixed_features,single,0.5,10,specimen_10,60,225,0.5,0.22180373636383563,0.7107682324066025
omitted,selection,forward,fixed_features,single,0.5,10,specimen_10,60,225,1.0,0.21164698013209293,0.5499597137488605
omitted,selection,forward,fixed_features,single,0.5,10,specimen_10,60,270,0.5,0.39879861007222916,0.815398910559568
omitted,selection,forward,fixed_features,single,0.5,10,specimen_10,60,270,1.0,0.3511386758193737,0.4981177861347963
omitted,selection,forward,fixed_features,single,0.5,10,specimen_10,60,315,0.5,0.20915288016645714,0.25852425833131876
omitted,selection,forward,fixed_features,single,0.5,10,specimen_10,60,315,1.0,0.19472877033135308,0.532606574625369
omitted,selection,forward,fixed_features,single,0.5,57,specimen_57,20,0,1.0,0.43663120458657706,0.24148894237793622
omitted,selection,forward,fixed_features,single,0.5,57,specimen_57,20,45,0.5,0.23492495818263381,0.24013621983907424
omitted,selection,forward,fixed_features,single,0.5,57,specimen_57,20,45,1.0,0.23631909651994618,0.23280019738154267
omitted,selection,forward,fixed_features,single,0.5,57,specimen_57,20,90,0.5,0.2693160512048109,0.23908334050102553
omitted,selection,forward,fixed_features,single,0.5,57,specimen_57,20,90,1.0,0.2873400594673759,0.20464614210050652
omitted,selection,forward,fixed_features,single,0.5,57,specimen_57,20,135,0.5,0.26500319744407425,0.263562535593352
omitted,selection,forward,fixed_features,single,0.5,57,specimen_57,20,135,1.0,0.25305419472158813,0.23484803560440615
omitted,selection,forward,fixed_features,single,0.5,57,specimen_57,20,180,0.5,0.32244120010352545,0.10784134558779504
omitted,selection,forward,fixed_features,single,0.5,57,specimen_57,20,180,1.0,0.28915463043837913,0.094818423537955
omitted,selection,forward,fixed_features,single,0.5,57,specimen_57,20,225,0.5,0.29018963062462805,0.2965386370943427
omitted,selection,forward,fixed_features,single,0.5,57,specimen_57,20,225,1.0,0.2815317902946122,0.27995987734844435
omitted,selection,forward,fixed_features,single,0.5,57,specimen_57,20,270,0.5,0.30643835479149756,0.30852108876157547
omitted,selection,forward,fixed_features,single,0.5,57,specimen_57,20,270,1.0,0.27563359207490395,0.11992171019012543
omitted,selection,forward,fixed_features,single,0.5,57,specimen_57,20,315,0.5,0.24698300816535657,0.25040977966857886
omitted,selection,forward,fixed_features,single,0.5,57,specimen_57,20,315,1.0,0.23987280298622338,0.1782259087964504
omitted,selection,forward,fixed_features,single,0.5,57,specimen_57,40,45,0.5,0.20204369780798923,0.35034475165278633
omitted,selection,forward,fixed_features,single,0.5,57,specimen_57,40,45,1.0,0.21561079320780033,0.2790688999689126
omitted,selection,forward,fixed_features,single,0.5,57,specimen_57,40,90,1.0,0.43135904260011,1.4341259928392067
omitted,selection,forward,fixed_features,single,0.5,57,specimen_57,40,135,0.5,0.26235468885042,0.8768017563521824
omitted,selection,forward,fixed_features,single,0.5,57,specimen_57,40,135,1.0,0.26143580865593163,0.7802510565277971
omitted,selection,forward,fixed_features,single,0.5,57,specimen_57,40,180,0.5,0.339697317684798,0.03905705205277171
omitted,selection,forward,fixed_features,single,0.5,57,specimen_57,40,180,1.0,0.3295608154264003,0.0908337716516659
omitted,selection,forward,fixed_features,single,0.5,57,specimen_57,40,225,0.5,0.24980672117715677,0.6426671089677936
omitted,selection,forward,fixed_features,single,0.5,57,specimen_57,40,225,1.0,0.2397159439055578,0.5640984667866211
omitted,selection,forward,fixed_features,single,0.5,57,specimen_57,40,270,0.5,0.48187721685980084,1.7525994476028635
omitted,selection,forward,fixed_features,single,0.5,57,specimen_57,40,270,1.0,0.4318909193346925,1.676242722288825
omitted,selection,forward,fixed_features,single,0.5,57,specimen_57,40,315,0.5,0.24060082678483238,1.6675652869123274
omitted,selection,forward,fixed_features,single,0.5,57,specimen_57,40,315,1.0,0.3002030961630234,1.4423698167886285
omitted,selection,forward,fixed_features,single,0.5,57,specimen_57,60,0,0.5,0.6829630600554589,0.6926898760056819
omitted,selection,forward,fixed_features,single,0.5,57,specimen_57,60,0,1.0,0.6837294037953758,0.6826149134970356
omitted,selection,forward,fixed_features,single,0.5,57,specimen_57,60,45,0.5,0.32427649935465463,0.8010455665717576
omitted,selection,forward,fixed_features,single,0.5,57,specimen_57,60,45,1.0,0.2959442193131785,0.6827685462142817
omitted,selection,forward,fixed_features,single,0.5,57,specimen_57,60,90,0.5,0.3691626255287752,1.0762072563133969
omitted,selection,forward,fixed_features,single,0.5,57,specimen_57,60,90,1.0,0.3803978720453087,1.07243271320956
omitted,selection,forward,fixed_features,single,0.5,57,specimen_57,60,135,0.5,0.3525833744545445,1.386153658565544
omitted,selection,forward,fixed_features,single,0.5,57,specimen_57,60,135,1.0,0.32083929038611575,1.2834617148574532
omitted,selection,forward,fixed_features,single,0.5,57,specimen_57,60,180,0.5,0.5258980071614495,0.44252193108119164
omitted,selection,forward,fixed_features,single,0.5,57,specimen_57,60,180,1.0,0.45748239390724565,0.3993055406823138
omitted,selection,forward,fixed_features,single,0.5,57,specimen_57,60,225,0.5,0.28083597424816253,0.8681773305764247
omitted,selection,forward,fixed_features,single,0.5,57,specimen_57,60,225,1.0,0.29827589409884026,0.8563977098059998
omitted,selection,forward,fixed_features,single,0.5,57,specimen_57,60,270,0.5,0.38671351658726527,1.293512614962029
omitted,selection,forward,fixed_features,single,0.5,57,specimen_57,60,270,1.0,0.3498248898547173,1.1719106691844046
omitted,selection,forward,fixed_features,single,0.5,57,specimen_57,60,315,0.5,0.2471248136345466,1.0337587260229744
omitted,selection,forward,fixed_features,single,0.5,57,specimen_57,60,315,1.0,0.26077602465518185,1.34763370294418
omitted,selection,forward,retrieval,direction,0.5,10,specimen_10,20,0,1.0,0.1727179275876296,0.09301146299782426
omitted,selection,forward,retrieval,direction,0.5,10,specimen_10,20,45,0.5,0.13555693548170925,0.008318904391332427
omitted,selection,forward,retrieval,direction,0.5,10,specimen_10,20,45,1.0,0.11016213475052983,0.025566805787415103
omitted,selection,forward,retrieval,direction,0.5,10,specimen_10,20,90,0.5,0.1921620161371328,0.05226667351424874
omitted,selection,forward,retrieval,direction,0.5,10,specimen_10,20,90,1.0,0.16704629754683176,0.15145417957485896
omitted,selection,forward,retrieval,direction,0.5,10,specimen_10,20,135,0.5,0.11008698290630829,0.006569458703900133
omitted,selection,forward,retrieval,direction,0.5,10,specimen_10,20,135,1.0,0.11354381119538286,0.023424557422976666
omitted,selection,forward,retrieval,direction,0.5,10,specimen_10,20,180,0.5,0.15882153887728415,0.061624003929508175
omitted,selection,forward,retrieval,direction,0.5,10,specimen_10,20,180,1.0,0.19257857355024588,0.11131165835753082
omitted,selection,forward,retrieval,direction,0.5,10,specimen_10,20,225,0.5,0.15969351575285554,0.05099292906992403
omitted,selection,forward,retrieval,direction,0.5,10,specimen_10,20,225,1.0,0.12014881327489273,0.024626182126390228
omitted,selection,forward,retrieval,direction,0.5,10,specimen_10,20,270,0.5,0.13338022798982618,0.0005242630024124839
omitted,selection,forward,retrieval,direction,0.5,10,specimen_10,20,270,1.0,0.18261168531482816,0.10563279093394562
omitted,selection,forward,retrieval,direction,0.5,10,specimen_10,20,315,0.5,0.14322782701700867,0.02079468215676883
omitted,selection,forward,retrieval,direction,0.5,10,specimen_10,20,315,1.0,0.19003893492359047,0.10591065308331293
omitted,selection,forward,retrieval,direction,0.5,10,specimen_10,40,45,0.5,0.1275792662137054,0.18618469799958937
omitted,selection,forward,retrieval,direction,0.5,10,specimen_10,40,45,1.0,0.18053079787301848,0.20598893696551301
omitted,selection,forward,retrieval,direction,0.5,10,specimen_10,40,90,1.0,0.16374492575912725,0.0277977188962355
omitted,selection,forward,retrieval,direction,0.5,10,specimen_10,40,135,0.5,0.13102465100375396,0.1793506987696183
omitted,selection,forward,retrieval,direction,0.5,10,specimen_10,40,135,1.0,0.12606555396884103,0.2074878245898646
omitted,selection,forward,retrieval,direction,0.5,10,specimen_10,40,180,0.5,0.17627215685303285,0.48288902204341966
omitted,selection,forward,retrieval,direction,0.5,10,specimen_10,40,180,1.0,0.158858016179145,0.2872550300714768
omitted,selection,forward,retrieval,direction,0.5,10,specimen_10,40,225,0.5,0.14526964272771756,0.1618245141216561
omitted,selection,forward,retrieval,direction,0.5,10,specimen_10,40,225,1.0,0.10286081232048173,0.12879253604583973
omitted,selection,forward,retrieval,direction,0.5,10,specimen_10,40,270,0.5,0.14640942787469566,0.0748960977192441
omitted,selection,forward,retrieval,direction,0.5,10,specimen_10,40,270,1.0,0.27415700889120576,0.15453822102415327
omitted,selection,forward,retrieval,direction,0.5,10,specimen_10,40,315,0.5,0.1329087061054163,0.2267685870196714
omitted,selection,forward,retrieval,direction,0.5,10,specimen_10,40,315,1.0,0.22905623306840572,0.4944737562020316
omitted,selection,forward,retrieval,direction,0.5,10,specimen_10,60,0,0.5,0.242650347190418,0.22966210103546825
omitted,selection,forward,retrieval,direction,0.5,10,specimen_10,60,0,1.0,0.2974947855050282,0.3589391154068017
omitted,selection,forward,retrieval,direction,0.5,10,specimen_10,60,45,0.5,0.1303942824246028,0.041272550143119036
omitted,selection,forward,retrieval,direction,0.5,10,specimen_10,60,45,1.0,0.14198073808000336,0.13873332586607612
omitted,selection,forward,retrieval,direction,0.5,10,specimen_10,60,90,0.5,0.2824517162290782,0.5789720110402639
omitted,selection,forward,retrieval,direction,0.5,10,specimen_10,60,90,1.0,0.2106082312090697,0.0738867311890492
omitted,selection,forward,retrieval,direction,0.5,10,specimen_10,60,135,0.5,0.126743638050292,0.08256756577122903
omitted,selection,forward,retrieval,direction,0.5,10,specimen_10,60,135,1.0,0.11326533447502891,0.01872683231155947
omitted,selection,forward,retrieval,direction,0.5,10,specimen_10,60,180,0.5,0.14412467108710372,0.07455768268402774
omitted,selection,forward,retrieval,direction,0.5,10,specimen_10,60,180,1.0,0.19482631729247837,0.31684073079759634
omitted,selection,forward,retrieval,direction,0.5,10,specimen_10,60,225,0.5,0.16969736983598308,0.25342712966565784
omitted,selection,forward,retrieval,direction,0.5,10,specimen_10,60,225,1.0,0.13994147049051103,0.2614654627384938
omitted,selection,forward,retrieval,direction,0.5,10,specimen_10,60,270,0.5,0.13589769156180778,0.04829937614866231
omitted,selection,forward,retrieval,direction,0.5,10,specimen_10,60,270,1.0,0.18613473927504307,0.074066228551815
omitted,selection,forward,retrieval,direction,0.5,10,specimen_10,60,315,0.5,0.1457770170293652,0.26862579508499973
omitted,selection,forward,retrieval,direction,0.5,10,specimen_10,60,315,1.0,0.11621726994741288,0.14554060042759498
omitted,selection,forward,retrieval,direction,0.5,57,specimen_57,20,0,1.0,0.14959949492334862,0.008398341840928858
omitted,selection,forward,retrieval,direction,0.5,57,specimen_57,20,45,0.5,0.14750488326372665,0.01785559975129214
omitted,selection,forward,retrieval,direction,0.5,57,specimen_57,20,45,1.0,0.13625345770066874,0.004998208236139945
omitted,selection,forward,retrieval,direction,0.5,57,specimen_57,20,90,0.5,0.1575853468089204,0.04497963428382401
omitted,selection,forward,retrieval,direction,0.5,57,specimen_57,20,90,1.0,0.16139878926478216,0.09463253685389716
omitted,selection,forward,retrieval,direction,0.5,57,specimen_57,20,135,0.5,0.1458044157552156,0.009600997185336468
omitted,selection,forward,retrieval,direction,0.5,57,specimen_57,20,135,1.0,0.13100773230519897,0.002459788357182635
omitted,selection,forward,retrieval,direction,0.5,57,specimen_57,20,180,0.5,0.15506817131071673,0.009417659107866544
omitted,selection,forward,retrieval,direction,0.5,57,specimen_57,20,180,1.0,0.15359670972471368,0.02604549672822934
omitted,selection,forward,retrieval,direction,0.5,57,specimen_57,20,225,0.5,0.13372601667815512,0.005210651893598817
omitted,selection,forward,retrieval,direction,0.5,57,specimen_57,20,225,1.0,0.11128172199254156,0.016340886672868593
omitted,selection,forward,retrieval,direction,0.5,57,specimen_57,20,270,0.5,0.12986427273166856,0.0027273759218607863
omitted,selection,forward,retrieval,direction,0.5,57,specimen_57,20,270,1.0,0.2215205443151155,0.21558984044992302
omitted,selection,forward,retrieval,direction,0.5,57,specimen_57,20,315,0.5,0.1542299011461514,0.06948844523813513
omitted,selection,forward,retrieval,direction,0.5,57,specimen_57,20,315,1.0,0.12535362071281955,0.009752934382422751
omitted,selection,forward,retrieval,direction,0.5,57,specimen_57,40,45,0.5,0.11755656726467116,0.0015255448787991899
omitted,selection,forward,retrieval,direction,0.5,57,specimen_57,40,45,1.0,0.14410427733786604,0.020915920943198607
omitted,selection,forward,retrieval,direction,0.5,57,specimen_57,40,90,1.0,0.12405609889963964,0.009919166379173339
omitted,selection,forward,retrieval,direction,0.5,57,specimen_57,40,135,0.5,0.1403875823316668,0.03848132023617734
omitted,selection,forward,retrieval,direction,0.5,57,specimen_57,40,135,1.0,0.11294805158741521,0.003875051099486493
omitted,selection,forward,retrieval,direction,0.5,57,specimen_57,40,180,0.5,0.17401343119143312,0.034212325165597746
omitted,selection,forward,retrieval,direction,0.5,57,specimen_57,40,180,1.0,0.17185875479544968,0.12288472954558455
omitted,selection,forward,retrieval,direction,0.5,57,specimen_57,40,225,0.5,0.14999969067831065,0.14481766158523635
omitted,selection,forward,retrieval,direction,0.5,57,specimen_57,40,225,1.0,0.12972947293307902,0.032584953545019335
omitted,selection,forward,retrieval,direction,0.5,57,specimen_57,40,270,0.5,0.16198428998152528,0.08870433572591319
omitted,selection,forward,retrieval,direction,0.5,57,specimen_57,40,270,1.0,0.16381866324263597,0.03646867480506266
omitted,selection,forward,retrieval,direction,0.5,57,specimen_57,40,315,0.5,0.13323167121629917,0.09836344187726187
omitted,selection,forward,retrieval,direction,0.5,57,specimen_57,40,315,1.0,0.13549792948389436,0.009451392214923748
omitted,selection,forward,retrieval,direction,0.5,57,specimen_57,60,0,0.5,0.13706789674969197,0.017448374065152983
omitted,selection,forward,retrieval,direction,0.5,57,specimen_57,60,0,1.0,0.14261971541764698,0.016043617305532
omitted,selection,forward,retrieval,direction,0.5,57,specimen_57,60,45,0.5,0.17454222461488156,0.21208592049894825
omitted,selection,forward,retrieval,direction,0.5,57,specimen_57,60,45,1.0,0.193058585375422,0.21112668734301288
omitted,selection,forward,retrieval,direction,0.5,57,specimen_57,60,90,0.5,0.1229531357499543,0.1560486527753726
omitted,selection,forward,retrieval,direction,0.5,57,specimen_57,60,90,1.0,0.14266469572436555,0.17494234223062466
omitted,selection,forward,retrieval,direction,0.5,57,specimen_57,60,135,0.5,0.16955304031229082,0.1025585856528366
omitted,selection,forward,retrieval,direction,0.5,57,specimen_57,60,135,1.0,0.22817282432478447,0.05251372654536324
omitted,selection,forward,retrieval,direction,0.5,57,specimen_57,60,180,0.5,0.1891838714031231,0.01900986275432015
omitted,selection,forward,retrieval,direction,0.5,57,specimen_57,60,180,1.0,0.15526454452516572,0.01762470221895346
omitted,selection,forward,retrieval,direction,0.5,57,specimen_57,60,225,0.5,0.21334204053356368,0.5576118049127392
omitted,selection,forward,retrieval,direction,0.5,57,specimen_57,60,225,1.0,0.19435859681818143,0.4758457883146414
omitted,selection,forward,retrieval,direction,0.5,57,specimen_57,60,270,0.5,0.10662133064479068,0.14468644644732964
omitted,selection,forward,retrieval,direction,0.5,57,specimen_57,60,270,1.0,0.1299675774254153,0.11233221158306317
omitted,selection,forward,retrieval,direction,0.5,57,specimen_57,60,315,0.5,0.1725071071868395,0.4614105645619113
omitted,selection,forward,retrieval,direction,0.5,57,specimen_57,60,315,1.0,0.15862253618116004,0.3024667102934395
omitted,selection,forward,retrieval,repeat,0.5,10,specimen_10,20,0,1.0,0.1727179275876296,0.09301146299782426
omitted,selection,forward,retrieval,repeat,0.5,10,specimen_10,20,45,0.5,0.13555693548170925,0.008318904391332427
omitted,selection,forward,retrieval,repeat,0.5,10,specimen_10,20,45,1.0,0.11016213475052983,0.025566805787415103
omitted,selection,forward,retrieval,repeat,0.5,10,specimen_10,20,90,0.5,0.1921620161371328,0.05226667351424874
omitted,selection,forward,retrieval,repeat,0.5,10,specimen_10,20,90,1.0,0.16704629754683176,0.15145417957485896
omitted,selection,forward,retrieval,repeat,0.5,10,specimen_10,20,135,0.5,0.11008698290630829,0.006569458703900133
omitted,selection,forward,retrieval,repeat,0.5,10,specimen_10,20,135,1.0,0.11354381119538286,0.023424557422976666
omitted,selection,forward,retrieval,repeat,0.5,10,specimen_10,20,180,0.5,0.15882153887728415,0.061624003929508175
omitted,selection,forward,retrieval,repeat,0.5,10,specimen_10,20,180,1.0,0.19257857355024588,0.11131165835753082
omitted,selection,forward,retrieval,repeat,0.5,10,specimen_10,20,225,0.5,0.15969351575285554,0.05099292906992403
omitted,selection,forward,retrieval,repeat,0.5,10,specimen_10,20,225,1.0,0.12014881327489273,0.024626182126390228
omitted,selection,forward,retrieval,repeat,0.5,10,specimen_10,20,270,0.5,0.13338022798982618,0.0005242630024124839
omitted,selection,forward,retrieval,repeat,0.5,10,specimen_10,20,270,1.0,0.18261168531482816,0.10563279093394562
omitted,selection,forward,retrieval,repeat,0.5,10,specimen_10,20,315,0.5,0.14322782701700867,0.02079468215676883
omitted,selection,forward,retrieval,repeat,0.5,10,specimen_10,20,315,1.0,0.19003893492359047,0.10591065308331293
omitted,selection,forward,retrieval,repeat,0.5,10,specimen_10,40,45,0.5,0.1275792662137054,0.18618469799958937
omitted,selection,forward,retrieval,repeat,0.5,10,specimen_10,40,45,1.0,0.18053079787301848,0.20598893696551301
omitted,selection,forward,retrieval,repeat,0.5,10,specimen_10,40,90,1.0,0.16374492575912725,0.0277977188962355
omitted,selection,forward,retrieval,repeat,0.5,10,specimen_10,40,135,0.5,0.13102465100375396,0.1793506987696183
omitted,selection,forward,retrieval,repeat,0.5,10,specimen_10,40,135,1.0,0.12606555396884103,0.2074878245898646
omitted,selection,forward,retrieval,repeat,0.5,10,specimen_10,40,180,0.5,0.17627215685303285,0.48288902204341966
omitted,selection,forward,retrieval,repeat,0.5,10,specimen_10,40,180,1.0,0.158858016179145,0.2872550300714768
omitted,selection,forward,retrieval,repeat,0.5,10,specimen_10,40,225,0.5,0.14526964272771756,0.1618245141216561
omitted,selection,forward,retrieval,repeat,0.5,10,specimen_10,40,225,1.0,0.10286081232048173,0.12879253604583973
omitted,selection,forward,retrieval,repeat,0.5,10,specimen_10,40,270,0.5,0.14640942787469566,0.0748960977192441
omitted,selection,forward,retrieval,repeat,0.5,10,specimen_10,40,270,1.0,0.27415700889120576,0.15453822102415327
omitted,selection,forward,retrieval,repeat,0.5,10,specimen_10,40,315,0.5,0.1329087061054163,0.2267685870196714
omitted,selection,forward,retrieval,repeat,0.5,10,specimen_10,40,315,1.0,0.22905623306840572,0.4944737562020316
omitted,selection,forward,retrieval,repeat,0.5,10,specimen_10,60,0,0.5,0.242650347190418,0.22966210103546825
omitted,selection,forward,retrieval,repeat,0.5,10,specimen_10,60,0,1.0,0.2974947855050282,0.3589391154068017
omitted,selection,forward,retrieval,repeat,0.5,10,specimen_10,60,45,0.5,0.1303942824246028,0.041272550143119036
omitted,selection,forward,retrieval,repeat,0.5,10,specimen_10,60,45,1.0,0.14198073808000336,0.13873332586607612
omitted,selection,forward,retrieval,repeat,0.5,10,specimen_10,60,90,0.5,0.2824517162290782,0.5789720110402639
omitted,selection,forward,retrieval,repeat,0.5,10,specimen_10,60,90,1.0,0.2106082312090697,0.0738867311890492
omitted,selection,forward,retrieval,repeat,0.5,10,specimen_10,60,135,0.5,0.126743638050292,0.08256756577122903
omitted,selection,forward,retrieval,repeat,0.5,10,specimen_10,60,135,1.0,0.11326533447502891,0.01872683231155947
omitted,selection,forward,retrieval,repeat,0.5,10,specimen_10,60,180,0.5,0.14412467108710372,0.07455768268402774
omitted,selection,forward,retrieval,repeat,0.5,10,specimen_10,60,180,1.0,0.19482631729247837,0.31684073079759634
omitted,selection,forward,retrieval,repeat,0.5,10,specimen_10,60,225,0.5,0.16969736983598308,0.25342712966565784
omitted,selection,forward,retrieval,repeat,0.5,10,specimen_10,60,225,1.0,0.13994147049051103,0.2614654627384938
omitted,selection,forward,retrieval,repeat,0.5,10,specimen_10,60,270,0.5,0.13589769156180778,0.04829937614866231
omitted,selection,forward,retrieval,repeat,0.5,10,specimen_10,60,270,1.0,0.18613473927504307,0.074066228551815
omitted,selection,forward,retrieval,repeat,0.5,10,specimen_10,60,315,0.5,0.1457770170293652,0.26862579508499973
omitted,selection,forward,retrieval,repeat,0.5,10,specimen_10,60,315,1.0,0.11621726994741288,0.14554060042759498
omitted,selection,forward,retrieval,repeat,0.5,57,specimen_57,20,0,1.0,0.14959949492334862,0.008398341840928858
omitted,selection,forward,retrieval,repeat,0.5,57,specimen_57,20,45,0.5,0.14750488326372665,0.01785559975129214
omitted,selection,forward,retrieval,repeat,0.5,57,specimen_57,20,45,1.0,0.13625345770066874,0.004998208236139945
omitted,selection,forward,retrieval,repeat,0.5,57,specimen_57,20,90,0.5,0.1575853468089204,0.04497963428382401
omitted,selection,forward,retrieval,repeat,0.5,57,specimen_57,20,90,1.0,0.16139878926478216,0.09463253685389716
omitted,selection,forward,retrieval,repeat,0.5,57,specimen_57,20,135,0.5,0.1458044157552156,0.009600997185336468
omitted,selection,forward,retrieval,repeat,0.5,57,specimen_57,20,135,1.0,0.13100773230519897,0.002459788357182635
omitted,selection,forward,retrieval,repeat,0.5,57,specimen_57,20,180,0.5,0.15506817131071673,0.009417659107866544
omitted,selection,forward,retrieval,repeat,0.5,57,specimen_57,20,180,1.0,0.15359670972471368,0.02604549672822934
omitted,selection,forward,retrieval,repeat,0.5,57,specimen_57,20,225,0.5,0.13372601667815512,0.005210651893598817
omitted,selection,forward,retrieval,repeat,0.5,57,specimen_57,20,225,1.0,0.11128172199254156,0.016340886672868593
omitted,selection,forward,retrieval,repeat,0.5,57,specimen_57,20,270,0.5,0.12986427273166856,0.0027273759218607863
omitted,selection,forward,retrieval,repeat,0.5,57,specimen_57,20,270,1.0,0.2215205443151155,0.21558984044992302
omitted,selection,forward,retrieval,repeat,0.5,57,specimen_57,20,315,0.5,0.1542299011461514,0.06948844523813513
omitted,selection,forward,retrieval,repeat,0.5,57,specimen_57,20,315,1.0,0.12535362071281955,0.009752934382422751
omitted,selection,forward,retrieval,repeat,0.5,57,specimen_57,40,45,0.5,0.11755656726467116,0.0015255448787991899
omitted,selection,forward,retrieval,repeat,0.5,57,specimen_57,40,45,1.0,0.14410427733786604,0.020915920943198607
omitted,selection,forward,retrieval,repeat,0.5,57,specimen_57,40,90,1.0,0.12405609889963964,0.009919166379173339
omitted,selection,forward,retrieval,repeat,0.5,57,specimen_57,40,135,0.5,0.1403875823316668,0.03848132023617734
omitted,selection,forward,retrieval,repeat,0.5,57,specimen_57,40,135,1.0,0.11294805158741521,0.003875051099486493
omitted,selection,forward,retrieval,repeat,0.5,57,specimen_57,40,180,0.5,0.17401343119143312,0.034212325165597746
omitted,selection,forward,retrieval,repeat,0.5,57,specimen_57,40,180,1.0,0.17185875479544968,0.12288472954558455
omitted,selection,forward,retrieval,repeat,0.5,57,specimen_57,40,225,0.5,0.14999969067831065,0.14481766158523635
omitted,selection,forward,retrieval,repeat,0.5,57,specimen_57,40,225,1.0,0.12972947293307902,0.032584953545019335
omitted,selection,forward,retrieval,repeat,0.5,57,specimen_57,40,270,0.5,0.16198428998152528,0.08870433572591319
omitted,selection,forward,retrieval,repeat,0.5,57,specimen_57,40,270,1.0,0.16381866324263597,0.03646867480506266
omitted,selection,forward,retrieval,repeat,0.5,57,specimen_57,40,315,0.5,0.13323167121629917,0.09836344187726187
omitted,selection,forward,retrieval,repeat,0.5,57,specimen_57,40,315,1.0,0.13549792948389436,0.009451392214923748
omitted,selection,forward,retrieval,repeat,0.5,57,specimen_57,60,0,0.5,0.13706789674969197,0.017448374065152983
omitted,selection,forward,retrieval,repeat,0.5,57,specimen_57,60,0,1.0,0.14261971541764698,0.016043617305532
omitted,selection,forward,retrieval,repeat,0.5,57,specimen_57,60,45,0.5,0.17454222461488156,0.21208592049894825
omitted,selection,forward,retrieval,repeat,0.5,57,specimen_57,60,45,1.0,0.193058585375422,0.21112668734301288
omitted,selection,forward,retrieval,repeat,0.5,57,specimen_57,60,90,0.5,0.1229531357499543,0.1560486527753726
omitted,selection,forward,retrieval,repeat,0.5,57,specimen_57,60,90,1.0,0.14266469572436555,0.17494234223062466
omitted,selection,forward,retrieval,repeat,0.5,57,specimen_57,60,135,0.5,0.16955304031229082,0.1025585856528366
omitted,selection,forward,retrieval,repeat,0.5,57,specimen_57,60,135,1.0,0.22817282432478447,0.05251372654536324
omitted,selection,forward,retrieval,repeat,0.5,57,specimen_57,60,180,0.5,0.1891838714031231,0.01900986275432015
omitted,selection,forward,retrieval,repeat,0.5,57,specimen_57,60,180,1.0,0.15526454452516572,0.01762470221895346
omitted,selection,forward,retrieval,repeat,0.5,57,specimen_57,60,225,0.5,0.21334204053356368,0.5576118049127392
omitted,selection,forward,retrieval,repeat,0.5,57,specimen_57,60,225,1.0,0.19435859681818143,0.4758457883146414
omitted,selection,forward,retrieval,repeat,0.5,57,specimen_57,60,270,0.5,0.10662133064479068,0.14468644644732964
omitted,selection,forward,retrieval,repeat,0.5,57,specimen_57,60,270,1.0,0.1299675774254153,0.11233221158306317
omitted,selection,forward,retrieval,repeat,0.5,57,specimen_57,60,315,0.5,0.1725071071868395,0.4614105645619113
omitted,selection,forward,retrieval,repeat,0.5,57,specimen_57,60,315,1.0,0.15862253618116004,0.3024667102934395
omitted,selection,forward,retrieval,single,0.5,10,specimen_10,20,0,1.0,0.1727179275876296,0.09301146299782426
omitted,selection,forward,retrieval,single,0.5,10,specimen_10,20,45,0.5,0.13555693548170925,0.008318904391332427
omitted,selection,forward,retrieval,single,0.5,10,specimen_10,20,45,1.0,0.11016213475052983,0.025566805787415103
omitted,selection,forward,retrieval,single,0.5,10,specimen_10,20,90,0.5,0.1921620161371328,0.05226667351424874
omitted,selection,forward,retrieval,single,0.5,10,specimen_10,20,90,1.0,0.16704629754683176,0.15145417957485896
omitted,selection,forward,retrieval,single,0.5,10,specimen_10,20,135,0.5,0.11008698290630829,0.006569458703900133
omitted,selection,forward,retrieval,single,0.5,10,specimen_10,20,135,1.0,0.11354381119538286,0.023424557422976666
omitted,selection,forward,retrieval,single,0.5,10,specimen_10,20,180,0.5,0.15882153887728415,0.061624003929508175
omitted,selection,forward,retrieval,single,0.5,10,specimen_10,20,180,1.0,0.19257857355024588,0.11131165835753082
omitted,selection,forward,retrieval,single,0.5,10,specimen_10,20,225,0.5,0.15969351575285554,0.05099292906992403
omitted,selection,forward,retrieval,single,0.5,10,specimen_10,20,225,1.0,0.12014881327489273,0.024626182126390228
omitted,selection,forward,retrieval,single,0.5,10,specimen_10,20,270,0.5,0.13338022798982618,0.0005242630024124839
omitted,selection,forward,retrieval,single,0.5,10,specimen_10,20,270,1.0,0.18261168531482816,0.10563279093394562
omitted,selection,forward,retrieval,single,0.5,10,specimen_10,20,315,0.5,0.14322782701700867,0.02079468215676883
omitted,selection,forward,retrieval,single,0.5,10,specimen_10,20,315,1.0,0.19003893492359047,0.10591065308331293
omitted,selection,forward,retrieval,single,0.5,10,specimen_10,40,45,0.5,0.1275792662137054,0.18618469799958937
omitted,selection,forward,retrieval,single,0.5,10,specimen_10,40,45,1.0,0.18053079787301848,0.20598893696551301
omitted,selection,forward,retrieval,single,0.5,10,specimen_10,40,90,1.0,0.16374492575912725,0.0277977188962355
omitted,selection,forward,retrieval,single,0.5,10,specimen_10,40,135,0.5,0.13102465100375396,0.1793506987696183
omitted,selection,forward,retrieval,single,0.5,10,specimen_10,40,135,1.0,0.12606555396884103,0.2074878245898646
omitted,selection,forward,retrieval,single,0.5,10,specimen_10,40,180,0.5,0.17627215685303285,0.48288902204341966
omitted,selection,forward,retrieval,single,0.5,10,specimen_10,40,180,1.0,0.158858016179145,0.2872550300714768
omitted,selection,forward,retrieval,single,0.5,10,specimen_10,40,225,0.5,0.14526964272771756,0.1618245141216561
omitted,selection,forward,retrieval,single,0.5,10,specimen_10,40,225,1.0,0.10286081232048173,0.12879253604583973
omitted,selection,forward,retrieval,single,0.5,10,specimen_10,40,270,0.5,0.14640942787469566,0.0748960977192441
omitted,selection,forward,retrieval,single,0.5,10,specimen_10,40,270,1.0,0.27415700889120576,0.15453822102415327
omitted,selection,forward,retrieval,single,0.5,10,specimen_10,40,315,0.5,0.1329087061054163,0.2267685870196714
omitted,selection,forward,retrieval,single,0.5,10,specimen_10,40,315,1.0,0.22905623306840572,0.4944737562020316
omitted,selection,forward,retrieval,single,0.5,10,specimen_10,60,0,0.5,0.242650347190418,0.22966210103546825
omitted,selection,forward,retrieval,single,0.5,10,specimen_10,60,0,1.0,0.2974947855050282,0.3589391154068017
omitted,selection,forward,retrieval,single,0.5,10,specimen_10,60,45,0.5,0.1303942824246028,0.041272550143119036
omitted,selection,forward,retrieval,single,0.5,10,specimen_10,60,45,1.0,0.14198073808000336,0.13873332586607612
omitted,selection,forward,retrieval,single,0.5,10,specimen_10,60,90,0.5,0.2824517162290782,0.5789720110402639
omitted,selection,forward,retrieval,single,0.5,10,specimen_10,60,90,1.0,0.2106082312090697,0.0738867311890492
omitted,selection,forward,retrieval,single,0.5,10,specimen_10,60,135,0.5,0.126743638050292,0.08256756577122903
omitted,selection,forward,retrieval,single,0.5,10,specimen_10,60,135,1.0,0.11326533447502891,0.01872683231155947
omitted,selection,forward,retrieval,single,0.5,10,specimen_10,60,180,0.5,0.14412467108710372,0.07455768268402774
omitted,selection,forward,retrieval,single,0.5,10,specimen_10,60,180,1.0,0.19482631729247837,0.31684073079759634
omitted,selection,forward,retrieval,single,0.5,10,specimen_10,60,225,0.5,0.16969736983598308,0.25342712966565784
omitted,selection,forward,retrieval,single,0.5,10,specimen_10,60,225,1.0,0.13994147049051103,0.2614654627384938
omitted,selection,forward,retrieval,single,0.5,10,specimen_10,60,270,0.5,0.13589769156180778,0.04829937614866231
omitted,selection,forward,retrieval,single,0.5,10,specimen_10,60,270,1.0,0.18613473927504307,0.074066228551815
omitted,selection,forward,retrieval,single,0.5,10,specimen_10,60,315,0.5,0.1457770170293652,0.26862579508499973
omitted,selection,forward,retrieval,single,0.5,10,specimen_10,60,315,1.0,0.11621726994741288,0.14554060042759498
omitted,selection,forward,retrieval,single,0.5,57,specimen_57,20,0,1.0,0.14959949492334862,0.008398341840928858
omitted,selection,forward,retrieval,single,0.5,57,specimen_57,20,45,0.5,0.14750488326372665,0.01785559975129214
omitted,selection,forward,retrieval,single,0.5,57,specimen_57,20,45,1.0,0.13625345770066874,0.004998208236139945
omitted,selection,forward,retrieval,single,0.5,57,specimen_57,20,90,0.5,0.1575853468089204,0.04497963428382401
omitted,selection,forward,retrieval,single,0.5,57,specimen_57,20,90,1.0,0.16139878926478216,0.09463253685389716
omitted,selection,forward,retrieval,single,0.5,57,specimen_57,20,135,0.5,0.1458044157552156,0.009600997185336468
omitted,selection,forward,retrieval,single,0.5,57,specimen_57,20,135,1.0,0.13100773230519897,0.002459788357182635
omitted,selection,forward,retrieval,single,0.5,57,specimen_57,20,180,0.5,0.15506817131071673,0.009417659107866544
omitted,selection,forward,retrieval,single,0.5,57,specimen_57,20,180,1.0,0.15359670972471368,0.02604549672822934
omitted,selection,forward,retrieval,single,0.5,57,specimen_57,20,225,0.5,0.13372601667815512,0.005210651893598817
omitted,selection,forward,retrieval,single,0.5,57,specimen_57,20,225,1.0,0.11128172199254156,0.016340886672868593
omitted,selection,forward,retrieval,single,0.5,57,specimen_57,20,270,0.5,0.12986427273166856,0.0027273759218607863
omitted,selection,forward,retrieval,single,0.5,57,specimen_57,20,270,1.0,0.2215205443151155,0.21558984044992302
omitted,selection,forward,retrieval,single,0.5,57,specimen_57,20,315,0.5,0.1542299011461514,0.06948844523813513
omitted,selection,forward,retrieval,single,0.5,57,specimen_57,20,315,1.0,0.12535362071281955,0.009752934382422751
omitted,selection,forward,retrieval,single,0.5,57,specimen_57,40,45,0.5,0.11755656726467116,0.0015255448787991899
omitted,selection,forward,retrieval,single,0.5,57,specimen_57,40,45,1.0,0.14410427733786604,0.020915920943198607
omitted,selection,forward,retrieval,single,0.5,57,specimen_57,40,90,1.0,0.12405609889963964,0.009919166379173339
omitted,selection,forward,retrieval,single,0.5,57,specimen_57,40,135,0.5,0.1403875823316668,0.03848132023617734
omitted,selection,forward,retrieval,single,0.5,57,specimen_57,40,135,1.0,0.11294805158741521,0.003875051099486493
omitted,selection,forward,retrieval,single,0.5,57,specimen_57,40,180,0.5,0.17401343119143312,0.034212325165597746
omitted,selection,forward,retrieval,single,0.5,57,specimen_57,40,180,1.0,0.17185875479544968,0.12288472954558455
omitted,selection,forward,retrieval,single,0.5,57,specimen_57,40,225,0.5,0.14999969067831065,0.14481766158523635
omitted,selection,forward,retrieval,single,0.5,57,specimen_57,40,225,1.0,0.12972947293307902,0.032584953545019335
omitted,selection,forward,retrieval,single,0.5,57,specimen_57,40,270,0.5,0.16198428998152528,0.08870433572591319
omitted,selection,forward,retrieval,single,0.5,57,specimen_57,40,270,1.0,0.16381866324263597,0.03646867480506266
omitted,selection,forward,retrieval,single,0.5,57,specimen_57,40,315,0.5,0.13323167121629917,0.09836344187726187
omitted,selection,forward,retrieval,single,0.5,57,specimen_57,40,315,1.0,0.13549792948389436,0.009451392214923748
omitted,selection,forward,retrieval,single,0.5,57,specimen_57,60,0,0.5,0.13706789674969197,0.017448374065152983
omitted,selection,forward,retrieval,single,0.5,57,specimen_57,60,0,1.0,0.14261971541764698,0.016043617305532
omitted,selection,forward,retrieval,single,0.5,57,specimen_57,60,45,0.5,0.17454222461488156,0.21208592049894825
omitted,selection,forward,retrieval,single,0.5,57,specimen_57,60,45,1.0,0.193058585375422,0.21112668734301288
omitted,selection,forward,retrieval,single,0.5,57,specimen_57,60,90,0.5,0.1229531357499543,0.1560486527753726
omitted,selection,forward,retrieval,single,0.5,57,specimen_57,60,90,1.0,0.14266469572436555,0.17494234223062466
omitted,selection,forward,retrieval,single,0.5,57,specimen_57,60,135,0.5,0.16955304031229082,0.1025585856528366
omitted,selection,forward,retrieval,single,0.5,57,specimen_57,60,135,1.0,0.22817282432478447,0.05251372654536324
omitted,selection,forward,retrieval,single,0.5,57,specimen_57,60,180,0.5,0.1891838714031231,0.01900986275432015
omitted,selection,forward,retrieval,single,0.5,57,specimen_57,60,180,1.0,0.15526454452516572,0.01762470221895346
omitted,selection,forward,retrieval,single,0.5,57,specimen_57,60,225,0.5,0.21334204053356368,0.5576118049127392
omitted,selection,forward,retrieval,single,0.5,57,specimen_57,60,225,1.0,0.19435859681818143,0.4758457883146414
omitted,selection,forward,retrieval,single,0.5,57,specimen_57,60,270,0.5,0.10662133064479068,0.14468644644732964
omitted,selection,forward,retrieval,single,0.5,57,specimen_57,60,270,1.0,0.1299675774254153,0.11233221158306317
omitted,selection,forward,retrieval,single,0.5,57,specimen_57,60,315,0.5,0.1725071071868395,0.4614105645619113
omitted,selection,forward,retrieval,single,0.5,57,specimen_57,60,315,1.0,0.15862253618116004,0.3024667102934395
omitted,selection,forward,speed_rescaling,direction,0.5,10,specimen_10,20,0,1.0,0.3052165912719255,0.28477829164189167
omitted,selection,forward,speed_rescaling,direction,0.5,10,specimen_10,20,45,0.5,0.426496349889411,0.1206984346039619
omitted,selection,forward,speed_rescaling,direction,0.5,10,specimen_10,20,45,1.0,0.4560662272828146,0.021490919631336647
omitted,selection,forward,speed_rescaling,direction,0.5,10,specimen_10,20,90,0.5,0.46924445860333774,1.0171352269762444
omitted,selection,forward,speed_rescaling,direction,0.5,10,specimen_10,20,90,1.0,0.5403359598179539,1.3057645511835378
omitted,selection,forward,speed_rescaling,direction,0.5,10,specimen_10,20,135,0.5,0.5541997785777745,1.0612286531601083
omitted,selection,forward,speed_rescaling,direction,0.5,10,specimen_10,20,135,1.0,0.5533312415728641,1.4037032607009508
omitted,selection,forward,speed_rescaling,direction,0.5,10,specimen_10,20,180,0.5,0.7259559720320824,1.4289305587012582
omitted,selection,forward,speed_rescaling,direction,0.5,10,specimen_10,20,180,1.0,0.6563325267146853,1.6753814839583574
omitted,selection,forward,speed_rescaling,direction,0.5,10,specimen_10,20,225,0.5,0.396470876146742,0.12168418532457548
omitted,selection,forward,speed_rescaling,direction,0.5,10,specimen_10,20,225,1.0,0.42064645189255034,0.017925356363863387
omitted,selection,forward,speed_rescaling,direction,0.5,10,specimen_10,20,270,0.5,0.5251066821077853,0.07698700163444361
omitted,selection,forward,speed_rescaling,direction,0.5,10,specimen_10,20,270,1.0,0.614308108793104,0.2053223755642819
omitted,selection,forward,speed_rescaling,direction,0.5,10,specimen_10,20,315,0.5,0.42040998347670416,0.19421543214910264
omitted,selection,forward,speed_rescaling,direction,0.5,10,specimen_10,20,315,1.0,0.43625011246841083,0.2789347714559156
omitted,selection,forward,speed_rescaling,direction,0.5,10,specimen_10,40,45,0.5,0.44853631841517233,0.5001934818959243
omitted,selection,forward,speed_rescaling,direction,0.5,10,specimen_10,40,45,1.0,0.4885111397047343,0.29370884523563257
omitted,selection,forward,speed_rescaling,direction,0.5,10,specimen_10,40,90,1.0,0.14590205796147995,0.4472292809175529
omitted,selection,forward,speed_rescaling,direction,0.5,10,specimen_10,40,135,0.5,0.4912693133532433,0.5893416273917387
omitted,selection,forward,speed_rescaling,direction,0.5,10,specimen_10,40,135,1.0,0.4723798566015103,1.0408161251903887
omitted,selection,forward,speed_rescaling,direction,0.5,10,specimen_10,40,180,0.5,0.7906789603744043,1.619237220957163
omitted,selection,forward,speed_rescaling,direction,0.5,10,specimen_10,40,180,1.0,0.7987739053268509,1.902021304462549
omitted,selection,forward,speed_rescaling,direction,0.5,10,specimen_10,40,225,0.5,0.5259534817117935,0.5981706146956304
omitted,selection,forward,speed_rescaling,direction,0.5,10,specimen_10,40,225,1.0,0.496429047329458,0.22669673968894333
omitted,selection,forward,speed_rescaling,direction,0.5,10,specimen_10,40,270,0.5,0.704282770845253,1.2482810911281792
omitted,selection,forward,speed_rescaling,direction,0.5,10,specimen_10,40,270,1.0,0.7789723343449387,0.49256263403937905
omitted,selection,forward,speed_rescaling,direction,0.5,10,specimen_10,40,315,0.5,0.5558711814248235,0.6361446109190475
omitted,selection,forward,speed_rescaling,direction,0.5,10,specimen_10,40,315,1.0,0.5128372128271631,0.6659653525862997
omitted,selection,forward,speed_rescaling,direction,0.5,10,specimen_10,60,0,0.5,0.3031879217729411,0.008880180870226684
omitted,selection,forward,speed_rescaling,direction,0.5,10,specimen_10,60,0,1.0,0.32612937199424014,0.04291019734652979
omitted,selection,forward,speed_rescaling,direction,0.5,10,specimen_10,60,45,0.5,0.7111554860864754,0.9542789440375891
omitted,selection,forward,speed_rescaling,direction,0.5,10,specimen_10,60,45,1.0,0.7154682883242461,0.8772762805392335
omitted,selection,forward,speed_rescaling,direction,0.5,10,specimen_10,60,90,0.5,0.6388347777431432,0.7463101679814523
omitted,selection,forward,speed_rescaling,direction,0.5,10,specimen_10,60,90,1.0,0.668934839101083,0.8924760782547212
omitted,selection,forward,speed_rescaling,direction,0.5,10,specimen_10,60,135,0.5,0.6930783529839277,0.39931690930810015
omitted,selection,forward,speed_rescaling,direction,0.5,10,specimen_10,60,135,1.0,0.6877027640823546,1.0805132789058205
omitted,selection,forward,speed_rescaling,direction,0.5,10,specimen_10,60,180,0.5,0.9817872070588981,1.8059139294816242
omitted,selection,forward,speed_rescaling,direction,0.5,10,specimen_10,60,180,1.0,0.9848302419173366,1.9864695804540824
omitted,selection,forward,speed_rescaling,direction,0.5,10,specimen_10,60,225,0.5,0.666742061828812,0.9823723898446984
omitted,selection,forward,speed_rescaling,direction,0.5,10,specimen_10,60,225,1.0,0.6254831054557106,0.7028887220992696
omitted,selection,forward,speed_rescaling,direction,0.5,10,specimen_10,60,270,0.5,0.8968738798042045,1.1646563778018848
omitted,selection,forward,speed_rescaling,direction,0.5,10,specimen_10,60,270,1.0,0.8513513366677187,0.7195843085900114
omitted,selection,forward,speed_rescaling,direction,0.5,10,specimen_10,60,315,0.5,0.7054734872533097,0.7305034254694353
omitted,selection,forward,speed_rescaling,direction,0.5,10,specimen_10,60,315,1.0,0.6603979602037969,0.8654951264831804
omitted,selection,forward,speed_rescaling,direction,0.5,57,specimen_57,20,0,1.0,0.26609081509719174,0.09590944397632062
omitted,selection,forward,speed_rescaling,direction,0.5,57,specimen_57,20,45,0.5,0.4901241268312764,0.4420612073615553
omitted,selection,forward,speed_rescaling,direction,0.5,57,specimen_57,20,45,1.0,0.45582261587781053,0.3755735348173024
omitted,selection,forward,speed_rescaling,direction,0.5,57,specimen_57,20,90,0.5,0.44332028407634433,0.9704546770998882
omitted,selection,forward,speed_rescaling,direction,0.5,57,specimen_57,20,90,1.0,0.5282218778898398,1.3413243795502452
omitted,selection,forward,speed_rescaling,direction,0.5,57,specimen_57,20,135,0.5,0.5409790449856194,0.9991870670592373
omitted,selection,forward,speed_rescaling,direction,0.5,57,specimen_57,20,135,1.0,0.5311708334404691,1.3595513557986272
omitted,selection,forward,speed_rescaling,direction,0.5,57,specimen_57,20,180,0.5,0.5747926078434291,1.4035165234319054
omitted,selection,forward,speed_rescaling,direction,0.5,57,specimen_57,20,180,1.0,0.5853566459146863,1.721052351128
omitted,selection,forward,speed_rescaling,direction,0.5,57,specimen_57,20,225,0.5,0.4617964081998534,0.36152714534171304
omitted,selection,forward,speed_rescaling,direction,0.5,57,specimen_57,20,225,1.0,0.42289595191825163,0.29649989930322396
omitted,selection,forward,speed_rescaling,direction,0.5,57,specimen_57,20,270,0.5,0.44835239231218366,0.4081450483155932
omitted,selection,forward,speed_rescaling,direction,0.5,57,specimen_57,20,270,1.0,0.4054780331181873,0.1667854100195365
omitted,selection,forward,speed_rescaling,direction,0.5,57,specimen_57,20,315,0.5,0.46354971285577345,0.41018525103582715
omitted,selection,forward,speed_rescaling,direction,0.5,57,specimen_57,20,315,1.0,0.43085676142777735,0.2793407723402035
omitted,selection,forward,speed_rescaling,direction,0.5,57,specimen_57,40,45,0.5,0.5558960999699003,0.6895163703869722
omitted,selection,forward,speed_rescaling,direction,0.5,57,specimen_57,40,45,1.0,0.514084135803598,0.5446192644488282
omitted,selection,forward,speed_rescaling,direction,0.5,57,specimen_57,40,90,1.0,0.20450833113301434,0.4710112765923562
omitted,selection,forward,speed_rescaling,direction,0.5,57,specimen_57,40,135,0.5,0.54037280325607,0.6733881233247696
omitted,selection,forward,speed_rescaling,direction,0.5,57,specimen_57,40,135,1.0,0.6801440851637303,1.1908274820515268
omitted,selection,forward,speed_rescaling,direction,0.5,57,specimen_57,40,180,0.5,0.8275190064937622,1.6335883269224147
omitted,selection,forward,speed_rescaling,direction,0.5,57,specimen_57,40,180,1.0,0.9081831499910934,2.1046514420972304
omitted,selection,forward,speed_rescaling,direction,0.5,57,specimen_57,40,225,0.5,0.5479322063625253,0.7956343965389585
omitted,selection,forward,speed_rescaling,direction,0.5,57,specimen_57,40,225,1.0,0.5400559381296016,0.6594428891763984
omitted,selection,forward,speed_rescaling,direction,0.5,57,specimen_57,40,270,0.5,0.8159141270189028,1.9551757295681276
omitted,selection,forward,speed_rescaling,direction,0.5,57,specimen_57,40,270,1.0,0.7155156835871308,1.815087763292169
omitted,selection,forward,speed_rescaling,direction,0.5,57,specimen_57,40,315,0.5,0.5718044158573826,1.9524553503798716
omitted,selection,forward,speed_rescaling,direction,0.5,57,specimen_57,40,315,1.0,0.5082857337852467,1.654879096888876
omitted,selection,forward,speed_rescaling,direction,0.5,57,specimen_57,60,0,0.5,0.33475523156511783,0.007653752114903822
omitted,selection,forward,speed_rescaling,direction,0.5,57,specimen_57,60,0,1.0,0.361160221230145,0.07680528274296783
omitted,selection,forward,speed_rescaling,direction,0.5,57,specimen_57,60,45,0.5,0.8379157204799516,1.468517629325429
omitted,selection,forward,speed_rescaling,direction,0.5,57,specimen_57,60,45,1.0,0.7484360585842724,1.2764090890721547
omitted,selection,forward,speed_rescaling,direction,0.5,57,specimen_57,60,90,0.5,0.6813319808107767,0.3103075955006849
omitted,selection,forward,speed_rescaling,direction,0.5,57,specimen_57,60,90,1.0,0.7815598778227422,0.7823935829312318
omitted,selection,forward,speed_rescaling,direction,0.5,57,specimen_57,60,135,0.5,0.8144457181376431,0.09741718982986969
omitted,selection,forward,speed_rescaling,direction,0.5,57,specimen_57,60,135,1.0,0.8630227684343295,0.6582524226752486
omitted,selection,forward,speed_rescaling,direction,0.5,57,specimen_57,60,180,0.5,1.1886274327377617,1.9838139521045446
omitted,selection,forward,speed_rescaling,direction,0.5,57,specimen_57,60,180,1.0,1.241471364462027,2.39680132656273
omitted,selection,forward,speed_rescaling,direction,0.5,57,specimen_57,60,225,0.5,0.7269489767968048,1.292720765968244
omitted,selection,forward,speed_rescaling,direction,0.5,57,specimen_57,60,225,1.0,0.6898202081290373,1.2298072508035314
omitted,selection,forward,speed_rescaling,direction,0.5,57,specimen_57,60,270,0.5,0.8047665910278847,1.7906581486699302
omitted,selection,forward,speed_rescaling,direction,0.5,57,specimen_57,60,270,1.0,0.712784917264607,1.6098880209902742
omitted,selection,forward,speed_rescaling,direction,0.5,57,specimen_57,60,315,0.5,0.7490588446355425,1.6402119402410071
omitted,selection,forward,speed_rescaling,direction,0.5,57,specimen_57,60,315,1.0,0.6996821160941146,1.8829257390885188
omitted,selection,forward,speed_rescaling,repeat,0.5,10,specimen_10,20,0,1.0,0.3052165912719255,0.28477829164189167
omitted,selection,forward,speed_rescaling,repeat,0.5,10,specimen_10,20,45,0.5,0.426496349889411,0.1206984346039619
omitted,selection,forward,speed_rescaling,repeat,0.5,10,specimen_10,20,45,1.0,0.4560662272828146,0.021490919631336647
omitted,selection,forward,speed_rescaling,repeat,0.5,10,specimen_10,20,90,0.5,0.5512025182344412,0.14465450208085628
omitted,selection,forward,speed_rescaling,repeat,0.5,10,specimen_10,20,90,1.0,0.5785143242033803,0.09815519923986682
omitted,selection,forward,speed_rescaling,repeat,0.5,10,specimen_10,20,135,0.5,0.4353493894206855,0.10056107589699237
omitted,selection,forward,speed_rescaling,repeat,0.5,10,specimen_10,20,135,1.0,0.4388926341908251,0.00021648972245380538
omitted,selection,forward,speed_rescaling,repeat,0.5,10,specimen_10,20,180,0.5,0.37356590917558213,0.2671408296441576
omitted,selection,forward,speed_rescaling,repeat,0.5,10,specimen_10,20,180,1.0,0.33246549557595384,0.2714617335349527
omitted,selection,forward,speed_rescaling,repeat,0.5,10,specimen_10,20,225,0.5,0.396470876146742,0.12168418532457548
omitted,selection,forward,speed_rescaling,repeat,0.5,10,specimen_10,20,225,1.0,0.42064645189255034,0.017925356363863387
omitted,selection,forward,speed_rescaling,repeat,0.5,10,specimen_10,20,270,0.5,0.5251066821077853,0.07698700163444361
omitted,selection,forward,speed_rescaling,repeat,0.5,10,specimen_10,20,270,1.0,0.614308108793104,0.2053223755642819
omitted,selection,forward,speed_rescaling,repeat,0.5,10,specimen_10,20,315,0.5,0.42040998347670416,0.19421543214910264
omitted,selection,forward,speed_rescaling,repeat,0.5,10,specimen_10,20,315,1.0,0.43625011246841083,0.2789347714559156
omitted,selection,forward,speed_rescaling,repeat,0.5,10,specimen_10,40,45,0.5,0.44853631841517233,0.5001934818959243
omitted,selection,forward,speed_rescaling,repeat,0.5,10,specimen_10,40,45,1.0,0.4885111397047343,0.29370884523563257
omitted,selection,forward,speed_rescaling,repeat,0.5,10,specimen_10,40,90,1.0,0.6725734818285147,1.3179401265415804
omitted,selection,forward,speed_rescaling,repeat,0.5,10,specimen_10,40,135,0.5,0.5033519800230813,0.8713940642411678
omitted,selection,forward,speed_rescaling,repeat,0.5,10,specimen_10,40,135,1.0,0.4970376754592019,0.7243532822687445
omitted,selection,forward,speed_rescaling,repeat,0.5,10,specimen_10,40,180,0.5,0.3063408745235928,0.15850152932425654
omitted,selection,forward,speed_rescaling,repeat,0.5,10,specimen_10,40,180,1.0,0.28256334174692843,0.1368518970034156
omitted,selection,forward,speed_rescaling,repeat,0.5,10,specimen_10,40,225,0.5,0.5259534817117935,0.5981706146956304
omitted,selection,forward,speed_rescaling,repeat,0.5,10,specimen_10,40,225,1.0,0.496429047329458,0.22669673968894333
omitted,selection,forward,speed_rescaling,repeat,0.5,10,specimen_10,40,270,0.5,0.704282770845253,1.2482810911281792
omitted,selection,forward,speed_rescaling,repeat,0.5,10,specimen_10,40,270,1.0,0.7789723343449387,0.49256263403937905
omitted,selection,forward,speed_rescaling,repeat,0.5,10,specimen_10,40,315,0.5,0.5558711814248235,0.6361446109190475
omitted,selection,forward,speed_rescaling,repeat,0.5,10,specimen_10,40,315,1.0,0.5128372128271631,0.6659653525862997
omitted,selection,forward,speed_rescaling,repeat,0.5,10,specimen_10,60,0,0.5,0.3031879217729411,0.008880180870226684
omitted,selection,forward,speed_rescaling,repeat,0.5,10,specimen_10,60,0,1.0,0.32612937199424014,0.04291019734652979
omitted,selection,forward,speed_rescaling,repeat,0.5,10,specimen_10,60,45,0.5,0.7111554860864754,0.9542789440375891
omitted,selection,forward,speed_rescaling,repeat,0.5,10,specimen_10,60,45,1.0,0.7154682883242461,0.8772762805392335
omitted,selection,forward,speed_rescaling,repeat,0.5,10,specimen_10,60,90,0.5,0.8636178806444873,0.8972738270082311
omitted,selection,forward,speed_rescaling,repeat,0.5,10,specimen_10,60,90,1.0,0.8664414925495786,1.0936492715695838
omitted,selection,forward,speed_rescaling,repeat,0.5,10,specimen_10,60,135,0.5,0.7140297229114614,1.2442670856815834
omitted,selection,forward,speed_rescaling,repeat,0.5,10,specimen_10,60,135,1.0,0.6525298727416015,0.9056120709184844
omitted,selection,forward,speed_rescaling,repeat,0.5,10,specimen_10,60,180,0.5,0.4187982659078575,0.16232993449194077
omitted,selection,forward,speed_rescaling,repeat,0.5,10,specimen_10,60,180,1.0,0.38578240042940576,0.00034423062977750885
omitted,selection,forward,speed_rescaling,repeat,0.5,10,specimen_10,60,225,0.5,0.666742061828812,0.9823723898446984
omitted,selection,forward,speed_rescaling,repeat,0.5,10,specimen_10,60,225,1.0,0.6254831054557106,0.7028887220992696
omitted,selection,forward,speed_rescaling,repeat,0.5,10,specimen_10,60,270,0.5,0.8968738798042045,1.1646563778018848
omitted,selection,forward,speed_rescaling,repeat,0.5,10,specimen_10,60,270,1.0,0.8513513366677187,0.7195843085900114
omitted,selection,forward,speed_rescaling,repeat,0.5,10,specimen_10,60,315,0.5,0.7054734872533097,0.7305034254694353
omitted,selection,forward,speed_rescaling,repeat,0.5,10,specimen_10,60,315,1.0,0.6603979602037969,0.8654951264831804
omitted,selection,forward,speed_rescaling,repeat,0.5,57,specimen_57,20,0,1.0,0.26609081509719174,0.09590944397632062
omitted,selection,forward,speed_rescaling,repeat,0.5,57,specimen_57,20,45,0.5,0.4901241268312764,0.4420612073615553
omitted,selection,forward,speed_rescaling,repeat,0.5,57,specimen_57,20,45,1.0,0.45582261587781053,0.3755735348173024
omitted,selection,forward,speed_rescaling,repeat,0.5,57,specimen_57,20,90,0.5,0.46631749043018683,0.3916122156518842
omitted,selection,forward,speed_rescaling,repeat,0.5,57,specimen_57,20,90,1.0,0.47137315721476875,0.304612543720718
omitted,selection,forward,speed_rescaling,repeat,0.5,57,specimen_57,20,135,0.5,0.5118264263262677,0.3628798256925351
omitted,selection,forward,speed_rescaling,repeat,0.5,57,specimen_57,20,135,1.0,0.42681292929146597,0.286385567472336
omitted,selection,forward,speed_rescaling,repeat,0.5,57,specimen_57,20,180,0.5,0.29934519818420574,0.041449630680132965
omitted,selection,forward,speed_rescaling,repeat,0.5,57,specimen_57,20,180,1.0,0.2708423503917639,0.07511542785703673
omitted,selection,forward,speed_rescaling,repeat,0.5,57,specimen_57,20,225,0.5,0.4617964081998534,0.36152714534171304
omitted,selection,forward,speed_rescaling,repeat,0.5,57,specimen_57,20,225,1.0,0.42289595191825163,0.29649989930322396
omitted,selection,forward,speed_rescaling,repeat,0.5,57,specimen_57,20,270,0.5,0.44835239231218366,0.4081450483155932
omitted,selection,forward,speed_rescaling,repeat,0.5,57,specimen_57,20,270,1.0,0.4054780331181873,0.1667854100195365
omitted,selection,forward,speed_rescaling,repeat,0.5,57,specimen_57,20,315,0.5,0.46354971285577345,0.41018525103582715
omitted,selection,forward,speed_rescaling,repeat,0.5,57,specimen_57,20,315,1.0,0.43085676142777735,0.2793407723402035
omitted,selection,forward,speed_rescaling,repeat,0.5,57,specimen_57,40,45,0.5,0.5558960999699003,0.6895163703869722
omitted,selection,forward,speed_rescaling,repeat,0.5,57,specimen_57,40,45,1.0,0.514084135803598,0.5446192644488282
omitted,selection,forward,speed_rescaling,repeat,0.5,57,specimen_57,40,90,1.0,0.7977492501144857,1.640611941567192
omitted,selection,forward,speed_rescaling,repeat,0.5,57,specimen_57,40,135,0.5,0.6092082256337563,1.0740494818206756
omitted,selection,forward,speed_rescaling,repeat,0.5,57,specimen_57,40,135,1.0,0.5650465053430175,0.9207957361080215
omitted,selection,forward,speed_rescaling,repeat,0.5,57,specimen_57,40,180,0.5,0.2817411234821315,0.11384927822303054
omitted,selection,forward,speed_rescaling,repeat,0.5,57,specimen_57,40,180,1.0,0.2765081227292052,0.006971776062317581
omitted,selection,forward,speed_rescaling,repeat,0.5,57,specimen_57,40,225,0.5,0.5479322063625253,0.7956343965389585
omitted,selection,forward,speed_rescaling,repeat,0.5,57,specimen_57,40,225,1.0,0.5400559381296016,0.6594428891763984
omitted,selection,forward,speed_rescaling,repeat,0.5,57,specimen_57,40,270,0.5,0.8159141270189028,1.9551757295681276
omitted,selection,forward,speed_rescaling,repeat,0.5,57,specimen_57,40,270,1.0,0.7155156835871308,1.815087763292169
omitted,selection,forward,speed_rescaling,repeat,0.5,57,specimen_57,40,315,0.5,0.5718044158573826,1.9524553503798716
omitted,selection,forward,speed_rescaling,repeat,0.5,57,specimen_57,40,315,1.0,0.5082857337852467,1.654879096888876
omitted,selection,forward,speed_rescaling,repeat,0.5,57,specimen_57,60,0,0.5,0.33475523156511783,0.007653752114903822
omitted,selection,forward,speed_rescaling,repeat,0.5,57,specimen_57,60,0,1.0,0.361160221230145,0.07680528274296783
omitted,selection,forward,speed_rescaling,repeat,0.5,57,specimen_57,60,45,0.5,0.8379157204799516,1.468517629325429
omitted,selection,forward,speed_rescaling,repeat,0.5,57,specimen_57,60,45,1.0,0.7484360585842724,1.2764090890721547
omitted,selection,forward,speed_rescaling,repeat,0.5,57,specimen_57,60,90,0.5,0.917217934547827,1.6505202746818555
omitted,selection,forward,speed_rescaling,repeat,0.5,57,specimen_57,60,90,1.0,0.8427733277522261,1.587092826940987
omitted,selection,forward,speed_rescaling,repeat,0.5,57,specimen_57,60,135,0.5,0.8379354898428574,1.8634106803526707
omitted,selection,forward,speed_rescaling,repeat,0.5,57,specimen_57,60,135,1.0,0.7766165373922919,1.7112339871969702
omitted,selection,forward,speed_rescaling,repeat,0.5,57,specimen_57,60,180,0.5,0.3595481379161858,0.02298608192200413
omitted,selection,forward,speed_rescaling,repeat,0.5,57,specimen_57,60,180,1.0,0.38859993534763876,0.027314916690511504
omitted,selection,forward,speed_rescaling,repeat,0.5,57,specimen_57,60,225,0.5,0.7269489767968048,1.292720765968244
omitted,selection,forward,speed_rescaling,repeat,0.5,57,specimen_57,60,225,1.0,0.6898202081290373,1.2298072508035314
omitted,selection,forward,speed_rescaling,repeat,0.5,57,specimen_57,60,270,0.5,0.8047665910278847,1.7906581486699302
omitted,selection,forward,speed_rescaling,repeat,0.5,57,specimen_57,60,270,1.0,0.712784917264607,1.6098880209902742
omitted,selection,forward,speed_rescaling,repeat,0.5,57,specimen_57,60,315,0.5,0.7490588446355425,1.6402119402410071
omitted,selection,forward,speed_rescaling,repeat,0.5,57,specimen_57,60,315,1.0,0.6996821160941146,1.8829257390885188
omitted,selection,forward,speed_rescaling,single,0.5,10,specimen_10,20,0,1.0,0.3052165912719255,0.28477829164189167
omitted,selection,forward,speed_rescaling,single,0.5,10,specimen_10,20,45,0.5,0.426496349889411,0.1206984346039619
omitted,selection,forward,speed_rescaling,single,0.5,10,specimen_10,20,45,1.0,0.4560662272828146,0.021490919631336647
omitted,selection,forward,speed_rescaling,single,0.5,10,specimen_10,20,90,0.5,0.5512025182344412,0.14465450208085628
omitted,selection,forward,speed_rescaling,single,0.5,10,specimen_10,20,90,1.0,0.5785143242033803,0.09815519923986682
omitted,selection,forward,speed_rescaling,single,0.5,10,specimen_10,20,135,0.5,0.4353493894206855,0.10056107589699237
omitted,selection,forward,speed_rescaling,single,0.5,10,specimen_10,20,135,1.0,0.4388926341908251,0.00021648972245380538
omitted,selection,forward,speed_rescaling,single,0.5,10,specimen_10,20,180,0.5,0.37356590917558213,0.2671408296441576
omitted,selection,forward,speed_rescaling,single,0.5,10,specimen_10,20,180,1.0,0.33246549557595384,0.2714617335349527
omitted,selection,forward,speed_rescaling,single,0.5,10,specimen_10,20,225,0.5,0.396470876146742,0.12168418532457548
omitted,selection,forward,speed_rescaling,single,0.5,10,specimen_10,20,225,1.0,0.42064645189255034,0.017925356363863387
omitted,selection,forward,speed_rescaling,single,0.5,10,specimen_10,20,270,0.5,0.5251066821077853,0.07698700163444361
omitted,selection,forward,speed_rescaling,single,0.5,10,specimen_10,20,270,1.0,0.614308108793104,0.2053223755642819
omitted,selection,forward,speed_rescaling,single,0.5,10,specimen_10,20,315,0.5,0.42040998347670416,0.19421543214910264
omitted,selection,forward,speed_rescaling,single,0.5,10,specimen_10,20,315,1.0,0.43625011246841083,0.2789347714559156
omitted,selection,forward,speed_rescaling,single,0.5,10,specimen_10,40,45,0.5,0.44853631841517233,0.5001934818959243
omitted,selection,forward,speed_rescaling,single,0.5,10,specimen_10,40,45,1.0,0.4885111397047343,0.29370884523563257
omitted,selection,forward,speed_rescaling,single,0.5,10,specimen_10,40,90,1.0,0.6725734818285147,1.3179401265415804
omitted,selection,forward,speed_rescaling,single,0.5,10,specimen_10,40,135,0.5,0.5033519800230813,0.8713940642411678
omitted,selection,forward,speed_rescaling,single,0.5,10,specimen_10,40,135,1.0,0.4970376754592019,0.7243532822687445
omitted,selection,forward,speed_rescaling,single,0.5,10,specimen_10,40,180,0.5,0.3063408745235928,0.15850152932425654
omitted,selection,forward,speed_rescaling,single,0.5,10,specimen_10,40,180,1.0,0.28256334174692843,0.1368518970034156
omitted,selection,forward,speed_rescaling,single,0.5,10,specimen_10,40,225,0.5,0.5259534817117935,0.5981706146956304
omitted,selection,forward,speed_rescaling,single,0.5,10,specimen_10,40,225,1.0,0.496429047329458,0.22669673968894333
omitted,selection,forward,speed_rescaling,single,0.5,10,specimen_10,40,270,0.5,0.704282770845253,1.2482810911281792
omitted,selection,forward,speed_rescaling,single,0.5,10,specimen_10,40,270,1.0,0.7789723343449387,0.49256263403937905
omitted,selection,forward,speed_rescaling,single,0.5,10,specimen_10,40,315,0.5,0.5558711814248235,0.6361446109190475
omitted,selection,forward,speed_rescaling,single,0.5,10,specimen_10,40,315,1.0,0.5128372128271631,0.6659653525862997
omitted,selection,forward,speed_rescaling,single,0.5,10,specimen_10,60,0,0.5,0.3031879217729411,0.008880180870226684
omitted,selection,forward,speed_rescaling,single,0.5,10,specimen_10,60,0,1.0,0.32612937199424014,0.04291019734652979
omitted,selection,forward,speed_rescaling,single,0.5,10,specimen_10,60,45,0.5,0.7111554860864754,0.9542789440375891
omitted,selection,forward,speed_rescaling,single,0.5,10,specimen_10,60,45,1.0,0.7154682883242461,0.8772762805392335
omitted,selection,forward,speed_rescaling,single,0.5,10,specimen_10,60,90,0.5,0.8636178806444873,0.8972738270082311
omitted,selection,forward,speed_rescaling,single,0.5,10,specimen_10,60,90,1.0,0.8664414925495786,1.0936492715695838
omitted,selection,forward,speed_rescaling,single,0.5,10,specimen_10,60,135,0.5,0.7140297229114614,1.2442670856815834
omitted,selection,forward,speed_rescaling,single,0.5,10,specimen_10,60,135,1.0,0.6525298727416015,0.9056120709184844
omitted,selection,forward,speed_rescaling,single,0.5,10,specimen_10,60,180,0.5,0.4187982659078575,0.16232993449194077
omitted,selection,forward,speed_rescaling,single,0.5,10,specimen_10,60,180,1.0,0.38578240042940576,0.00034423062977750885
omitted,selection,forward,speed_rescaling,single,0.5,10,specimen_10,60,225,0.5,0.666742061828812,0.9823723898446984
omitted,selection,forward,speed_rescaling,single,0.5,10,specimen_10,60,225,1.0,0.6254831054557106,0.7028887220992696
omitted,selection,forward,speed_rescaling,single,0.5,10,specimen_10,60,270,0.5,0.8968738798042045,1.1646563778018848
omitted,selection,forward,speed_rescaling,single,0.5,10,specimen_10,60,270,1.0,0.8513513366677187,0.7195843085900114
omitted,selection,forward,speed_rescaling,single,0.5,10,specimen_10,60,315,0.5,0.7054734872533097,0.7305034254694353
omitted,selection,forward,speed_rescaling,single,0.5,10,specimen_10,60,315,1.0,0.6603979602037969,0.8654951264831804
omitted,selection,forward,speed_rescaling,single,0.5,57,specimen_57,20,0,1.0,0.26609081509719174,0.09590944397632062
omitted,selection,forward,speed_rescaling,single,0.5,57,specimen_57,20,45,0.5,0.4901241268312764,0.4420612073615553
omitted,selection,forward,speed_rescaling,single,0.5,57,specimen_57,20,45,1.0,0.45582261587781053,0.3755735348173024
omitted,selection,forward,speed_rescaling,single,0.5,57,specimen_57,20,90,0.5,0.46631749043018683,0.3916122156518842
omitted,selection,forward,speed_rescaling,single,0.5,57,specimen_57,20,90,1.0,0.47137315721476875,0.304612543720718
omitted,selection,forward,speed_rescaling,single,0.5,57,specimen_57,20,135,0.5,0.5118264263262677,0.3628798256925351
omitted,selection,forward,speed_rescaling,single,0.5,57,specimen_57,20,135,1.0,0.42681292929146597,0.286385567472336
omitted,selection,forward,speed_rescaling,single,0.5,57,specimen_57,20,180,0.5,0.29934519818420574,0.041449630680132965
omitted,selection,forward,speed_rescaling,single,0.5,57,specimen_57,20,180,1.0,0.2708423503917639,0.07511542785703673
omitted,selection,forward,speed_rescaling,single,0.5,57,specimen_57,20,225,0.5,0.4617964081998534,0.36152714534171304
omitted,selection,forward,speed_rescaling,single,0.5,57,specimen_57,20,225,1.0,0.42289595191825163,0.29649989930322396
omitted,selection,forward,speed_rescaling,single,0.5,57,specimen_57,20,270,0.5,0.44835239231218366,0.4081450483155932
omitted,selection,forward,speed_rescaling,single,0.5,57,specimen_57,20,270,1.0,0.4054780331181873,0.1667854100195365
omitted,selection,forward,speed_rescaling,single,0.5,57,specimen_57,20,315,0.5,0.46354971285577345,0.41018525103582715
omitted,selection,forward,speed_rescaling,single,0.5,57,specimen_57,20,315,1.0,0.43085676142777735,0.2793407723402035
omitted,selection,forward,speed_rescaling,single,0.5,57,specimen_57,40,45,0.5,0.5558960999699003,0.6895163703869722
omitted,selection,forward,speed_rescaling,single,0.5,57,specimen_57,40,45,1.0,0.514084135803598,0.5446192644488282
omitted,selection,forward,speed_rescaling,single,0.5,57,specimen_57,40,90,1.0,0.7977492501144857,1.640611941567192
omitted,selection,forward,speed_rescaling,single,0.5,57,specimen_57,40,135,0.5,0.6092082256337563,1.0740494818206756
omitted,selection,forward,speed_rescaling,single,0.5,57,specimen_57,40,135,1.0,0.5650465053430175,0.9207957361080215
omitted,selection,forward,speed_rescaling,single,0.5,57,specimen_57,40,180,0.5,0.2817411234821315,0.11384927822303054
omitted,selection,forward,speed_rescaling,single,0.5,57,specimen_57,40,180,1.0,0.2765081227292052,0.006971776062317581
omitted,selection,forward,speed_rescaling,single,0.5,57,specimen_57,40,225,0.5,0.5479322063625253,0.7956343965389585
omitted,selection,forward,speed_rescaling,single,0.5,57,specimen_57,40,225,1.0,0.5400559381296016,0.6594428891763984
omitted,selection,forward,speed_rescaling,single,0.5,57,specimen_57,40,270,0.5,0.8159141270189028,1.9551757295681276
omitted,selection,forward,speed_rescaling,single,0.5,57,specimen_57,40,270,1.0,0.7155156835871308,1.815087763292169
omitted,selection,forward,speed_rescaling,single,0.5,57,specimen_57,40,315,0.5,0.5718044158573826,1.9524553503798716
omitted,selection,forward,speed_rescaling,single,0.5,57,specimen_57,40,315,1.0,0.5082857337852467,1.654879096888876
omitted,selection,forward,speed_rescaling,single,0.5,57,specimen_57,60,0,0.5,0.33475523156511783,0.007653752114903822
omitted,selection,forward,speed_rescaling,single,0.5,57,specimen_57,60,0,1.0,0.361160221230145,0.07680528274296783
omitted,selection,forward,speed_rescaling,single,0.5,57,specimen_57,60,45,0.5,0.8379157204799516,1.468517629325429
omitted,selection,forward,speed_rescaling,single,0.5,57,specimen_57,60,45,1.0,0.7484360585842724,1.2764090890721547
omitted,selection,forward,speed_rescaling,single,0.5,57,specimen_57,60,90,0.5,0.917217934547827,1.6505202746818555
omitted,selection,forward,speed_rescaling,single,0.5,57,specimen_57,60,90,1.0,0.8427733277522261,1.587092826940987
omitted,selection,forward,speed_rescaling,single,0.5,57,specimen_57,60,135,0.5,0.8379354898428574,1.8634106803526707
omitted,selection,forward,speed_rescaling,single,0.5,57,specimen_57,60,135,1.0,0.7766165373922919,1.7112339871969702
omitted,selection,forward,speed_rescaling,single,0.5,57,specimen_57,60,180,0.5,0.3595481379161858,0.02298608192200413
omitted,selection,forward,speed_rescaling,single,0.5,57,specimen_57,60,180,1.0,0.38859993534763876,0.027314916690511504
omitted,selection,forward,speed_rescaling,single,0.5,57,specimen_57,60,225,0.5,0.7269489767968048,1.292720765968244
omitted,selection,forward,speed_rescaling,single,0.5,57,specimen_57,60,225,1.0,0.6898202081290373,1.2298072508035314
omitted,selection,forward,speed_rescaling,single,0.5,57,specimen_57,60,270,0.5,0.8047665910278847,1.7906581486699302
omitted,selection,forward,speed_rescaling,single,0.5,57,specimen_57,60,270,1.0,0.712784917264607,1.6098880209902742
omitted,selection,forward,speed_rescaling,single,0.5,57,specimen_57,60,315,0.5,0.7490588446355425,1.6402119402410071
omitted,selection,forward,speed_rescaling,single,0.5,57,specimen_57,60,315,1.0,0.6996821160941146,1.8829257390885188
omitted,selection,reverse,conditions_only,direction,0.5,10,specimen_10,20,0,1.0,0.32652230744733973,0.1776611846674041
omitted,selection,reverse,conditions_only,direction,0.5,10,specimen_10,20,45,0.5,0.1757543778154175,0.18697143645772407
omitted,selection,reverse,conditions_only,direction,0.5,10,specimen_10,20,45,1.0,0.23078046353914242,0.13672698131586458
omitted,selection,reverse,conditions_only,direction,0.5,10,specimen_10,20,90,0.5,0.371566349740955,0.15162441220709583
omitted,selection,reverse,conditions_only,direction,0.5,10,specimen_10,20,90,1.0,0.3038925307252778,0.2673826671153408
omitted,selection,reverse,conditions_only,direction,0.5,10,specimen_10,20,135,0.5,0.21815763154791265,0.24295127821979062
omitted,selection,reverse,conditions_only,direction,0.5,10,specimen_10,20,135,1.0,0.21392256077121755,0.19706139416778023
omitted,selection,reverse,conditions_only,direction,0.5,10,specimen_10,20,180,0.5,0.2872545676583575,0.04490855667864524
omitted,selection,reverse,conditions_only,direction,0.5,10,specimen_10,20,180,1.0,0.28524929603058174,0.05501089325243447
omitted,selection,reverse,conditions_only,direction,0.5,10,specimen_10,20,225,0.5,0.17608868676947678,0.2887607501160906
omitted,selection,reverse,conditions_only,direction,0.5,10,specimen_10,20,225,1.0,0.2252684309207711,0.2582751984018663
omitted,selection,reverse,conditions_only,direction,0.5,10,specimen_10,20,270,0.5,0.2915078082166651,0.23339926125745425
omitted,selection,reverse,conditions_only,direction,0.5,10,specimen_10,20,270,1.0,0.26320583479563403,0.39999753400360993
omitted,selection,reverse,conditions_only,direction,0.5,10,specimen_10,20,315,0.5,0.18958863554410285,0.3054597903561754
omitted,selection,reverse,conditions_only,direction,0.5,10,specimen_10,20,315,1.0,0.2146444394132104,0.4454776146756515
omitted,selection,reverse,conditions_only,direction,0.5,10,specimen_10,40,45,0.5,0.22501527227542373,0.4492358142646482
omitted,selection,reverse,conditions_only,direction,0.5,10,specimen_10,40,45,1.0,0.21130105803348279,0.43735736836078654
omitted,selection,reverse,conditions_only,direction,0.5,10,specimen_10,40,90,1.0,0.4610870302615637,1.565986734266549
omitted,selection,reverse,conditions_only,direction,0.5,10,specimen_10,40,135,0.5,0.3472766879527418,0.9144486655482168
omitted,selection,reverse,conditions_only,direction,0.5,10,specimen_10,40,135,1.0,0.24469387938796938,0.667081060102412
omitted,selection,reverse,conditions_only,direction,0.5,10,specimen_10,40,180,0.5,0.433981861069253,0.022185610020840518
omitted,selection,reverse,conditions_only,direction,0.5,10,specimen_10,40,180,1.0,0.4259669758862598,0.1096485328655844
omitted,selection,reverse,conditions_only,direction,0.5,10,specimen_10,40,225,0.5,0.25002751235839904,0.7265971862464774
omitted,selection,reverse,conditions_only,direction,0.5,10,specimen_10,40,225,1.0,0.25566672373556426,0.4898246299598905
omitted,selection,reverse,conditions_only,direction,0.5,10,specimen_10,40,270,0.5,0.3669209812283991,1.2513597060665695
omitted,selection,reverse,conditions_only,direction,0.5,10,specimen_10,40,270,1.0,0.36113806305735335,0.9252256964425538
omitted,selection,reverse,conditions_only,direction,0.5,10,specimen_10,40,315,0.5,0.29749605933348083,1.1979845114078296
omitted,selection,reverse,conditions_only,direction,0.5,10,specimen_10,40,315,1.0,0.30534665099370706,0.618347648650093
omitted,selection,reverse,conditions_only,direction,0.5,10,specimen_10,60,0,0.5,0.5657732270934538,0.18702182448642013
omitted,selection,reverse,conditions_only,direction,0.5,10,specimen_10,60,0,1.0,0.5031343686499709,0.07204345813909752
omitted,selection,reverse,conditions_only,direction,0.5,10,specimen_10,60,45,0.5,0.344995724355619,0.7944521642901411
omitted,selection,reverse,conditions_only,direction,0.5,10,specimen_10,60,45,1.0,0.39730019804298156,0.8996237277630085
omitted,selection,reverse,conditions_only,direction,0.5,10,specimen_10,60,90,0.5,0.41622854839865564,1.175852649844582
omitted,selection,reverse,conditions_only,direction,0.5,10,specimen_10,60,90,1.0,0.43686461368836355,1.3832344234071992
omitted,selection,reverse,conditions_only,direction,0.5,10,specimen_10,60,135,0.5,0.4704887874195817,1.1580292679456012
omitted,selection,reverse,conditions_only,direction,0.5,10,specimen_10,60,135,1.0,0.4883516425882221,1.2060099324970743
omitted,selection,reverse,conditions_only,direction,0.5,10,specimen_10,60,180,0.5,0.4632394694154189,0.108780779203831
omitted,selection,reverse,conditions_only,direction,0.5,10,specimen_10,60,180,1.0,0.4918604647327894,0.033612153604043016
omitted,selection,reverse,conditions_only,direction,0.5,10,specimen_10,60,225,0.5,0.3287057421223966,0.8927528017321217
omitted,selection,reverse,conditions_only,direction,0.5,10,specimen_10,60,225,1.0,0.3522336983922804,0.887994340797985
omitted,selection,reverse,conditions_only,direction,0.5,10,specimen_10,60,270,0.5,0.4091751268865325,1.1937242858160548
omitted,selection,reverse,conditions_only,direction,0.5,10,specimen_10,60,270,1.0,0.43072893348217495,1.0058263487158645
omitted,selection,reverse,conditions_only,direction,0.5,10,specimen_10,60,315,0.5,0.4084074302179732,0.6736967370772896
omitted,selection,reverse,conditions_only,direction,0.5,10,specimen_10,60,315,1.0,0.3847164090147155,0.8545404886818196
omitted,selection,reverse,conditions_only,direction,0.5,57,specimen_57,20,0,1.0,0.5212451914340184,0.3103966589988661
omitted,selection,reverse,conditions_only,direction,0.5,57,specimen_57,20,45,0.5,0.34873204420286186,0.1200975725387351
omitted,selection,reverse,conditions_only,direction,0.5,57,specimen_57,20,45,1.0,0.3794745312324567,0.10212948645890363
omitted,selection,reverse,conditions_only,direction,0.5,57,specimen_57,20,90,0.5,0.3841490109428782,0.1278227494089778
omitted,selection,reverse,conditions_only,direction,0.5,57,specimen_57,20,90,1.0,0.42445302192886175,0.08781568742186247
omitted,selection,reverse,conditions_only,direction,0.5,57,specimen_57,20,135,0.5,0.27785173052024453,0.14989166000609883
omitted,selection,reverse,conditions_only,direction,0.5,57,specimen_57,20,135,1.0,0.3453003042209775,0.10499056006983754
omitted,selection,reverse,conditions_only,direction,0.5,57,specimen_57,20,180,0.5,0.4682116871625632,0.22022803021215523
omitted,selection,reverse,conditions_only,direction,0.5,57,specimen_57,20,180,1.0,0.5182691417499966,0.2262825659861005
omitted,selection,reverse,conditions_only,direction,0.5,57,specimen_57,20,225,0.5,0.26614748147698625,0.19786414928475937
omitted,selection,reverse,conditions_only,direction,0.5,57,specimen_57,20,225,1.0,0.2916685305401829,0.1743865201703385
omitted,selection,reverse,conditions_only,direction,0.5,57,specimen_57,20,270,0.5,0.42299040341898975,0.10590380311961434
omitted,selection,reverse,conditions_only,direction,0.5,57,specimen_57,20,270,1.0,0.3286031701559858,0.19138726494646074
omitted,selection,reverse,conditions_only,direction,0.5,57,specimen_57,20,315,0.5,0.3117744282218018,0.17927352707838612
omitted,selection,reverse,conditions_only,direction,0.5,57,specimen_57,20,315,1.0,0.3399637656030077,0.06942572088693677
omitted,selection,reverse,conditions_only,direction,0.5,57,specimen_57,40,45,0.5,0.3638590640834914,0.25636212663549096
omitted,selection,reverse,conditions_only,direction,0.5,57,specimen_57,40,45,1.0,0.3469162433377641,0.21683041132195668
omitted,selection,reverse,conditions_only,direction,0.5,57,specimen_57,40,90,1.0,0.38791630704372704,1.3373241065051786
omitted,selection,reverse,conditions_only,direction,0.5,57,specimen_57,40,135,0.5,0.36263857951305933,0.78170066261264
omitted,selection,reverse,conditions_only,direction,0.5,57,specimen_57,40,135,1.0,0.38695235655638144,0.6013580320778193
omitted,selection,reverse,conditions_only,direction,0.5,57,specimen_57,40,180,0.5,0.5375905794112953,0.15335970394663084
omitted,selection,reverse,conditions_only,direction,0.5,57,specimen_57,40,180,1.0,0.4943527916080266,0.16421845219940429
omitted,selection,reverse,conditions_only,direction,0.5,57,specimen_57,40,225,0.5,0.39108456143892417,0.5854229595453669
omitted,selection,reverse,conditions_only,direction,0.5,57,specimen_57,40,225,1.0,0.3498653201925941,0.4480751923280828
omitted,selection,reverse,conditions_only,direction,0.5,57,specimen_57,40,270,0.5,0.34940612874148075,1.7174148074581597
omitted,selection,reverse,conditions_only,direction,0.5,57,specimen_57,40,270,1.0,0.36888962075945836,1.6073330395431378
omitted,selection,reverse,conditions_only,direction,0.5,57,specimen_57,40,315,0.5,0.369960061661693,1.5615251486326138
omitted,selection,reverse,conditions_only,direction,0.5,57,specimen_57,40,315,1.0,0.44581992518172475,1.0815951623693245
omitted,selection,reverse,conditions_only,direction,0.5,57,specimen_57,60,0,0.5,0.8452041026171645,0.6499161439760648
omitted,selection,reverse,conditions_only,direction,0.5,57,specimen_57,60,0,1.0,0.7982249178081554,0.6553489203220526
omitted,selection,reverse,conditions_only,direction,0.5,57,specimen_57,60,45,0.5,0.36924427611892363,0.8406930255535351
omitted,selection,reverse,conditions_only,direction,0.5,57,specimen_57,60,45,1.0,0.363932249344009,0.6930030139172553
omitted,selection,reverse,conditions_only,direction,0.5,57,specimen_57,60,90,0.5,0.3638476828758164,0.9762933152311132
omitted,selection,reverse,conditions_only,direction,0.5,57,specimen_57,60,90,1.0,0.380557896961142,1.0308338248155906
omitted,selection,reverse,conditions_only,direction,0.5,57,specimen_57,60,135,0.5,0.3875874524799299,1.3784648134561273
omitted,selection,reverse,conditions_only,direction,0.5,57,specimen_57,60,135,1.0,0.4218141379596248,1.289184937296813
omitted,selection,reverse,conditions_only,direction,0.5,57,specimen_57,60,180,0.5,0.5994579455130353,0.3863494440151851
omitted,selection,reverse,conditions_only,direction,0.5,57,specimen_57,60,180,1.0,0.6172575052395632,0.3728266249548619
omitted,selection,reverse,conditions_only,direction,0.5,57,specimen_57,60,225,0.5,0.3232950485636198,1.257222162536916
omitted,selection,reverse,conditions_only,direction,0.5,57,specimen_57,60,225,1.0,0.34668044231637457,0.9741520168568051
omitted,selection,reverse,conditions_only,direction,0.5,57,specimen_57,60,270,0.5,0.3887273797961907,1.2823453183731686
omitted,selection,reverse,conditions_only,direction,0.5,57,specimen_57,60,270,1.0,0.395985764016914,1.043024271797072
omitted,selection,reverse,conditions_only,direction,0.5,57,specimen_57,60,315,0.5,0.2851638879451969,1.3834124443500437
omitted,selection,reverse,conditions_only,direction,0.5,57,specimen_57,60,315,1.0,0.34066362821163176,1.4254194911810898
omitted,selection,reverse,conditions_only,repeat,0.5,10,specimen_10,20,0,1.0,0.32652230744733973,0.1776611846674041
omitted,selection,reverse,conditions_only,repeat,0.5,10,specimen_10,20,45,0.5,0.1757543778154175,0.18697143645772407
omitted,selection,reverse,conditions_only,repeat,0.5,10,specimen_10,20,45,1.0,0.23078046353914242,0.13672698131586458
omitted,selection,reverse,conditions_only,repeat,0.5,10,specimen_10,20,90,0.5,0.371566349740955,0.15162441220709583
omitted,selection,reverse,conditions_only,repeat,0.5,10,specimen_10,20,90,1.0,0.3038925307252778,0.2673826671153408
omitted,selection,reverse,conditions_only,repeat,0.5,10,specimen_10,20,135,0.5,0.21815763154791265,0.24295127821979062
omitted,selection,reverse,conditions_only,repeat,0.5,10,specimen_10,20,135,1.0,0.21392256077121755,0.19706139416778023
omitted,selection,reverse,conditions_only,repeat,0.5,10,specimen_10,20,180,0.5,0.2872545676583575,0.04490855667864524
omitted,selection,reverse,conditions_only,repeat,0.5,10,specimen_10,20,180,1.0,0.28524929603058174,0.05501089325243447
omitted,selection,reverse,conditions_only,repeat,0.5,10,specimen_10,20,225,0.5,0.17608868676947678,0.2887607501160906
omitted,selection,reverse,conditions_only,repeat,0.5,10,specimen_10,20,225,1.0,0.2252684309207711,0.2582751984018663
omitted,selection,reverse,conditions_only,repeat,0.5,10,specimen_10,20,270,0.5,0.2915078082166651,0.23339926125745425
omitted,selection,reverse,conditions_only,repeat,0.5,10,specimen_10,20,270,1.0,0.26320583479563403,0.39999753400360993
omitted,selection,reverse,conditions_only,repeat,0.5,10,specimen_10,20,315,0.5,0.18958863554410285,0.3054597903561754
omitted,selection,reverse,conditions_only,repeat,0.5,10,specimen_10,20,315,1.0,0.2146444394132104,0.4454776146756515
omitted,selection,reverse,conditions_only,repeat,0.5,10,specimen_10,40,45,0.5,0.22501527227542373,0.4492358142646482
omitted,selection,reverse,conditions_only,repeat,0.5,10,specimen_10,40,45,1.0,0.21130105803348279,0.43735736836078654
omitted,selection,reverse,conditions_only,repeat,0.5,10,specimen_10,40,90,1.0,0.4610870302615637,1.565986734266549
omitted,selection,reverse,conditions_only,repeat,0.5,10,specimen_10,40,135,0.5,0.3472766879527418,0.9144486655482168
omitted,selection,reverse,conditions_only,repeat,0.5,10,specimen_10,40,135,1.0,0.24469387938796938,0.667081060102412
omitted,selection,reverse,conditions_only,repeat,0.5,10,specimen_10,40,180,0.5,0.433981861069253,0.022185610020840518
omitted,selection,reverse,conditions_only,repeat,0.5,10,specimen_10,40,180,1.0,0.4259669758862598,0.1096485328655844
omitted,selection,reverse,conditions_only,repeat,0.5,10,specimen_10,40,225,0.5,0.25002751235839904,0.7265971862464774
omitted,selection,reverse,conditions_only,repeat,0.5,10,specimen_10,40,225,1.0,0.25566672373556426,0.4898246299598905
omitted,selection,reverse,conditions_only,repeat,0.5,10,specimen_10,40,270,0.5,0.3669209812283991,1.2513597060665695
omitted,selection,reverse,conditions_only,repeat,0.5,10,specimen_10,40,270,1.0,0.36113806305735335,0.9252256964425538
omitted,selection,reverse,conditions_only,repeat,0.5,10,specimen_10,40,315,0.5,0.29749605933348083,1.1979845114078296
omitted,selection,reverse,conditions_only,repeat,0.5,10,specimen_10,40,315,1.0,0.30534665099370706,0.618347648650093
omitted,selection,reverse,conditions_only,repeat,0.5,10,specimen_10,60,0,0.5,0.5657732270934538,0.18702182448642013
omitted,selection,reverse,conditions_only,repeat,0.5,10,specimen_10,60,0,1.0,0.5031343686499709,0.07204345813909752
omitted,selection,reverse,conditions_only,repeat,0.5,10,specimen_10,60,45,0.5,0.344995724355619,0.7944521642901411
omitted,selection,reverse,conditions_only,repeat,0.5,10,specimen_10,60,45,1.0,0.39730019804298156,0.8996237277630085
omitted,selection,reverse,conditions_only,repeat,0.5,10,specimen_10,60,90,0.5,0.41622854839865564,1.175852649844582
omitted,selection,reverse,conditions_only,repeat,0.5,10,specimen_10,60,90,1.0,0.43686461368836355,1.3832344234071992
omitted,selection,reverse,conditions_only,repeat,0.5,10,specimen_10,60,135,0.5,0.4704887874195817,1.1580292679456012
omitted,selection,reverse,conditions_only,repeat,0.5,10,specimen_10,60,135,1.0,0.4883516425882221,1.2060099324970743
omitted,selection,reverse,conditions_only,repeat,0.5,10,specimen_10,60,180,0.5,0.4632394694154189,0.108780779203831
omitted,selection,reverse,conditions_only,repeat,0.5,10,specimen_10,60,180,1.0,0.4918604647327894,0.033612153604043016
omitted,selection,reverse,conditions_only,repeat,0.5,10,specimen_10,60,225,0.5,0.3287057421223966,0.8927528017321217
omitted,selection,reverse,conditions_only,repeat,0.5,10,specimen_10,60,225,1.0,0.3522336983922804,0.887994340797985
omitted,selection,reverse,conditions_only,repeat,0.5,10,specimen_10,60,270,0.5,0.4091751268865325,1.1937242858160548
omitted,selection,reverse,conditions_only,repeat,0.5,10,specimen_10,60,270,1.0,0.43072893348217495,1.0058263487158645
omitted,selection,reverse,conditions_only,repeat,0.5,10,specimen_10,60,315,0.5,0.4084074302179732,0.6736967370772896
omitted,selection,reverse,conditions_only,repeat,0.5,10,specimen_10,60,315,1.0,0.3847164090147155,0.8545404886818196
omitted,selection,reverse,conditions_only,repeat,0.5,57,specimen_57,20,0,1.0,0.5212451914340184,0.3103966589988661
omitted,selection,reverse,conditions_only,repeat,0.5,57,specimen_57,20,45,0.5,0.34873204420286186,0.1200975725387351
omitted,selection,reverse,conditions_only,repeat,0.5,57,specimen_57,20,45,1.0,0.3794745312324567,0.10212948645890363
omitted,selection,reverse,conditions_only,repeat,0.5,57,specimen_57,20,90,0.5,0.3841490109428782,0.1278227494089778
omitted,selection,reverse,conditions_only,repeat,0.5,57,specimen_57,20,90,1.0,0.42445302192886175,0.08781568742186247
omitted,selection,reverse,conditions_only,repeat,0.5,57,specimen_57,20,135,0.5,0.27785173052024453,0.14989166000609883
omitted,selection,reverse,conditions_only,repeat,0.5,57,specimen_57,20,135,1.0,0.3453003042209775,0.10499056006983754
omitted,selection,reverse,conditions_only,repeat,0.5,57,specimen_57,20,180,0.5,0.4682116871625632,0.22022803021215523
omitted,selection,reverse,conditions_only,repeat,0.5,57,specimen_57,20,180,1.0,0.5182691417499966,0.2262825659861005
omitted,selection,reverse,conditions_only,repeat,0.5,57,specimen_57,20,225,0.5,0.26614748147698625,0.19786414928475937
omitted,selection,reverse,conditions_only,repeat,0.5,57,specimen_57,20,225,1.0,0.2916685305401829,0.1743865201703385
omitted,selection,reverse,conditions_only,repeat,0.5,57,specimen_57,20,270,0.5,0.42299040341898975,0.10590380311961434
omitted,selection,reverse,conditions_only,repeat,0.5,57,specimen_57,20,270,1.0,0.3286031701559858,0.19138726494646074
omitted,selection,reverse,conditions_only,repeat,0.5,57,specimen_57,20,315,0.5,0.3117744282218018,0.17927352707838612
omitted,selection,reverse,conditions_only,repeat,0.5,57,specimen_57,20,315,1.0,0.3399637656030077,0.06942572088693677
omitted,selection,reverse,conditions_only,repeat,0.5,57,specimen_57,40,45,0.5,0.3638590640834914,0.25636212663549096
omitted,selection,reverse,conditions_only,repeat,0.5,57,specimen_57,40,45,1.0,0.3469162433377641,0.21683041132195668
omitted,selection,reverse,conditions_only,repeat,0.5,57,specimen_57,40,90,1.0,0.38791630704372704,1.3373241065051786
omitted,selection,reverse,conditions_only,repeat,0.5,57,specimen_57,40,135,0.5,0.36263857951305933,0.78170066261264
omitted,selection,reverse,conditions_only,repeat,0.5,57,specimen_57,40,135,1.0,0.38695235655638144,0.6013580320778193
omitted,selection,reverse,conditions_only,repeat,0.5,57,specimen_57,40,180,0.5,0.5375905794112953,0.15335970394663084
omitted,selection,reverse,conditions_only,repeat,0.5,57,specimen_57,40,180,1.0,0.4943527916080266,0.16421845219940429
omitted,selection,reverse,conditions_only,repeat,0.5,57,specimen_57,40,225,0.5,0.39108456143892417,0.5854229595453669
omitted,selection,reverse,conditions_only,repeat,0.5,57,specimen_57,40,225,1.0,0.3498653201925941,0.4480751923280828
omitted,selection,reverse,conditions_only,repeat,0.5,57,specimen_57,40,270,0.5,0.34940612874148075,1.7174148074581597
omitted,selection,reverse,conditions_only,repeat,0.5,57,specimen_57,40,270,1.0,0.36888962075945836,1.6073330395431378
omitted,selection,reverse,conditions_only,repeat,0.5,57,specimen_57,40,315,0.5,0.369960061661693,1.5615251486326138
omitted,selection,reverse,conditions_only,repeat,0.5,57,specimen_57,40,315,1.0,0.44581992518172475,1.0815951623693245
omitted,selection,reverse,conditions_only,repeat,0.5,57,specimen_57,60,0,0.5,0.8452041026171645,0.6499161439760648
omitted,selection,reverse,conditions_only,repeat,0.5,57,specimen_57,60,0,1.0,0.7982249178081554,0.6553489203220526
omitted,selection,reverse,conditions_only,repeat,0.5,57,specimen_57,60,45,0.5,0.36924427611892363,0.8406930255535351
omitted,selection,reverse,conditions_only,repeat,0.5,57,specimen_57,60,45,1.0,0.363932249344009,0.6930030139172553
omitted,selection,reverse,conditions_only,repeat,0.5,57,specimen_57,60,90,0.5,0.3638476828758164,0.9762933152311132
omitted,selection,reverse,conditions_only,repeat,0.5,57,specimen_57,60,90,1.0,0.380557896961142,1.0308338248155906
omitted,selection,reverse,conditions_only,repeat,0.5,57,specimen_57,60,135,0.5,0.3875874524799299,1.3784648134561273
omitted,selection,reverse,conditions_only,repeat,0.5,57,specimen_57,60,135,1.0,0.4218141379596248,1.289184937296813
omitted,selection,reverse,conditions_only,repeat,0.5,57,specimen_57,60,180,0.5,0.5994579455130353,0.3863494440151851
omitted,selection,reverse,conditions_only,repeat,0.5,57,specimen_57,60,180,1.0,0.6172575052395632,0.3728266249548619
omitted,selection,reverse,conditions_only,repeat,0.5,57,specimen_57,60,225,0.5,0.3232950485636198,1.257222162536916
omitted,selection,reverse,conditions_only,repeat,0.5,57,specimen_57,60,225,1.0,0.34668044231637457,0.9741520168568051
omitted,selection,reverse,conditions_only,repeat,0.5,57,specimen_57,60,270,0.5,0.3887273797961907,1.2823453183731686
omitted,selection,reverse,conditions_only,repeat,0.5,57,specimen_57,60,270,1.0,0.395985764016914,1.043024271797072
omitted,selection,reverse,conditions_only,repeat,0.5,57,specimen_57,60,315,0.5,0.2851638879451969,1.3834124443500437
omitted,selection,reverse,conditions_only,repeat,0.5,57,specimen_57,60,315,1.0,0.34066362821163176,1.4254194911810898
omitted,selection,reverse,conditions_only,single,0.5,10,specimen_10,20,0,1.0,0.32652230744733973,0.1776611846674041
omitted,selection,reverse,conditions_only,single,0.5,10,specimen_10,20,45,0.5,0.1757543778154175,0.18697143645772407
omitted,selection,reverse,conditions_only,single,0.5,10,specimen_10,20,45,1.0,0.23078046353914242,0.13672698131586458
omitted,selection,reverse,conditions_only,single,0.5,10,specimen_10,20,90,0.5,0.371566349740955,0.15162441220709583
omitted,selection,reverse,conditions_only,single,0.5,10,specimen_10,20,90,1.0,0.3038925307252778,0.2673826671153408
omitted,selection,reverse,conditions_only,single,0.5,10,specimen_10,20,135,0.5,0.21815763154791265,0.24295127821979062
omitted,selection,reverse,conditions_only,single,0.5,10,specimen_10,20,135,1.0,0.21392256077121755,0.19706139416778023
omitted,selection,reverse,conditions_only,single,0.5,10,specimen_10,20,180,0.5,0.2872545676583575,0.04490855667864524
omitted,selection,reverse,conditions_only,single,0.5,10,specimen_10,20,180,1.0,0.28524929603058174,0.05501089325243447
omitted,selection,reverse,conditions_only,single,0.5,10,specimen_10,20,225,0.5,0.17608868676947678,0.2887607501160906
omitted,selection,reverse,conditions_only,single,0.5,10,specimen_10,20,225,1.0,0.2252684309207711,0.2582751984018663
omitted,selection,reverse,conditions_only,single,0.5,10,specimen_10,20,270,0.5,0.2915078082166651,0.23339926125745425
omitted,selection,reverse,conditions_only,single,0.5,10,specimen_10,20,270,1.0,0.26320583479563403,0.39999753400360993
omitted,selection,reverse,conditions_only,single,0.5,10,specimen_10,20,315,0.5,0.18958863554410285,0.3054597903561754
omitted,selection,reverse,conditions_only,single,0.5,10,specimen_10,20,315,1.0,0.2146444394132104,0.4454776146756515
omitted,selection,reverse,conditions_only,single,0.5,10,specimen_10,40,45,0.5,0.22501527227542373,0.4492358142646482
omitted,selection,reverse,conditions_only,single,0.5,10,specimen_10,40,45,1.0,0.21130105803348279,0.43735736836078654
omitted,selection,reverse,conditions_only,single,0.5,10,specimen_10,40,90,1.0,0.4610870302615637,1.565986734266549
omitted,selection,reverse,conditions_only,single,0.5,10,specimen_10,40,135,0.5,0.3472766879527418,0.9144486655482168
omitted,selection,reverse,conditions_only,single,0.5,10,specimen_10,40,135,1.0,0.24469387938796938,0.667081060102412
omitted,selection,reverse,conditions_only,single,0.5,10,specimen_10,40,180,0.5,0.433981861069253,0.022185610020840518
omitted,selection,reverse,conditions_only,single,0.5,10,specimen_10,40,180,1.0,0.4259669758862598,0.1096485328655844
omitted,selection,reverse,conditions_only,single,0.5,10,specimen_10,40,225,0.5,0.25002751235839904,0.7265971862464774
omitted,selection,reverse,conditions_only,single,0.5,10,specimen_10,40,225,1.0,0.25566672373556426,0.4898246299598905
omitted,selection,reverse,conditions_only,single,0.5,10,specimen_10,40,270,0.5,0.3669209812283991,1.2513597060665695
omitted,selection,reverse,conditions_only,single,0.5,10,specimen_10,40,270,1.0,0.36113806305735335,0.9252256964425538
omitted,selection,reverse,conditions_only,single,0.5,10,specimen_10,40,315,0.5,0.29749605933348083,1.1979845114078296
omitted,selection,reverse,conditions_only,single,0.5,10,specimen_10,40,315,1.0,0.30534665099370706,0.618347648650093
omitted,selection,reverse,conditions_only,single,0.5,10,specimen_10,60,0,0.5,0.5657732270934538,0.18702182448642013
omitted,selection,reverse,conditions_only,single,0.5,10,specimen_10,60,0,1.0,0.5031343686499709,0.07204345813909752
omitted,selection,reverse,conditions_only,single,0.5,10,specimen_10,60,45,0.5,0.344995724355619,0.7944521642901411
omitted,selection,reverse,conditions_only,single,0.5,10,specimen_10,60,45,1.0,0.39730019804298156,0.8996237277630085
omitted,selection,reverse,conditions_only,single,0.5,10,specimen_10,60,90,0.5,0.41622854839865564,1.175852649844582
omitted,selection,reverse,conditions_only,single,0.5,10,specimen_10,60,90,1.0,0.43686461368836355,1.3832344234071992
omitted,selection,reverse,conditions_only,single,0.5,10,specimen_10,60,135,0.5,0.4704887874195817,1.1580292679456012
omitted,selection,reverse,conditions_only,single,0.5,10,specimen_10,60,135,1.0,0.4883516425882221,1.2060099324970743
omitted,selection,reverse,conditions_only,single,0.5,10,specimen_10,60,180,0.5,0.4632394694154189,0.108780779203831
omitted,selection,reverse,conditions_only,single,0.5,10,specimen_10,60,180,1.0,0.4918604647327894,0.033612153604043016
omitted,selection,reverse,conditions_only,single,0.5,10,specimen_10,60,225,0.5,0.3287057421223966,0.8927528017321217
omitted,selection,reverse,conditions_only,single,0.5,10,specimen_10,60,225,1.0,0.3522336983922804,0.887994340797985
omitted,selection,reverse,conditions_only,single,0.5,10,specimen_10,60,270,0.5,0.4091751268865325,1.1937242858160548
omitted,selection,reverse,conditions_only,single,0.5,10,specimen_10,60,270,1.0,0.43072893348217495,1.0058263487158645
omitted,selection,reverse,conditions_only,single,0.5,10,specimen_10,60,315,0.5,0.4084074302179732,0.6736967370772896
omitted,selection,reverse,conditions_only,single,0.5,10,specimen_10,60,315,1.0,0.3847164090147155,0.8545404886818196
omitted,selection,reverse,conditions_only,single,0.5,57,specimen_57,20,0,1.0,0.5212451914340184,0.3103966589988661
omitted,selection,reverse,conditions_only,single,0.5,57,specimen_57,20,45,0.5,0.34873204420286186,0.1200975725387351
omitted,selection,reverse,conditions_only,single,0.5,57,specimen_57,20,45,1.0,0.3794745312324567,0.10212948645890363
omitted,selection,reverse,conditions_only,single,0.5,57,specimen_57,20,90,0.5,0.3841490109428782,0.1278227494089778
omitted,selection,reverse,conditions_only,single,0.5,57,specimen_57,20,90,1.0,0.42445302192886175,0.08781568742186247
omitted,selection,reverse,conditions_only,single,0.5,57,specimen_57,20,135,0.5,0.27785173052024453,0.14989166000609883
omitted,selection,reverse,conditions_only,single,0.5,57,specimen_57,20,135,1.0,0.3453003042209775,0.10499056006983754
omitted,selection,reverse,conditions_only,single,0.5,57,specimen_57,20,180,0.5,0.4682116871625632,0.22022803021215523
omitted,selection,reverse,conditions_only,single,0.5,57,specimen_57,20,180,1.0,0.5182691417499966,0.2262825659861005
omitted,selection,reverse,conditions_only,single,0.5,57,specimen_57,20,225,0.5,0.26614748147698625,0.19786414928475937
omitted,selection,reverse,conditions_only,single,0.5,57,specimen_57,20,225,1.0,0.2916685305401829,0.1743865201703385
omitted,selection,reverse,conditions_only,single,0.5,57,specimen_57,20,270,0.5,0.42299040341898975,0.10590380311961434
omitted,selection,reverse,conditions_only,single,0.5,57,specimen_57,20,270,1.0,0.3286031701559858,0.19138726494646074
omitted,selection,reverse,conditions_only,single,0.5,57,specimen_57,20,315,0.5,0.3117744282218018,0.17927352707838612
omitted,selection,reverse,conditions_only,single,0.5,57,specimen_57,20,315,1.0,0.3399637656030077,0.06942572088693677
omitted,selection,reverse,conditions_only,single,0.5,57,specimen_57,40,45,0.5,0.3638590640834914,0.25636212663549096
omitted,selection,reverse,conditions_only,single,0.5,57,specimen_57,40,45,1.0,0.3469162433377641,0.21683041132195668
omitted,selection,reverse,conditions_only,single,0.5,57,specimen_57,40,90,1.0,0.38791630704372704,1.3373241065051786
omitted,selection,reverse,conditions_only,single,0.5,57,specimen_57,40,135,0.5,0.36263857951305933,0.78170066261264
omitted,selection,reverse,conditions_only,single,0.5,57,specimen_57,40,135,1.0,0.38695235655638144,0.6013580320778193
omitted,selection,reverse,conditions_only,single,0.5,57,specimen_57,40,180,0.5,0.5375905794112953,0.15335970394663084
omitted,selection,reverse,conditions_only,single,0.5,57,specimen_57,40,180,1.0,0.4943527916080266,0.16421845219940429
omitted,selection,reverse,conditions_only,single,0.5,57,specimen_57,40,225,0.5,0.39108456143892417,0.5854229595453669
omitted,selection,reverse,conditions_only,single,0.5,57,specimen_57,40,225,1.0,0.3498653201925941,0.4480751923280828
omitted,selection,reverse,conditions_only,single,0.5,57,specimen_57,40,270,0.5,0.34940612874148075,1.7174148074581597
omitted,selection,reverse,conditions_only,single,0.5,57,specimen_57,40,270,1.0,0.36888962075945836,1.6073330395431378
omitted,selection,reverse,conditions_only,single,0.5,57,specimen_57,40,315,0.5,0.369960061661693,1.5615251486326138
omitted,selection,reverse,conditions_only,single,0.5,57,specimen_57,40,315,1.0,0.44581992518172475,1.0815951623693245
omitted,selection,reverse,conditions_only,single,0.5,57,specimen_57,60,0,0.5,0.8452041026171645,0.6499161439760648
omitted,selection,reverse,conditions_only,single,0.5,57,specimen_57,60,0,1.0,0.7982249178081554,0.6553489203220526
omitted,selection,reverse,conditions_only,single,0.5,57,specimen_57,60,45,0.5,0.36924427611892363,0.8406930255535351
omitted,selection,reverse,conditions_only,single,0.5,57,specimen_57,60,45,1.0,0.363932249344009,0.6930030139172553
omitted,selection,reverse,conditions_only,single,0.5,57,specimen_57,60,90,0.5,0.3638476828758164,0.9762933152311132
omitted,selection,reverse,conditions_only,single,0.5,57,specimen_57,60,90,1.0,0.380557896961142,1.0308338248155906
omitted,selection,reverse,conditions_only,single,0.5,57,specimen_57,60,135,0.5,0.3875874524799299,1.3784648134561273
omitted,selection,reverse,conditions_only,single,0.5,57,specimen_57,60,135,1.0,0.4218141379596248,1.289184937296813
omitted,selection,reverse,conditions_only,single,0.5,57,specimen_57,60,180,0.5,0.5994579455130353,0.3863494440151851
omitted,selection,reverse,conditions_only,single,0.5,57,specimen_57,60,180,1.0,0.6172575052395632,0.3728266249548619
omitted,selection,reverse,conditions_only,single,0.5,57,specimen_57,60,225,0.5,0.3232950485636198,1.257222162536916
omitted,selection,reverse,conditions_only,single,0.5,57,specimen_57,60,225,1.0,0.34668044231637457,0.9741520168568051
omitted,selection,reverse,conditions_only,single,0.5,57,specimen_57,60,270,0.5,0.3887273797961907,1.2823453183731686
omitted,selection,reverse,conditions_only,single,0.5,57,specimen_57,60,270,1.0,0.395985764016914,1.043024271797072
omitted,selection,reverse,conditions_only,single,0.5,57,specimen_57,60,315,0.5,0.2851638879451969,1.3834124443500437
omitted,selection,reverse,conditions_only,single,0.5,57,specimen_57,60,315,1.0,0.34066362821163176,1.4254194911810898
omitted,selection,reverse,copy,direction,0.5,10,specimen_10,20,0,1.0,0.8043237560377845,1.2172078076376074
omitted,selection,reverse,copy,direction,0.5,10,specimen_10,20,45,0.5,0.5952033813838647,0.8481184707451138
omitted,selection,reverse,copy,direction,0.5,10,specimen_10,20,45,1.0,0.6842933865680781,0.9035453080358766
omitted,selection,reverse,copy,direction,0.5,10,specimen_10,20,90,0.5,0.8066830498520007,0.9284220251680544
omitted,selection,reverse,copy,direction,0.5,10,specimen_10,20,90,1.0,0.6590498033751617,0.8130960415553481
omitted,selection,reverse,copy,direction,0.5,10,specimen_10,20,135,0.5,0.572716611983454,0.8905404808390672
omitted,selection,reverse,copy,direction,0.5,10,specimen_10,20,135,1.0,0.6140720564001961,0.9337003515388709
omitted,selection,reverse,copy,direction,0.5,10,specimen_10,20,180,0.5,0.7681724455155212,1.2141930529328393
omitted,selection,reverse,copy,direction,0.5,10,specimen_10,20,180,1.0,0.7330744285761678,1.221146189732098
omitted,selection,reverse,copy,direction,0.5,10,specimen_10,20,225,0.5,0.7231720227604583,0.8827923916211488
omitted,selection,reverse,copy,direction,0.5,10,specimen_10,20,225,1.0,0.7314460160688038,0.9117133245413646
omitted,selection,reverse,copy,direction,0.5,10,specimen_10,20,270,0.5,0.7562245261325898,0.9026942582498065
omitted,selection,reverse,copy,direction,0.5,10,specimen_10,20,270,1.0,0.6209685894072506,0.737767890983245
omitted,selection,reverse,copy,direction,0.5,10,specimen_10,20,315,0.5,0.6198973511143065,0.7718384610309137
omitted,selection,reverse,copy,direction,0.5,10,specimen_10,20,315,1.0,0.7607424402405308,0.6375417900134344
omitted,selection,reverse,copy,direction,0.5,10,specimen_10,40,45,0.5,0.34581160447578324,0.4288051211477808
omitted,selection,reverse,copy,direction,0.5,10,specimen_10,40,45,1.0,0.30075930506948956,0.44588219793794037
omitted,selection,reverse,copy,direction,0.5,10,specimen_10,40,90,1.0,0.2877773834532491,0.6328421020943487
omitted,selection,reverse,copy,direction,0.5,10,specimen_10,40,135,0.5,0.3921912781165704,0.08554866600566946
omitted,selection,reverse,copy,direction,0.5,10,specimen_10,40,135,1.0,0.40751293867833543,0.3280634539194678
omitted,selection,reverse,copy,direction,0.5,10,specimen_10,40,180,0.5,0.5995460481935712,1.065808268687396
omitted,selection,reverse,copy,direction,0.5,10,specimen_10,40,180,1.0,0.5120554641880602,0.9286467885261914
omitted,selection,reverse,copy,direction,0.5,10,specimen_10,40,225,0.5,0.46587775162675876,0.3181808764298224
omitted,selection,reverse,copy,direction,0.5,10,specimen_10,40,225,1.0,0.4373970187633618,0.5516507471410237
omitted,selection,reverse,copy,direction,0.5,10,specimen_10,40,270,0.5,0.40499675222354403,0.2521074366177576
omitted,selection,reverse,copy,direction,0.5,10,specimen_10,40,270,1.0,0.35392787572347184,0.07473541084664315
omitted,selection,reverse,copy,direction,0.5,10,specimen_10,40,315,0.5,0.41995048139452695,0.27102624677472
omitted,selection,reverse,copy,direction,0.5,10,specimen_10,40,315,1.0,0.364123361149754,0.31438597921478806
omitted,selection,reverse,copy,direction,0.5,10,specimen_10,60,0,0.5,0.5483167457574655,0.8209351996311256
omitted,selection,reverse,copy,direction,0.5,10,specimen_10,60,0,1.0,0.49799693040108156,0.7129518235848096
omitted,selection,reverse,copy,direction,0.5,10,specimen_10,60,45,0.5,0.31878980291141984,0.15133212462135104
omitted,selection,reverse,copy,direction,0.5,10,specimen_10,60,45,1.0,0.34312879037441957,0.2533016806058508
omitted,selection,reverse,copy,direction,0.5,10,specimen_10,60,90,0.5,0.5045150931778987,0.4631807176273104
omitted,selection,reverse,copy,direction,0.5,10,specimen_10,60,90,1.0,0.4883538293159227,0.6749254214152578
omitted,selection,reverse,copy,direction,0.5,10,specimen_10,60,135,0.5,0.3400359455407811,0.3641026143221693
omitted,selection,reverse,copy,direction,0.5,10,specimen_10,60,135,1.0,0.3872270608857993,0.4213658334050385
omitted,selection,reverse,copy,direction,0.5,10,specimen_10,60,180,0.5,0.5768167928234803,0.9555312339889634
omitted,selection,reverse,copy,direction,0.5,10,specimen_10,60,180,1.0,0.5624120326883956,0.8034335138663666
omitted,selection,reverse,copy,direction,0.5,10,specimen_10,60,225,0.5,0.3660699719745341,0.04765292977150959
omitted,selection,reverse,copy,direction,0.5,10,specimen_10,60,225,1.0,0.3879674910843483,0.050015139933482056
omitted,selection,reverse,copy,direction,0.5,10,specimen_10,60,270,0.5,0.5318638093293985,0.4082886890548363
omitted,selection,reverse,copy,direction,0.5,10,specimen_10,60,270,1.0,0.470272838097663,0.22268782911446405
omitted,selection,reverse,copy,direction,0.5,10,specimen_10,60,315,0.5,0.3116497155814031,0.023094072373348595
omitted,selection,reverse,copy,direction,0.5,10,specimen_10,60,315,1.0,0.34545053238602513,0.15390951640772443
omitted,selection,reverse,copy,direction,0.5,57,specimen_57,20,0,1.0,0.7530135140938876,1.2413154130167663
omitted,selection,reverse,copy,direction,0.5,57,specimen_57,20,45,0.5,0.5603057002904018,0.8063644657117998
omitted,selection,reverse,copy,direction,0.5,57,specimen_57,20,45,1.0,0.5733517592728042,0.8295149339405345
omitted,selection,reverse,copy,direction,0.5,57,specimen_57,20,90,0.5,0.5240325320550809,0.8435958190138694
omitted,selection,reverse,copy,direction,0.5,57,specimen_57,20,90,1.0,0.5673931318181012,0.8840351522965234
omitted,selection,reverse,copy,direction,0.5,57,specimen_57,20,135,0.5,0.5310528106275695,0.874972230100456
omitted,selection,reverse,copy,direction,0.5,57,specimen_57,20,135,1.0,0.5847399676608823,0.9171433166845105
omitted,selection,reverse,copy,direction,0.5,57,specimen_57,20,180,0.5,0.8283111739902266,1.2808846575140465
omitted,selection,reverse,copy,direction,0.5,57,specimen_57,20,180,1.0,0.8418663361021886,1.2837899935134611
omitted,selection,reverse,copy,direction,0.5,57,specimen_57,20,225,0.5,0.5386760466846002,0.8650611235001769
omitted,selection,reverse,copy,direction,0.5,57,specimen_57,20,225,1.0,0.5621714901572623,0.8869741338205893
omitted,selection,reverse,copy,direction,0.5,57,specimen_57,20,270,0.5,0.6908547288493012,0.9215618474353434
omitted,selection,reverse,copy,direction,0.5,57,specimen_57,20,270,1.0,0.5632941087907591,0.8377502910880912
omitted,selection,reverse,copy,direction,0.5,57,specimen_57,20,315,0.5,0.6087498719236654,0.7893968553563999
omitted,selection,reverse,copy,direction,0.5,57,specimen_57,20,315,1.0,0.6017555146063739,0.9049658148498461
omitted,selection,reverse,copy,direction,0.5,57,specimen_57,40,45,0.5,0.45467804778764864,0.513050939824635
omitted,selection,reverse,copy,direction,0.5,57,specimen_57,40,45,1.0,0.4157445659805892,0.5577812860244672
omitted,selection,reverse,copy,direction,0.5,57,specimen_57,40,90,1.0,0.20616822278005106,0.5128073432852813
omitted,selection,reverse,copy,direction,0.5,57,specimen_57,40,135,0.5,0.44918045569245485,0.10966879998894319
omitted,selection,reverse,copy,direction,0.5,57,specimen_57,40,135,1.0,0.48360577463185406,0.2851586129917574
omitted,selection,reverse,copy,direction,0.5,57,specimen_57,40,180,0.5,0.6842810068004949,1.088354493660883
omitted,selection,reverse,copy,direction,0.5,57,specimen_57,40,180,1.0,0.6565301126079007,1.0938859046388771
omitted,selection,reverse,copy,direction,0.5,57,specimen_57,40,225,0.5,0.5651806371502085,0.35072723417862983
omitted,selection,reverse,copy,direction,0.5,57,specimen_57,40,225,1.0,0.4958891787824434,0.4847723158205284
omitted,selection,reverse,copy,direction,0.5,57,specimen_57,40,270,0.5,0.19505221471924186,0.8267904069616507
omitted,selection,reverse,copy,direction,0.5,57,specimen_57,40,270,1.0,0.2007309456055917,0.7159998012062438
omitted,selection,reverse,copy,direction,0.5,57,specimen_57,40,315,0.5,0.5153582044296127,0.7431947529518073
omitted,selection,reverse,copy,direction,0.5,57,specimen_57,40,315,1.0,0.5567457059972929,0.25748940345674654
omitted,selection,reverse,copy,direction,0.5,57,specimen_57,60,0,0.5,0.7927438848660143,1.1752016501684672
omitted,selection,reverse,copy,direction,0.5,57,specimen_57,60,0,1.0,0.7564527443960342,1.1876294168154617
omitted,selection,reverse,copy,direction,0.5,57,specimen_57,60,45,0.5,0.4022530580495962,0.30620085483704806
omitted,selection,reverse,copy,direction,0.5,57,specimen_57,60,45,1.0,0.3841606200070285,0.15530883571240062
omitted,selection,reverse,copy,direction,0.5,57,specimen_57,60,90,0.5,0.46061029835251266,0.37224925196614467
omitted,selection,reverse,copy,direction,0.5,57,specimen_57,60,90,1.0,0.49965556579336096,0.4311526917759523
omitted,selection,reverse,copy,direction,0.5,57,specimen_57,60,135,0.5,0.39936758429517666,0.6931660287849983
omitted,selection,reverse,copy,direction,0.5,57,specimen_57,60,135,1.0,0.39690117757785437,0.6131687071570802
omitted,selection,reverse,copy,direction,0.5,57,specimen_57,60,180,0.5,0.6329927124811471,1.1244720298480146
omitted,selection,reverse,copy,direction,0.5,57,specimen_57,60,180,1.0,0.6475715497603981,1.1012444234729686
omitted,selection,reverse,copy,direction,0.5,57,specimen_57,60,225,0.5,0.366514646850345,0.5207501595286068
omitted,selection,reverse,copy,direction,0.5,57,specimen_57,60,225,1.0,0.35675511612990185,0.24480068494460516
omitted,selection,reverse,copy,direction,0.5,57,specimen_57,60,270,0.5,0.4622862727517574,0.6055375905642528
omitted,selection,reverse,copy,direction,0.5,57,specimen_57,60,270,1.0,0.45948346680533764,0.36851362114797426
omitted,selection,reverse,copy,direction,0.5,57,specimen_57,60,315,0.5,0.3375280920243118,0.7952495038517087
omitted,selection,reverse,copy,direction,0.5,57,specimen_57,60,315,1.0,0.3298390915236806,0.8334163878592975
omitted,selection,reverse,copy,repeat,0.5,10,specimen_10,20,0,1.0,0.5452766741608572,0.38987663307925524
omitted,selection,reverse,copy,repeat,0.5,10,specimen_10,20,45,0.5,0.6529431506856637,0.020787296186761672
omitted,selection,reverse,copy,repeat,0.5,10,specimen_10,20,45,1.0,0.6858280750089243,0.07621413347752448
omitted,selection,reverse,copy,repeat,0.5,10,specimen_10,20,90,0.5,0.861549755851414,0.10109085060970224
omitted,selection,reverse,copy,repeat,0.5,10,specimen_10,20,90,1.0,0.7725720192280697,0.014235133003004052
omitted,selection,reverse,copy,repeat,0.5,10,specimen_10,20,135,0.5,0.6389365790718926,0.06320930628071508
omitted,selection,reverse,copy,repeat,0.5,10,specimen_10,20,135,1.0,0.6517992604224104,0.10636917698051873
omitted,selection,reverse,copy,repeat,0.5,10,specimen_10,20,180,0.5,0.5164674948136325,0.38686187837448727
omitted,selection,reverse,copy,repeat,0.5,10,specimen_10,20,180,1.0,0.48369658419435574,0.39381501517374595
omitted,selection,reverse,copy,repeat,0.5,10,specimen_10,20,225,0.5,0.6498325249624574,0.05546121706279661
omitted,selection,reverse,copy,repeat,0.5,10,specimen_10,20,225,1.0,0.6689105124039721,0.08438214998301241
omitted,selection,reverse,copy,repeat,0.5,10,specimen_10,20,270,0.5,0.82717289255805,0.07536308369145439
omitted,selection,reverse,copy,repeat,0.5,10,specimen_10,20,270,1.0,0.7754396247593341,0.08956328357510712
omitted,selection,reverse,copy,repeat,0.5,10,specimen_10,20,315,0.5,0.6535018089738204,0.05549271352743845
omitted,selection,reverse,copy,repeat,0.5,10,specimen_10,20,315,1.0,0.7279039557048216,0.18978938454491778
omitted,selection,reverse,copy,repeat,0.5,10,specimen_10,40,45,0.5,0.49954500731821977,0.39852605341057135
omitted,selection,reverse,copy,repeat,0.5,10,specimen_10,40,45,1.0,0.4823515025625811,0.3814489766204118
omitted,selection,reverse,copy,repeat,0.5,10,specimen_10,40,90,1.0,0.7091695625162412,1.460173276652701
omitted,selection,reverse,copy,repeat,0.5,10,specimen_10,40,135,0.5,0.5091951634702392,0.7417825085526827
omitted,selection,reverse,copy,repeat,0.5,10,specimen_10,40,135,1.0,0.5070933178027599,0.49926772063888436
omitted,selection,reverse,copy,repeat,0.5,10,specimen_10,40,180,0.5,0.3389220301347946,0.23847709412904372
omitted,selection,reverse,copy,repeat,0.5,10,specimen_10,40,180,1.0,0.27241577400182376,0.10131561396783928
omitted,selection,reverse,copy,repeat,0.5,10,specimen_10,40,225,0.5,0.5260905321368529,0.5091502981285297
omitted,selection,reverse,copy,repeat,0.5,10,specimen_10,40,225,1.0,0.49817036001666054,0.27568042741732846
omitted,selection,reverse,copy,repeat,0.5,10,specimen_10,40,270,0.5,0.7495273743854355,1.0794386111761098
omitted,selection,reverse,copy,repeat,0.5,10,specimen_10,40,270,1.0,0.7021602534395556,0.752595763711709
omitted,selection,reverse,copy,repeat,0.5,10,specimen_10,40,315,0.5,0.5479696053497177,1.098357421333072
omitted,selection,reverse,copy,repeat,0.5,10,specimen_10,40,315,1.0,0.49689144151090403,0.5129451953435641
omitted,selection,reverse,copy,repeat,0.5,10,specimen_10,60,0,0.5,0.24530134465557904,0.006395974927226544
omitted,selection,reverse,copy,repeat,0.5,10,specimen_10,60,0,1.0,0.2695747237790563,0.11437935097354257
omitted,selection,reverse,copy,repeat,0.5,10,specimen_10,60,45,0.5,0.5404009991563486,0.9786632991797032
omitted,selection,reverse,copy,repeat,0.5,10,specimen_10,60,45,1.0,0.5394441798777657,1.080632855164203
omitted,selection,reverse,copy,repeat,0.5,10,specimen_10,60,90,0.5,0.7653508323609207,1.2905118921856626
omitted,selection,reverse,copy,repeat,0.5,10,specimen_10,60,90,1.0,0.7389949817342659,1.50225659597361
omitted,selection,reverse,copy,repeat,0.5,10,specimen_10,60,135,0.5,0.5635641815876439,1.1914337888805213
omitted,selection,reverse,copy,repeat,0.5,10,specimen_10,60,135,1.0,0.605888546621351,1.2486970079633908
omitted,selection,reverse,copy,repeat,0.5,10,specimen_10,60,180,0.5,0.3508509148889776,0.1282000594306113
omitted,selection,reverse,copy,repeat,0.5,10,specimen_10,60,180,1.0,0.35037990796704316,0.02389766069198551
omitted,selection,reverse,copy,repeat,0.5,10,specimen_10,60,225,0.5,0.492798532196453,0.8749841043298617
omitted,selection,reverse,copy,repeat,0.5,10,specimen_10,60,225,1.0,0.4863903354105514,0.8773463144918342
omitted,selection,reverse,copy,repeat,0.5,10,specimen_10,60,270,0.5,0.7736527592906146,1.2356198636131883
omitted,selection,reverse,copy,repeat,0.5,10,specimen_10,60,270,1.0,0.7172204850629713,1.050019003672816
omitted,selection,reverse,copy,repeat,0.5,10,specimen_10,60,315,0.5,0.5379347203134158,0.8042371021850035
omitted,selection,reverse,copy,repeat,0.5,10,specimen_10,60,315,1.0,0.5241638547431245,0.9812406909660766
omitted,selection,reverse,copy,repeat,0.5,57,specimen_57,20,0,1.0,0.26523808021630474,0.07548318188346692
omitted,selection,reverse,copy,repeat,0.5,57,specimen_57,20,45,0.5,0.4508811742607639,0.35946776542149966
omitted,selection,reverse,copy,repeat,0.5,57,specimen_57,20,45,1.0,0.45619245527521884,0.3363172971927649
omitted,selection,reverse,copy,repeat,0.5,57,specimen_57,20,90,0.5,0.434137946291205,0.32223641211943005
omitted,selection,reverse,copy,repeat,0.5,57,specimen_57,20,90,1.0,0.44444563835365053,0.281797078836776
omitted,selection,reverse,copy,repeat,0.5,57,specimen_57,20,135,0.5,0.46266483536260344,0.29086000103284343
omitted,selection,reverse,copy,repeat,0.5,57,specimen_57,20,135,1.0,0.46624148556789335,0.24868891444878888
omitted,selection,reverse,copy,repeat,0.5,57,specimen_57,20,180,0.5,0.28321884954380544,0.11505242638074695
omitted,selection,reverse,copy,repeat,0.5,57,specimen_57,20,180,1.0,0.280841739646549,0.11795776238016167
omitted,selection,reverse,copy,repeat,0.5,57,specimen_57,20,225,0.5,0.45242640821616337,0.3007711076331225
omitted,selection,reverse,copy,repeat,0.5,57,specimen_57,20,225,1.0,0.4746512350042272,0.2788580973127101
omitted,selection,reverse,copy,repeat,0.5,57,specimen_57,20,270,0.5,0.46632362518184234,0.244270383697956
omitted,selection,reverse,copy,repeat,0.5,57,specimen_57,20,270,1.0,0.4752568579217687,0.32808194004520824
omitted,selection,reverse,copy,repeat,0.5,57,specimen_57,20,315,0.5,0.4630374428082879,0.3764353757768995
omitted,selection,reverse,copy,repeat,0.5,57,specimen_57,20,315,1.0,0.4728597554847899,0.26086641628345336
omitted,selection,reverse,copy,repeat,0.5,57,specimen_57,40,45,0.5,0.5212098295949747,0.6527812913086644
omitted,selection,reverse,copy,repeat,0.5,57,specimen_57,40,45,1.0,0.5350864405926598,0.6080509451088323
omitted,selection,reverse,copy,repeat,0.5,57,specimen_57,40,90,1.0,0.8776951491973585,1.6786395744185807
omitted,selection,reverse,copy,repeat,0.5,57,specimen_57,40,135,0.5,0.5528484507012111,1.0561634311443562
omitted,selection,reverse,copy,repeat,0.5,57,specimen_57,40,135,1.0,0.5518201793532286,0.880673618141542
omitted,selection,reverse,copy,repeat,0.5,57,specimen_57,40,180,0.5,0.24571053388349204,0.07747773747241626
omitted,selection,reverse,copy,repeat,0.5,57,specimen_57,40,180,1.0,0.25960639324753104,0.07194632649442234
omitted,selection,reverse,copy,repeat,0.5,57,specimen_57,40,225,0.5,0.5215047977113407,0.8151049969546695
omitted,selection,reverse,copy,repeat,0.5,57,specimen_57,40,225,1.0,0.5477328515749981,0.681059915312771
omitted,selection,reverse,copy,repeat,0.5,57,specimen_57,40,270,0.5,0.7961035949573025,1.99262263809495
omitted,selection,reverse,copy,repeat,0.5,57,specimen_57,40,270,1.0,0.7786383871340276,1.8818320323395432
omitted,selection,reverse,copy,repeat,0.5,57,specimen_57,40,315,0.5,0.5152715411203289,1.9090269840851066
omitted,selection,reverse,copy,repeat,0.5,57,specimen_57,40,315,1.0,0.489850711267668,1.423321634590046
omitted,selection,reverse,copy,repeat,0.5,57,specimen_57,60,0,0.5,0.2452992133575861,0.009369419035167803
omitted,selection,reverse,copy,repeat,0.5,57,specimen_57,60,0,1.0,0.23373554429845714,0.021797185682162268
omitted,selection,reverse,copy,repeat,0.5,57,specimen_57,60,45,0.5,0.8342403263675902,1.4720330859703474
omitted,selection,reverse,copy,repeat,0.5,57,specimen_57,60,45,1.0,0.8206892280154133,1.3211410668457
omitted,selection,reverse,copy,repeat,0.5,57,specimen_57,60,90,0.5,0.9393869459875054,1.538081483099444
omitted,selection,reverse,copy,repeat,0.5,57,specimen_57,60,90,1.0,0.9648121812589902,1.5969849229092516
omitted,selection,reverse,copy,repeat,0.5,57,specimen_57,60,135,0.5,0.8333597755094143,1.8589982599182977
omitted,selection,reverse,copy,repeat,0.5,57,specimen_57,60,135,1.0,0.8224044304887906,1.7790009382903795
omitted,selection,reverse,copy,repeat,0.5,57,specimen_57,60,180,0.5,0.39421791625301955,0.04136020128528489
omitted,selection,reverse,copy,repeat,0.5,57,specimen_57,60,180,1.0,0.39422651705089184,0.0645878076603309
omitted,selection,reverse,copy,repeat,0.5,57,specimen_57,60,225,0.5,0.7100308907978308,1.6865823906619062
omitted,selection,reverse,copy,repeat,0.5,57,specimen_57,60,225,1.0,0.6920022173919199,1.4106329160779045
omitted,selection,reverse,copy,repeat,0.5,57,specimen_57,60,270,0.5,0.8694295145462573,1.7713698216975522
omitted,selection,reverse,copy,repeat,0.5,57,specimen_57,60,270,1.0,0.7979338772400081,1.5343458522812736
omitted,selection,reverse,copy,repeat,0.5,57,specimen_57,60,315,0.5,0.7604681443635019,1.961081734985008
omitted,selection,reverse,copy,repeat,0.5,57,specimen_57,60,315,1.0,0.7588150944913948,1.9992486189925969
omitted,selection,reverse,copy,single,0.5,10,specimen_10,20,0,1.0,0.5683925823724518,0.4382662514018205
omitted,selection,reverse,copy,single,0.5,10,specimen_10,20,45,0.5,0.670182013979633,0.06917691450932695
omitted,selection,reverse,copy,single,0.5,10,specimen_10,20,45,1.0,0.7027530435545581,0.12460375180008976
omitted,selection,reverse,copy,single,0.5,10,specimen_10,20,90,0.5,0.8776068667871684,0.14948046893226752
omitted,selection,reverse,copy,single,0.5,10,specimen_10,20,90,1.0,0.7935413257336901,0.03415448531956122
omitted,selection,reverse,copy,single,0.5,10,specimen_10,20,135,0.5,0.657155493476803,0.11159892460328036
omitted,selection,reverse,copy,single,0.5,10,specimen_10,20,135,1.0,0.6697679188555817,0.154758795303084
omitted,selection,reverse,copy,single,0.5,10,specimen_10,20,180,0.5,0.5402387481282426,0.43525149669705254
omitted,selection,reverse,copy,single,0.5,10,specimen_10,20,180,1.0,0.5117155508494524,0.44220463349631123
omitted,selection,reverse,copy,single,0.5,10,specimen_10,20,225,0.5,0.6709005224279251,0.10385083538536188
omitted,selection,reverse,copy,single,0.5,10,specimen_10,20,225,1.0,0.6917706781386488,0.1327717683055777
omitted,selection,reverse,copy,single,0.5,10,specimen_10,20,270,0.5,0.8421927249494461,0.12375270201401967
omitted,selection,reverse,copy,single,0.5,10,specimen_10,20,270,1.0,0.7987568531979874,0.04117366525254185
omitted,selection,reverse,copy,single,0.5,10,specimen_10,20,315,0.5,0.6803065222997345,0.007103095204873178
omitted,selection,reverse,copy,single,0.5,10,specimen_10,20,315,1.0,0.7467292470590129,0.1413997662223525
omitted,selection,reverse,copy,single,0.5,10,specimen_10,40,45,0.5,0.5223744548192762,0.35013643508800607
omitted,selection,reverse,copy,single,0.5,10,specimen_10,40,45,1.0,0.5016583086394738,0.3330593582978465
omitted,selection,reverse,copy,single,0.5,10,specimen_10,40,90,1.0,0.7208592271662525,1.4117836583301355
omitted,selection,reverse,copy,single,0.5,10,specimen_10,40,135,0.5,0.5324126933600971,0.6933928902301174
omitted,selection,reverse,copy,single,0.5,10,specimen_10,40,135,1.0,0.534212510029252,0.4508781023163191
omitted,selection,reverse,copy,single,0.5,10,specimen_10,40,180,0.5,0.3574101484618167,0.286866712451609
omitted,selection,reverse,copy,single,0.5,10,specimen_10,40,180,1.0,0.2867622170785012,0.14970523229040456
omitted,selection,reverse,copy,single,0.5,10,specimen_10,40,225,0.5,0.5489917655998089,0.46076067980596447
omitted,selection,reverse,copy,single,0.5,10,specimen_10,40,225,1.0,0.5216330506371204,0.22729080909476318
omitted,selection,reverse,copy,single,0.5,10,specimen_10,40,270,0.5,0.7707206424720473,1.0310489928535445
omitted,selection,reverse,copy,single,0.5,10,specimen_10,40,270,1.0,0.7209598535968905,0.7042061453891437
omitted,selection,reverse,copy,single,0.5,10,specimen_10,40,315,0.5,0.5744613325533529,1.0499678030105069
omitted,selection,reverse,copy,single,0.5,10,specimen_10,40,315,1.0,0.5229900206711257,0.4645555770209988
omitted,selection,reverse,copy,single,0.5,10,specimen_10,60,0,0.5,0.25412048913271823,0.04199364339533873
omitted,selection,reverse,copy,single,0.5,10,specimen_10,60,0,1.0,0.2676810152703352,0.0659897326509773
omitted,selection,reverse,copy,single,0.5,10,specimen_10,60,45,0.5,0.5507959930166827,0.9302736808571379
omitted,selection,reverse,copy,single,0.5,10,specimen_10,60,45,1.0,0.5423378525443675,1.0322432368416377
omitted,selection,reverse,copy,single,0.5,10,specimen_10,60,90,0.5,0.7767801280132272,1.2421222738630973
omitted,selection,reverse,copy,single,0.5,10,specimen_10,60,90,1.0,0.7489415295266629,1.4538669776510447
omitted,selection,reverse,copy,single,0.5,10,specimen_10,60,135,0.5,0.5576316234204889,1.1430441705579562
omitted,selection,reverse,copy,single,0.5,10,specimen_10,60,135,1.0,0.5972898559947304,1.2003073896408254
omitted,selection,reverse,copy,single,0.5,10,specimen_10,60,180,0.5,0.3544358085066243,0.17658967775317658
omitted,selection,reverse,copy,single,0.5,10,specimen_10,60,180,1.0,0.34453072010476493,0.024491957630579764
omitted,selection,reverse,copy,single,0.5,10,specimen_10,60,225,0.5,0.5052917172736339,0.8265944860072965
omitted,selection,reverse,copy,single,0.5,10,specimen_10,60,225,1.0,0.4925554648630966,0.8289566961692689
omitted,selection,reverse,copy,single,0.5,10,specimen_10,60,270,0.5,0.7890218583136073,1.1872302452906232
omitted,selection,reverse,copy,single,0.5,10,specimen_10,60,270,1.0,0.7351354939742599,1.001629385350251
omitted,selection,reverse,copy,single,0.5,10,specimen_10,60,315,0.5,0.5460738667311135,0.7558474838624383
omitted,selection,reverse,copy,single,0.5,10,specimen_10,60,315,1.0,0.5239108035200248,0.9328510726435113
omitted,selection,reverse,copy,single,0.5,57,specimen_57,20,0,1.0,0.28512341488718745,0.08286674516681197
omitted,selection,reverse,copy,single,0.5,57,specimen_57,20,45,0.5,0.46386688031411283,0.3520842021381546
omitted,selection,reverse,copy,single,0.5,57,specimen_57,20,45,1.0,0.46953005350858384,0.3289337339094198
omitted,selection,reverse,copy,single,0.5,57,specimen_57,20,90,0.5,0.4363630703865328,0.314852848836085
omitted,selection,reverse,copy,single,0.5,57,specimen_57,20,90,1.0,0.4448124363772406,0.27441351555343096
omitted,selection,reverse,copy,single,0.5,57,specimen_57,20,135,0.5,0.472372058355708,0.2834764377494984
omitted,selection,reverse,copy,single,0.5,57,specimen_57,20,135,1.0,0.48007905266925094,0.24130535116544383
omitted,selection,reverse,copy,single,0.5,57,specimen_57,20,180,0.5,0.3036983439814723,0.122435989664092
omitted,selection,reverse,copy,single,0.5,57,specimen_57,20,180,1.0,0.30328970962897506,0.12534132566350673
omitted,selection,reverse,copy,single,0.5,57,specimen_57,20,225,0.5,0.46292948053285227,0.29338754434977743
omitted,selection,reverse,copy,single,0.5,57,specimen_57,20,225,1.0,0.48567227101636057,0.27147453402936506
omitted,selection,reverse,copy,single,0.5,57,specimen_57,20,270,0.5,0.4590630669221201,0.23688682041461095
omitted,selection,reverse,copy,single,0.5,57,specimen_57,20,270,1.0,0.4741220914243591,0.3206983767618632
omitted,selection,reverse,copy,single,0.5,57,specimen_57,20,315,0.5,0.4753855771696129,0.36905181249355445
omitted,selection,reverse,copy,single,0.5,57,specimen_57,20,315,1.0,0.4778252733170761,0.2534828530001083
omitted,selection,reverse,copy,single,0.5,57,specimen_57,40,45,0.5,0.5240032925807059,0.6453977280253194
omitted,selection,reverse,copy,single,0.5,57,specimen_57,40,45,1.0,0.5336099073956028,0.6006673818254872
omitted,selection,reverse,copy,single,0.5,57,specimen_57,40,90,1.0,0.8725606830637593,1.6712560111352357
omitted,selection,reverse,copy,single,0.5,57,specimen_57,40,135,0.5,0.5559826193131562,1.0487798678610112
omitted,selection,reverse,copy,single,0.5,57,specimen_57,40,135,1.0,0.5492722115803989,0.873290054858197
omitted,selection,reverse,copy,single,0.5,57,specimen_57,40,180,0.5,0.26347175097332615,0.07009417418907121
omitted,selection,reverse,copy,single,0.5,57,specimen_57,40,180,1.0,0.27968181884935434,0.06456276321107729
omitted,selection,reverse,copy,single,0.5,57,specimen_57,40,225,0.5,0.5209185567145792,0.8077214336713245
omitted,selection,reverse,copy,single,0.5,57,specimen_57,40,225,1.0,0.545243517859945,0.673676352029426
omitted,selection,reverse,copy,single,0.5,57,specimen_57,40,270,0.5,0.7900945964670383,1.985239074811605
omitted,selection,reverse,copy,single,0.5,57,specimen_57,40,270,1.0,0.7753121290131436,1.8744484690561982
omitted,selection,reverse,copy,single,0.5,57,specimen_57,40,315,0.5,0.5194028516249153,1.9016434208017616
omitted,selection,reverse,copy,single,0.5,57,specimen_57,40,315,1.0,0.4865910181610878,1.415938071306701
omitted,selection,reverse,copy,single,0.5,57,specimen_57,60,0,0.5,0.2639493920747488,0.016752982318512855
omitted,selection,reverse,copy,single,0.5,57,specimen_57,60,0,1.0,0.25876583977531226,0.02918074896550732
omitted,selection,reverse,copy,single,0.5,57,specimen_57,60,45,0.5,0.8254658626387453,1.4646495226870024
omitted,selection,reverse,copy,single,0.5,57,specimen_57,60,45,1.0,0.8117033427090844,1.313757503562355
omitted,selection,reverse,copy,single,0.5,57,specimen_57,60,90,0.5,0.9320139822964998,1.530697919816099
omitted,selection,reverse,copy,single,0.5,57,specimen_57,60,90,1.0,0.9591852565360939,1.5896013596259067
omitted,selection,reverse,copy,single,0.5,57,specimen_57,60,135,0.5,0.8242034667127992,1.8516146966349527
omitted,selection,reverse,copy,single,0.5,57,specimen_57,60,135,1.0,0.8129796156378486,1.7716173750070345
omitted,selection,reverse,copy,single,0.5,57,specimen_57,60,180,0.5,0.39894289127079735,0.03397663800193984
omitted,selection,reverse,copy,single,0.5,57,specimen_57,60,180,1.0,0.3982452400434764,0.05720424437698585
omitted,selection,reverse,copy,single,0.5,57,specimen_57,60,225,0.5,0.714638480558234,1.6791988273785612
omitted,selection,reverse,copy,single,0.5,57,specimen_57,60,225,1.0,0.6858458119554532,1.4032493527945595
omitted,selection,reverse,copy,single,0.5,57,specimen_57,60,270,0.5,0.8647176367115538,1.7639862584142072
omitted,selection,reverse,copy,single,0.5,57,specimen_57,60,270,1.0,0.7970341683684016,1.5269622889979286
omitted,selection,reverse,copy,single,0.5,57,specimen_57,60,315,0.5,0.7558015942561438,1.953698171701663
omitted,selection,reverse,copy,single,0.5,57,specimen_57,60,315,1.0,0.7554837171345303,1.9918650557092519
omitted,selection,reverse,encoder,direction,0.5,10,specimen_10,20,0,1.0,0.3793317874272664,0.22876327677895306
omitted,selection,reverse,encoder,direction,0.5,10,specimen_10,20,45,0.5,0.2300203045209249,0.11900996837230533
omitted,selection,reverse,encoder,direction,0.5,10,specimen_10,20,45,1.0,0.2757693777481715,0.06349001535829797
omitted,selection,reverse,encoder,direction,0.5,10,specimen_10,20,90,0.5,0.46044113238652545,0.04992335502829263
omitted,selection,reverse,encoder,direction,0.5,10,specimen_10,20,90,1.0,0.3603408833344777,0.162077106310723
omitted,selection,reverse,encoder,direction,0.5,10,specimen_10,20,135,0.5,0.21906836330890656,0.12735344480212762
omitted,selection,reverse,encoder,direction,0.5,10,specimen_10,20,135,1.0,0.24652042984962463,0.08031858623456056
omitted,selection,reverse,encoder,direction,0.5,10,specimen_10,20,180,0.5,0.32857879996299744,0.15271007273924597
omitted,selection,reverse,encoder,direction,0.5,10,specimen_10,20,180,1.0,0.3186688820521037,0.16156299047107664
omitted,selection,reverse,encoder,direction,0.5,10,specimen_10,20,225,0.5,0.22516536712646484,0.18183785246096992
omitted,selection,reverse,encoder,direction,0.5,10,specimen_10,20,225,1.0,0.26289015014966327,0.1512457051375893
omitted,selection,reverse,encoder,direction,0.5,10,specimen_10,20,270,0.5,0.3622052073478699,0.13422375949170304
omitted,selection,reverse,encoder,direction,0.5,10,specimen_10,20,270,1.0,0.2917053798834483,0.301610407548008
omitted,selection,reverse,encoder,direction,0.5,10,specimen_10,20,315,0.5,0.22246214747428894,0.23512020937374611
omitted,selection,reverse,encoder,direction,0.5,10,specimen_10,20,315,1.0,0.2866750905911128,0.3708874362350589
omitted,selection,reverse,encoder,direction,0.5,10,specimen_10,40,45,0.5,0.21686516205469766,0.3380631925364332
omitted,selection,reverse,encoder,direction,0.5,10,specimen_10,40,45,1.0,0.21421750883261362,0.3092224133009915
omitted,selection,reverse,encoder,direction,0.5,10,specimen_10,40,90,1.0,0.40569695830345154,1.3844359573451623
omitted,selection,reverse,encoder,direction,0.5,10,specimen_10,40,135,0.5,0.24589706460634866,0.732588648763056
omitted,selection,reverse,encoder,direction,0.5,10,specimen_10,40,135,1.0,0.24049328764279684,0.4795131575737626
omitted,selection,reverse,encoder,direction,0.5,10,specimen_10,40,180,0.5,0.415347158908844,0.16596651649809402
omitted,selection,reverse,encoder,direction,0.5,10,specimen_10,40,180,1.0,0.4019497235616048,0.03306881723036548
omitted,selection,reverse,encoder,direction,0.5,10,specimen_10,40,225,0.5,0.22578916450341543,0.5835521194444449
omitted,selection,reverse,encoder,direction,0.5,10,specimen_10,40,225,1.0,0.21301275988419852,0.3459104764892181
omitted,selection,reverse,encoder,direction,0.5,10,specimen_10,40,270,0.5,0.3847252130508423,1.1006257808497282
omitted,selection,reverse,encoder,direction,0.5,10,specimen_10,40,270,1.0,0.33488841851552326,0.7739934608858037
omitted,selection,reverse,encoder,direction,0.5,10,specimen_10,40,315,0.5,0.23264561593532562,1.0986419070469304
omitted,selection,reverse,encoder,direction,0.5,10,specimen_10,40,315,1.0,0.2113233357667923,0.507333412821575
omitted,selection,reverse,encoder,direction,0.5,10,specimen_10,60,0,0.5,0.4725448091824849,0.23710504248990383
omitted,selection,reverse,encoder,direction,0.5,10,specimen_10,60,0,1.0,0.42721396684646606,0.15176744310359339
omitted,selection,reverse,encoder,direction,0.5,10,specimen_10,60,45,0.5,0.29571019609769184,0.619488940146027
omitted,selection,reverse,encoder,direction,0.5,10,specimen_10,60,45,1.0,0.29692868888378143,0.677995114144388
omitted,selection,reverse,encoder,direction,0.5,10,specimen_10,60,90,0.5,0.47343332568804425,0.8726239328584507
omitted,selection,reverse,encoder,direction,0.5,10,specimen_10,60,90,1.0,0.4109240074952443,1.039304946764857
omitted,selection,reverse,encoder,direction,0.5,10,specimen_10,60,135,0.5,0.23471980293591818,0.8519818829973689
omitted,selection,reverse,encoder,direction,0.5,10,specimen_10,60,135,1.0,0.26089294254779816,0.8555236205373555
omitted,selection,reverse,encoder,direction,0.5,10,specimen_10,60,180,0.5,0.45338988304138184,0.30101141459390873
omitted,selection,reverse,encoder,direction,0.5,10,specimen_10,60,180,1.0,0.4561244150002797,0.178387083962995
omitted,selection,reverse,encoder,direction,0.5,10,specimen_10,60,225,0.5,0.2693529526392619,0.698322338819659
omitted,selection,reverse,encoder,direction,0.5,10,specimen_10,60,225,1.0,0.26491883397102356,0.6732761309223264
omitted,selection,reverse,encoder,direction,0.5,10,specimen_10,60,270,0.5,0.43414032459259033,0.9893498329850763
omitted,selection,reverse,encoder,direction,0.5,10,specimen_10,60,270,1.0,0.37701977292696637,0.7511238519313879
omitted,selection,reverse,encoder,direction,0.5,10,specimen_10,60,315,0.5,0.21982312202453613,0.5556473103328644
omitted,selection,reverse,encoder,direction,0.5,10,specimen_10,60,315,1.0,0.21963190038998923,0.7089961265382176
omitted,selection,reverse,encoder,direction,0.5,57,specimen_57,20,0,1.0,0.4278142551581065,0.23257429060579585
omitted,selection,reverse,encoder,direction,0.5,57,specimen_57,20,45,0.5,0.24358122050762177,0.1810112816012265
omitted,selection,reverse,encoder,direction,0.5,57,specimen_57,20,45,1.0,0.23806956907113394,0.1565214664466561
omitted,selection,reverse,encoder,direction,0.5,57,specimen_57,20,90,0.5,0.2906623383363088,0.15412959284361935
omitted,selection,reverse,encoder,direction,0.5,57,specimen_57,20,90,1.0,0.31346772114435834,0.10932029763558417
omitted,selection,reverse,encoder,direction,0.5,57,specimen_57,20,135,0.5,0.21000905831654867,0.15626113222503404
omitted,selection,reverse,encoder,direction,0.5,57,specimen_57,20,135,1.0,0.2430854340394338,0.11132541327859628
omitted,selection,reverse,encoder,direction,0.5,57,specimen_57,20,180,0.5,0.4219409028689067,0.2187006617277988
omitted,selection,reverse,encoder,direction,0.5,57,specimen_57,20,180,1.0,0.4091074566046397,0.22155971342617622
omitted,selection,reverse,encoder,direction,0.5,57,specimen_57,20,225,0.5,0.22744240363438925,0.1958008188128341
omitted,selection,reverse,encoder,direction,0.5,57,specimen_57,20,225,1.0,0.2245724399884542,0.174820203362994
omitted,selection,reverse,encoder,direction,0.5,57,specimen_57,20,270,0.5,0.3611213465531667,0.11858767132710857
omitted,selection,reverse,encoder,direction,0.5,57,specimen_57,20,270,1.0,0.2809741795063019,0.20459863230416367
omitted,selection,reverse,encoder,direction,0.5,57,specimen_57,20,315,0.5,0.25058812896410626,0.22760641947168533
omitted,selection,reverse,encoder,direction,0.5,57,specimen_57,20,315,1.0,0.24037465453147888,0.11481364219221311
omitted,selection,reverse,encoder,direction,0.5,57,specimen_57,40,45,0.5,0.27312812705834705,0.3545282728526877
omitted,selection,reverse,encoder,direction,0.5,57,specimen_57,40,45,1.0,0.2515515834093094,0.297449222953292
omitted,selection,reverse,encoder,direction,0.5,57,specimen_57,40,90,1.0,0.42977912227312726,1.3596292529981904
omitted,selection,reverse,encoder,direction,0.5,57,specimen_57,40,135,0.5,0.3028023342291514,0.7955828904281014
omitted,selection,reverse,encoder,direction,0.5,57,specimen_57,40,135,1.0,0.3080155650774638,0.6136998575082091
omitted,selection,reverse,encoder,direction,0.5,57,specimen_57,40,180,0.5,0.4704052805900574,0.12676465373616894
omitted,selection,reverse,encoder,direction,0.5,57,specimen_57,40,180,1.0,0.4309649169445038,0.1392568383687898
omitted,selection,reverse,encoder,direction,0.5,57,specimen_57,40,225,0.5,0.3420934279759725,0.6054429919403407
omitted,selection,reverse,encoder,direction,0.5,57,specimen_57,40,225,1.0,0.2921197811762492,0.46692514420587256
omitted,selection,reverse,encoder,direction,0.5,57,specimen_57,40,270,0.5,0.3938903907934825,1.7470024286303671
omitted,selection,reverse,encoder,direction,0.5,57,specimen_57,40,270,1.0,0.39441723624865216,1.632994321585973
omitted,selection,reverse,encoder,direction,0.5,57,specimen_57,40,315,0.5,0.3123452961444855,1.653835697427235
omitted,selection,reverse,encoder,direction,0.5,57,specimen_57,40,315,1.0,0.3691350022951762,1.1607843810604797
omitted,selection,reverse,encoder,direction,0.5,57,specimen_57,60,0,0.5,0.7203358809153239,0.41349886079322423
omitted,selection,reverse,encoder,direction,0.5,57,specimen_57,60,0,1.0,0.6737104455629984,0.44820533825929026
omitted,selection,reverse,encoder,direction,0.5,57,specimen_57,60,45,0.5,0.40013859669367474,1.0040530452291827
omitted,selection,reverse,encoder,direction,0.5,57,specimen_57,60,45,1.0,0.38084423542022705,0.8223542712199391
omitted,selection,reverse,encoder,direction,0.5,57,specimen_57,60,90,0.5,0.4060010612010956,1.0152517530098655
omitted,selection,reverse,encoder,direction,0.5,57,specimen_57,60,90,1.0,0.41463910539944965,1.0475930034680008
omitted,selection,reverse,encoder,direction,0.5,57,specimen_57,60,135,0.5,0.40130869547526044,1.396276323165992
omitted,selection,reverse,encoder,direction,0.5,57,specimen_57,60,135,1.0,0.4313154419263204,1.3122732824024348
omitted,selection,reverse,encoder,direction,0.5,57,specimen_57,60,180,0.5,0.5524326165517172,0.31017565973526756
omitted,selection,reverse,encoder,direction,0.5,57,specimen_57,60,180,1.0,0.5651284456253052,0.30112533195712765
omitted,selection,reverse,encoder,direction,0.5,57,specimen_57,60,225,0.5,0.34773685534795123,1.3226886433024034
omitted,selection,reverse,encoder,direction,0.5,57,specimen_57,60,225,1.0,0.3630163272221883,1.0340558913597944
omitted,selection,reverse,encoder,direction,0.5,57,specimen_57,60,270,0.5,0.4143932859102885,1.345689001680019
omitted,selection,reverse,encoder,direction,0.5,57,specimen_57,60,270,1.0,0.40881262222925824,1.0953486665775263
omitted,selection,reverse,encoder,direction,0.5,57,specimen_57,60,315,0.5,0.31984378894170123,1.5561654474835247
omitted,selection,reverse,encoder,direction,0.5,57,specimen_57,60,315,1.0,0.36310018102327984,1.5741149249285293
omitted,selection,reverse,encoder,repeat,0.5,10,specimen_10,20,0,1.0,0.4226306776205699,0.2638310945771305
omitted,selection,reverse,encoder,repeat,0.5,10,specimen_10,20,45,0.5,0.260042667388916,0.09114121692998478
omitted,selection,reverse,encoder,repeat,0.5,10,specimen_10,20,45,1.0,0.3155249108870824,0.04717977814927928
omitted,selection,reverse,encoder,repeat,0.5,10,specimen_10,20,90,0.5,0.49772096673647565,0.045204317565468756
omitted,selection,reverse,encoder,repeat,0.5,10,specimen_10,20,90,1.0,0.39341609676678974,0.1339621253047101
omitted,selection,reverse,encoder,repeat,0.5,10,specimen_10,20,135,0.5,0.2427877535422643,0.10496186818237253
omitted,selection,reverse,encoder,repeat,0.5,10,specimen_10,20,135,1.0,0.2738633006811142,0.05729249460775462
omitted,selection,reverse,encoder,repeat,0.5,10,specimen_10,20,180,0.5,0.35321860512097675,0.17410747222414055
omitted,selection,reverse,encoder,repeat,0.5,10,specimen_10,20,180,1.0,0.33568720022837323,0.18510010550579237
omitted,selection,reverse,encoder,repeat,0.5,10,specimen_10,20,225,0.5,0.2630523343880971,0.1601747049919006
omitted,selection,reverse,encoder,repeat,0.5,10,specimen_10,20,225,1.0,0.29464789231618244,0.12873847319196488
omitted,selection,reverse,encoder,repeat,0.5,10,specimen_10,20,270,0.5,0.3931938608487447,0.10819180232230102
omitted,selection,reverse,encoder,repeat,0.5,10,specimen_10,20,270,1.0,0.3150400221347809,0.27193567345597264
omitted,selection,reverse,encoder,repeat,0.5,10,specimen_10,20,315,0.5,0.24166923264662424,0.20497273418282433
omitted,selection,reverse,encoder,repeat,0.5,10,specimen_10,20,315,1.0,0.33172964056332904,0.33843239184723845
omitted,selection,reverse,encoder,repeat,0.5,10,specimen_10,40,45,0.5,0.23564483722050986,0.3023787780722616
omitted,selection,reverse,encoder,repeat,0.5,10,specimen_10,40,45,1.0,0.23488575220108032,0.26648590457627797
omitted,selection,reverse,encoder,repeat,0.5,10,specimen_10,40,90,1.0,0.40480748812357586,1.3454031791822345
omitted,selection,reverse,encoder,repeat,0.5,10,specimen_10,40,135,0.5,0.2512616316477458,0.7082733156613976
omitted,selection,reverse,encoder,repeat,0.5,10,specimen_10,40,135,1.0,0.2681905925273895,0.44638196374505945
omitted,selection,reverse,encoder,repeat,0.5,10,specimen_10,40,180,0.5,0.4222879906495412,0.19314334504471142
omitted,selection,reverse,encoder,repeat,0.5,10,specimen_10,40,180,1.0,0.3980494439601898,0.06595265086321352
omitted,selection,reverse,encoder,repeat,0.5,10,specimen_10,40,225,0.5,0.2577160845200221,0.5572995577796943
omitted,selection,reverse,encoder,repeat,0.5,10,specimen_10,40,225,1.0,0.23490755756696066,0.3126354523340526
omitted,selection,reverse,encoder,repeat,0.5,10,specimen_10,40,270,0.5,0.3971816500027974,1.0786002361306748
omitted,selection,reverse,encoder,repeat,0.5,10,specimen_10,40,270,1.0,0.3452354570229848,0.7402502486058316
omitted,selection,reverse,encoder,repeat,0.5,10,specimen_10,40,315,0.5,0.24685202538967133,1.0651682001651206
omitted,selection,reverse,encoder,repeat,0.5,10,specimen_10,40,315,1.0,0.21088337898254395,0.4693149523689235
omitted,selection,reverse,encoder,repeat,0.5,10,specimen_10,60,0,0.5,0.4764813383420308,0.2946600033581606
omitted,selection,reverse,encoder,repeat,0.5,10,specimen_10,60,0,1.0,0.42486905058224994,0.19546471341426142
omitted,selection,reverse,encoder,repeat,0.5,10,specimen_10,60,45,0.5,0.30988680322964984,0.5736438642239615
omitted,selection,reverse,encoder,repeat,0.5,10,specimen_10,60,45,1.0,0.294016753633817,0.6531891671623289
omitted,selection,reverse,encoder,repeat,0.5,10,specimen_10,60,90,0.5,0.49504106243451435,0.8147349234559605
omitted,selection,reverse,encoder,repeat,0.5,10,specimen_10,60,90,1.0,0.41959163546562195,0.9955604008195694
omitted,selection,reverse,encoder,repeat,0.5,10,specimen_10,60,135,0.5,0.23018020888169607,0.8133755357981594
omitted,selection,reverse,encoder,repeat,0.5,10,specimen_10,60,135,1.0,0.2508450597524643,0.8201928306942566
omitted,selection,reverse,encoder,repeat,0.5,10,specimen_10,60,180,0.5,0.4631933569908142,0.3388951863135578
omitted,selection,reverse,encoder,repeat,0.5,10,specimen_10,60,180,1.0,0.4543594519297282,0.21116727547719857
omitted,selection,reverse,encoder,repeat,0.5,10,specimen_10,60,225,0.5,0.2913362781206767,0.68033124448875
omitted,selection,reverse,encoder,repeat,0.5,10,specimen_10,60,225,1.0,0.27514121929804486,0.656003207943289
omitted,selection,reverse,encoder,repeat,0.5,10,specimen_10,60,270,0.5,0.4447220365206401,0.976154506499015
omitted,selection,reverse,encoder,repeat,0.5,10,specimen_10,60,270,1.0,0.3805664579073588,0.7498492373116146
omitted,selection,reverse,encoder,repeat,0.5,10,specimen_10,60,315,0.5,0.2189455529054006,0.5060812016013606
omitted,selection,reverse,encoder,repeat,0.5,10,specimen_10,60,315,1.0,0.2065895696481069,0.6752806242871019
omitted,selection,reverse,encoder,repeat,0.5,57,specimen_57,20,0,1.0,0.4724169174830119,0.17095953147804646
omitted,selection,reverse,encoder,repeat,0.5,57,specimen_57,20,45,0.5,0.29305129249890643,0.2497080875474722
omitted,selection,reverse,encoder,repeat,0.5,57,specimen_57,20,45,1.0,0.24892752865950266,0.22428471839438516
omitted,selection,reverse,encoder,repeat,0.5,57,specimen_57,20,90,0.5,0.2750740349292755,0.22118119302166206
omitted,selection,reverse,encoder,repeat,0.5,57,specimen_57,20,90,1.0,0.2725243767102559,0.1754395561385377
omitted,selection,reverse,encoder,repeat,0.5,57,specimen_57,20,135,0.5,0.29034026463826496,0.2207694441572936
omitted,selection,reverse,encoder,repeat,0.5,57,specimen_57,20,135,1.0,0.2674008558193843,0.17401950340914474
omitted,selection,reverse,encoder,repeat,0.5,57,specimen_57,20,180,0.5,0.42906896273295086,0.15543524860634297
omitted,selection,reverse,encoder,repeat,0.5,57,specimen_57,20,180,1.0,0.3840470314025879,0.16224338640481803
omitted,selection,reverse,encoder,repeat,0.5,57,specimen_57,20,225,0.5,0.3174269696076711,0.25804285151182
omitted,selection,reverse,encoder,repeat,0.5,57,specimen_57,20,225,1.0,0.2972969909509023,0.23293487278633407
omitted,selection,reverse,encoder,repeat,0.5,57,specimen_57,20,270,0.5,0.3143698275089264,0.17861238082840084
omitted,selection,reverse,encoder,repeat,0.5,57,specimen_57,20,270,1.0,0.30892403920491535,0.25965283501271386
omitted,selection,reverse,encoder,repeat,0.5,57,specimen_57,20,315,0.5,0.3113364577293396,0.29225944766124384
omitted,selection,reverse,encoder,repeat,0.5,57,specimen_57,20,315,1.0,0.264403040210406,0.17442981595933782
omitted,selection,reverse,encoder,repeat,0.5,57,specimen_57,40,45,0.5,0.21570821106433868,0.44926485623455187
omitted,selection,reverse,encoder,repeat,0.5,57,specimen_57,40,45,1.0,0.2021485616763433,0.39344715553288895
omitted,selection,reverse,encoder,repeat,0.5,57,specimen_57,40,90,1.0,0.523493081331253,1.4544147394269606
omitted,selection,reverse,encoder,repeat,0.5,57,specimen_57,40,135,0.5,0.23052128652731577,0.8864179061193401
omitted,selection,reverse,encoder,repeat,0.5,57,specimen_57,40,135,1.0,0.2391643077135086,0.7068522458632002
omitted,selection,reverse,encoder,repeat,0.5,57,specimen_57,40,180,0.5,0.3526516755421956,0.04332288276434502
omitted,selection,reverse,encoder,repeat,0.5,57,specimen_57,40,180,1.0,0.36257071296374005,0.052474965756859615
omitted,selection,reverse,encoder,repeat,0.5,57,specimen_57,40,225,0.5,0.2510895033677419,0.6914674123542891
omitted,selection,reverse,encoder,repeat,0.5,57,specimen_57,40,225,1.0,0.24682178099950156,0.5521944708969495
omitted,selection,reverse,encoder,repeat,0.5,57,specimen_57,40,270,0.5,0.5382577776908875,1.8293600970151322
omitted,selection,reverse,encoder,repeat,0.5,57,specimen_57,40,270,1.0,0.4899101257324219,1.71610381290922
omitted,selection,reverse,encoder,repeat,0.5,57,specimen_57,40,315,0.5,0.26055915157000226,1.7399777430327303
omitted,selection,reverse,encoder,repeat,0.5,57,specimen_57,40,315,1.0,0.2785564760367076,1.2461613123514945
omitted,selection,reverse,encoder,repeat,0.5,57,specimen_57,60,0,0.5,0.5292072494824728,0.29649575846434384
omitted,selection,reverse,encoder,repeat,0.5,57,specimen_57,60,0,1.0,0.504809707403183,0.32642235630494376
omitted,selection,reverse,encoder,repeat,0.5,57,specimen_57,60,45,0.5,0.40422646204630536,1.1371015065075891
omitted,selection,reverse,encoder,repeat,0.5,57,specimen_57,60,45,1.0,0.3676636815071106,0.9622293332267496
omitted,selection,reverse,encoder,repeat,0.5,57,specimen_57,60,90,0.5,0.43302210172017414,1.1638652928406852
omitted,selection,reverse,encoder,repeat,0.5,57,specimen_57,60,90,1.0,0.46017231543858844,1.2057281057648404
omitted,selection,reverse,encoder,repeat,0.5,57,specimen_57,60,135,0.5,0.39428064227104187,1.5371017883146567
omitted,selection,reverse,encoder,repeat,0.5,57,specimen_57,60,135,1.0,0.4020020167032878,1.4519361063917422
omitted,selection,reverse,encoder,repeat,0.5,57,specimen_57,60,180,0.5,0.3452775577704112,0.1928749511933581
omitted,selection,reverse,encoder,repeat,0.5,57,specimen_57,60,180,1.0,0.35678864518801373,0.1747548028280299
omitted,selection,reverse,encoder,repeat,0.5,57,specimen_57,60,225,0.5,0.339603066444397,1.4426214846164427
omitted,selection,reverse,encoder,repeat,0.5,57,specimen_57,60,225,1.0,0.330365111430486,1.1575507817611939
omitted,selection,reverse,encoder,repeat,0.5,57,specimen_57,60,270,0.5,0.4140549898147583,1.4777543401008966
omitted,selection,reverse,encoder,repeat,0.5,57,specimen_57,60,270,1.0,0.36468440294265747,1.2271234739696462
omitted,selection,reverse,encoder,repeat,0.5,57,specimen_57,60,315,0.5,0.3571805457274119,1.6747807198588693
omitted,selection,reverse,encoder,repeat,0.5,57,specimen_57,60,315,1.0,0.34782734513282776,1.696076363765096
omitted,selection,reverse,encoder,single,0.5,10,specimen_10,20,0,1.0,0.5836128195126852,0.3617386259846998
omitted,selection,reverse,encoder,single,0.5,10,specimen_10,20,45,0.5,0.39302454392115277,0.030016453381447466
omitted,selection,reverse,encoder,single,0.5,10,specimen_10,20,45,1.0,0.4812857309977214,0.07468483649090929
omitted,selection,reverse,encoder,single,0.5,10,specimen_10,20,90,0.5,0.6495018402735392,0.0840601357443976
omitted,selection,reverse,encoder,single,0.5,10,specimen_10,20,90,1.0,0.5372316241264343,0.03918189725820446
omitted,selection,reverse,encoder,single,0.5,10,specimen_10,20,135,0.5,0.3609481950600942,0.048090166693756466
omitted,selection,reverse,encoder,single,0.5,10,specimen_10,20,135,1.0,0.40331776936848956,0.05359136429349102
omitted,selection,reverse,encoder,single,0.5,10,specimen_10,20,180,0.5,0.4905758500099182,0.25834182603754946
omitted,selection,reverse,encoder,single,0.5,10,specimen_10,20,180,1.0,0.45747483770052594,0.2701711439216007
omitted,selection,reverse,encoder,single,0.5,10,specimen_10,20,225,0.5,0.41603419184684753,0.07772208871310053
omitted,selection,reverse,encoder,single,0.5,10,specimen_10,20,225,1.0,0.44037675857543945,0.05897348702089159
omitted,selection,reverse,encoder,single,0.5,10,specimen_10,20,270,0.5,0.5337682763735453,0.04272538884053353
omitted,selection,reverse,encoder,single,0.5,10,specimen_10,20,270,1.0,0.4433206617832184,0.18414513551019895
omitted,selection,reverse,encoder,single,0.5,10,specimen_10,20,315,0.5,0.3723933498064677,0.10993075606751401
omitted,selection,reverse,encoder,single,0.5,10,specimen_10,20,315,1.0,0.5013834734757742,0.24206356756227676
omitted,selection,reverse,encoder,single,0.5,10,specimen_10,40,45,0.5,0.36814069747924805,0.15612760384318206
omitted,selection,reverse,encoder,single,0.5,10,specimen_10,40,45,1.0,0.35332520802815753,0.15819244504060556
omitted,selection,reverse,encoder,single,0.5,10,specimen_10,40,90,1.0,0.46528929471969604,1.1821598751291331
omitted,selection,reverse,encoder,single,0.5,10,specimen_10,40,135,0.5,0.3486835757891337,0.5707517863031698
omitted,selection,reverse,encoder,single,0.5,10,specimen_10,40,135,1.0,0.41769591967264813,0.30513341730018856
omitted,selection,reverse,encoder,single,0.5,10,specimen_10,40,180,0.5,0.47520242134730023,0.30258992708467697
omitted,selection,reverse,encoder,single,0.5,10,specimen_10,40,180,1.0,0.4356779456138611,0.18360325776927588
omitted,selection,reverse,encoder,single,0.5,10,specimen_10,40,225,0.5,0.3941013216972351,0.4506001758348314
omitted,selection,reverse,encoder,single,0.5,10,specimen_10,40,225,1.0,0.378464142481486,0.19804604042861418
omitted,selection,reverse,encoder,single,0.5,10,specimen_10,40,270,0.5,0.4917178551355998,0.9555964174846278
omitted,selection,reverse,encoder,single,0.5,10,specimen_10,40,270,1.0,0.4345582127571106,0.6158649615320372
omitted,selection,reverse,encoder,single,0.5,10,specimen_10,40,315,0.5,0.37332847714424133,0.9275561853018678
omitted,selection,reverse,encoder,single,0.5,10,specimen_10,40,315,1.0,0.3130544126033783,0.32802765068598433
omitted,selection,reverse,encoder,single,0.5,10,specimen_10,60,0,0.5,0.5185246765613556,0.4572097618506861
omitted,selection,reverse,encoder,single,0.5,10,specimen_10,60,0,1.0,0.44813409447669983,0.34290520280245235
omitted,selection,reverse,encoder,single,0.5,10,specimen_10,60,45,0.5,0.39184535543123883,0.4752917624930877
omitted,selection,reverse,encoder,single,0.5,10,specimen_10,60,45,1.0,0.3344655434290568,0.4916125760110552
omitted,selection,reverse,encoder,single,0.5,10,specimen_10,60,90,0.5,0.6061884760856628,0.6316312414335835
omitted,selection,reverse,encoder,single,0.5,10,specimen_10,60,90,1.0,0.5002923508485159,0.8190925865229414
omitted,selection,reverse,encoder,single,0.5,10,specimen_10,60,135,0.5,0.2961077888806661,0.6187355047157238
omitted,selection,reverse,encoder,single,0.5,10,specimen_10,60,135,1.0,0.29761236906051636,0.6408534197048571
omitted,selection,reverse,encoder,single,0.5,10,specimen_10,60,180,0.5,0.5300101339817047,0.49449616788806
omitted,selection,reverse,encoder,single,0.5,10,specimen_10,60,180,1.0,0.4765432874361674,0.3610279607144773
omitted,selection,reverse,encoder,single,0.5,10,specimen_10,60,225,0.5,0.410943071047465,0.52833071704907
omitted,selection,reverse,encoder,single,0.5,10,specimen_10,60,225,1.0,0.375477800766627,0.5041937806111103
omitted,selection,reverse,encoder,single,0.5,10,specimen_10,60,270,0.5,0.5412344137827555,0.8147293758956758
omitted,selection,reverse,encoder,single,0.5,10,specimen_10,60,270,1.0,0.45317169030507404,0.5908433046635219
omitted,selection,reverse,encoder,single,0.5,10,specimen_10,60,315,0.5,0.2694634646177292,0.35226373963828506
omitted,selection,reverse,encoder,single,0.5,10,specimen_10,60,315,1.0,0.2462595452864965,0.5192328520309966
omitted,selection,reverse,encoder,single,0.5,57,specimen_57,20,0,1.0,0.42102107405662537,0.22599051009830048
omitted,selection,reverse,encoder,single,0.5,57,specimen_57,20,45,0.5,0.2379990667104721,0.19002493720824065
omitted,selection,reverse,encoder,single,0.5,57,specimen_57,20,45,1.0,0.2311155100663503,0.16420529091210997
omitted,selection,reverse,encoder,single,0.5,57,specimen_57,20,90,0.5,0.2851947049299876,0.16292799069738292
omitted,selection,reverse,encoder,single,0.5,57,specimen_57,20,90,1.0,0.3077814777692159,0.11356473702827961
omitted,selection,reverse,encoder,single,0.5,57,specimen_57,20,135,0.5,0.2103980084260305,0.16531275652663566
omitted,selection,reverse,encoder,single,0.5,57,specimen_57,20,135,1.0,0.24109830955664316,0.11529613342253897
omitted,selection,reverse,encoder,single,0.5,57,specimen_57,20,180,0.5,0.4088560740152995,0.2056002551886782
omitted,selection,reverse,encoder,single,0.5,57,specimen_57,20,180,1.0,0.3911761740843455,0.21281381311670447
omitted,selection,reverse,encoder,single,0.5,57,specimen_57,20,225,0.5,0.22877017160256705,0.2085864945082964
omitted,selection,reverse,encoder,single,0.5,57,specimen_57,20,225,1.0,0.22224044799804688,0.18270569531466527
omitted,selection,reverse,encoder,single,0.5,57,specimen_57,20,270,0.5,0.3485892911752065,0.1266219816126647
omitted,selection,reverse,encoder,single,0.5,57,specimen_57,20,270,1.0,0.28096649050712585,0.20516578052935122
omitted,selection,reverse,encoder,single,0.5,57,specimen_57,20,315,0.5,0.2431402007738749,0.2387528397393833
omitted,selection,reverse,encoder,single,0.5,57,specimen_57,20,315,1.0,0.23300336798032126,0.12051434431942494
omitted,selection,reverse,encoder,single,0.5,57,specimen_57,40,45,0.5,0.2575110197067261,0.3718927790281339
omitted,selection,reverse,encoder,single,0.5,57,specimen_57,40,45,1.0,0.23780483504136404,0.3136023532420555
omitted,selection,reverse,encoder,single,0.5,57,specimen_57,40,90,1.0,0.43975892663002014,1.371587073233649
omitted,selection,reverse,encoder,single,0.5,57,specimen_57,40,135,0.5,0.28871385256449383,0.8139156140938507
omitted,selection,reverse,encoder,single,0.5,57,specimen_57,40,135,1.0,0.2972292999426524,0.6267965804706715
omitted,selection,reverse,encoder,single,0.5,57,specimen_57,40,180,0.5,0.44140470027923584,0.1069626754212218
omitted,selection,reverse,encoder,single,0.5,57,specimen_57,40,180,1.0,0.40268732110659283,0.11767895241548171
omitted,selection,reverse,encoder,single,0.5,57,specimen_57,40,225,0.5,0.3202192385991414,0.6264972454574473
omitted,selection,reverse,encoder,single,0.5,57,specimen_57,40,225,1.0,0.2757849395275116,0.4865490204349932
omitted,selection,reverse,encoder,single,0.5,57,specimen_57,40,270,0.5,0.4026704629262288,1.7618074392557965
omitted,selection,reverse,encoder,single,0.5,57,specimen_57,40,270,1.0,0.3955489595731099,1.6429781130982952
omitted,selection,reverse,encoder,single,0.5,57,specimen_57,40,315,0.5,0.29581110676129657,1.671589671581095
omitted,selection,reverse,encoder,single,0.5,57,specimen_57,40,315,1.0,0.35337422291437787,1.1749227208103805
omitted,selection,reverse,encoder,single,0.5,57,specimen_57,60,0,0.5,0.6905655264854431,0.3867806661440309
omitted,selection,reverse,encoder,single,0.5,57,specimen_57,60,0,1.0,0.6478756070137024,0.42331319721152333
omitted,selection,reverse,encoder,single,0.5,57,specimen_57,60,45,0.5,0.40026997526486713,1.0332911523857373
omitted,selection,reverse,encoder,single,0.5,57,specimen_57,60,45,1.0,0.3776821990807851,0.8539089385020094
omitted,selection,reverse,encoder,single,0.5,57,specimen_57,60,90,0.5,0.4105788270632426,1.0505342920436773
omitted,selection,reverse,encoder,single,0.5,57,specimen_57,60,90,1.0,0.42016419768333435,1.0901663668959183
omitted,selection,reverse,encoder,single,0.5,57,specimen_57,60,135,0.5,0.4004925489425659,1.4367620329150068
omitted,selection,reverse,encoder,single,0.5,57,specimen_57,60,135,1.0,0.42956380049387616,1.3420124639126199
omitted,selection,reverse,encoder,single,0.5,57,specimen_57,60,180,0.5,0.514680395523707,0.2776070944495561
omitted,selection,reverse,encoder,single,0.5,57,specimen_57,60,180,1.0,0.5220353702704111,0.26422642312010075
omitted,selection,reverse,encoder,single,0.5,57,specimen_57,60,225,0.5,0.3443295657634735,1.3577161350924432
omitted,selection,reverse,encoder,single,0.5,57,specimen_57,60,225,1.0,0.35339488585789997,1.0719502313036988
omitted,selection,reverse,encoder,single,0.5,57,specimen_57,60,270,0.5,0.4117392996946971,1.3891255676543965
omitted,selection,reverse,encoder,single,0.5,57,specimen_57,60,270,1.0,0.40020721157391864,1.1281136165003491
omitted,selection,reverse,encoder,single,0.5,57,specimen_57,60,315,0.5,0.3211616675059001,1.5834150131516929
omitted,selection,reverse,encoder,single,0.5,57,specimen_57,60,315,1.0,0.36332347989082336,1.6012752007130906
omitted,selection,reverse,encoder_wrong_support,direction,0.5,10,specimen_10,20,0,1.0,0.31983673572540283,0.09983881627433387
omitted,selection,reverse,encoder_wrong_support,direction,0.5,10,specimen_10,20,45,0.5,0.26258452733357746,0.24788514552021548
omitted,selection,reverse,encoder_wrong_support,direction,0.5,10,specimen_10,20,45,1.0,0.21348791817824045,0.19111896130361705
omitted,selection,reverse,encoder_wrong_support,direction,0.5,10,specimen_10,20,90,0.5,0.3173553744951884,0.1779312556417374
omitted,selection,reverse,encoder_wrong_support,direction,0.5,10,specimen_10,20,90,1.0,0.30285852154095966,0.2888872773290625
omitted,selection,reverse,encoder_wrong_support,direction,0.5,10,specimen_10,20,135,0.5,0.29759036501248676,0.24932075043872584
omitted,selection,reverse,encoder_wrong_support,direction,0.5,10,specimen_10,20,135,1.0,0.25886282821496326,0.20339624737653897
omitted,selection,reverse,encoder_wrong_support,direction,0.5,10,specimen_10,20,180,0.5,0.34755831956863403,0.0639503510147052
omitted,selection,reverse,encoder_wrong_support,direction,0.5,10,specimen_10,20,180,1.0,0.361321489016215,0.06571022753218538
omitted,selection,reverse,encoder_wrong_support,direction,0.5,10,specimen_10,20,225,0.5,0.23010986049969992,0.28669741964416534
omitted,selection,reverse,encoder_wrong_support,direction,0.5,10,specimen_10,20,225,1.0,0.2577679008245468,0.2587088815945218
omitted,selection,reverse,encoder_wrong_support,direction,0.5,10,specimen_10,20,270,0.5,0.3080289463202159,0.24608312946494848
omitted,selection,reverse,encoder_wrong_support,direction,0.5,10,specimen_10,20,270,1.0,0.3335021138191223,0.4132089013613129
omitted,selection,reverse,encoder_wrong_support,direction,0.5,10,specimen_10,20,315,0.5,0.2966141601403554,0.3537926827494746
omitted,selection,reverse,encoder_wrong_support,direction,0.5,10,specimen_10,20,315,1.0,0.2238721897204717,0.4908655359809278
omitted,selection,reverse,encoder_wrong_support,direction,0.5,10,specimen_10,40,45,0.5,0.3308134277661641,0.5474019604818449
omitted,selection,reverse,encoder_wrong_support,direction,0.5,10,specimen_10,40,45,1.0,0.3243839045365651,0.5179761799921219
omitted,selection,reverse,encoder_wrong_support,direction,0.5,10,specimen_10,40,90,1.0,0.5331936478614807,1.588291880759561
omitted,selection,reverse,encoder_wrong_support,direction,0.5,10,specimen_10,40,135,0.5,0.40766774614651996,0.928330893363678
omitted,selection,reverse,encoder_wrong_support,direction,0.5,10,specimen_10,40,135,1.0,0.3088768223921458,0.6794228855328018
omitted,selection,reverse,encoder_wrong_support,direction,0.5,10,specimen_10,40,180,0.5,0.48219814896583557,0.025743609387066952
omitted,selection,reverse,encoder_wrong_support,direction,0.5,10,specimen_10,40,180,1.0,0.48892641067504883,0.1346101466961989
omitted,selection,reverse,encoder_wrong_support,direction,0.5,10,specimen_10,40,225,0.5,0.302017609278361,0.7466172186414511
omitted,selection,reverse,encoder_wrong_support,direction,0.5,10,specimen_10,40,225,1.0,0.31665436426798504,0.5086745818376803
omitted,selection,reverse,encoder_wrong_support,direction,0.5,10,specimen_10,40,270,0.5,0.39578579862912494,1.280947327238777
omitted,selection,reverse,encoder_wrong_support,direction,0.5,10,specimen_10,40,270,1.0,0.41674192746480304,0.950886978485389
omitted,selection,reverse,encoder_wrong_support,direction,0.5,10,specimen_10,40,315,0.5,0.37817657987276715,1.290295060202451
omitted,selection,reverse,encoder_wrong_support,direction,0.5,10,specimen_10,40,315,1.0,0.39548755685488385,0.6975368673412482
omitted,selection,reverse,encoder_wrong_support,direction,0.5,10,specimen_10,60,0,0.5,0.5810033480326334,0.049395458696420445
omitted,selection,reverse,encoder_wrong_support,direction,0.5,10,specimen_10,60,0,1.0,0.5396039287249247,0.1351001239236649
omitted,selection,reverse,encoder_wrong_support,direction,0.5,10,specimen_10,60,45,0.5,0.42237987120946247,0.9578121839657888
omitted,selection,reverse,encoder_wrong_support,direction,0.5,10,specimen_10,60,45,1.0,0.5001568794250488,1.0289749850656922
omitted,selection,reverse,encoder_wrong_support,direction,0.5,10,specimen_10,60,90,0.5,0.43805090586344403,1.2148110876233342
omitted,selection,reverse,encoder_wrong_support,direction,0.5,10,specimen_10,60,90,1.0,0.48004650076230365,1.3999936020596093
omitted,selection,reverse,encoder_wrong_support,direction,0.5,10,specimen_10,60,135,0.5,0.49229900042215985,1.175840777655466
omitted,selection,reverse,encoder_wrong_support,direction,0.5,10,specimen_10,60,135,1.0,0.5292764405409495,1.2290982776026962
omitted,selection,reverse,encoder_wrong_support,direction,0.5,10,specimen_10,60,180,0.5,0.47437992691993713,0.03934562690041873
omitted,selection,reverse,encoder_wrong_support,direction,0.5,10,specimen_10,60,180,1.0,0.5275377829869589,0.10531344660177729
omitted,selection,reverse,encoder_wrong_support,direction,0.5,10,specimen_10,60,225,0.5,0.3502935469150543,0.9582192824976093
omitted,selection,reverse,encoder_wrong_support,direction,0.5,10,specimen_10,60,225,1.0,0.39221420884132385,0.9478982153009743
omitted,selection,reverse,encoder_wrong_support,direction,0.5,10,specimen_10,60,270,0.5,0.4200990895430247,1.2570679691229054
omitted,selection,reverse,encoder_wrong_support,direction,0.5,10,specimen_10,60,270,1.0,0.4559455116589864,1.058150743496319
omitted,selection,reverse,encoder_wrong_support,direction,0.5,10,specimen_10,60,315,0.5,0.480422447125117,0.8464497402107704
omitted,selection,reverse,encoder_wrong_support,direction,0.5,10,specimen_10,60,315,1.0,0.4573366940021515,1.0032359224292595
omitted,selection,reverse,encoder_wrong_support,direction,0.5,57,specimen_57,20,0,1.0,0.5601732730865479,0.3614987511104151
omitted,selection,reverse,encoder_wrong_support,direction,0.5,57,specimen_57,20,45,0.5,0.4276087284088135,0.052136104453316366
omitted,selection,reverse,encoder_wrong_support,direction,0.5,57,specimen_57,20,45,1.0,0.4443669815858205,0.028892520501337022
omitted,selection,reverse,encoder_wrong_support,direction,0.5,57,specimen_57,20,90,0.5,0.5027839342753092,0.02699679527360266
omitted,selection,reverse,encoder_wrong_support,direction,0.5,57,specimen_57,20,90,1.0,0.5322095652421316,0.025496838888826773
omitted,selection,reverse,encoder_wrong_support,direction,0.5,57,specimen_57,20,135,0.5,0.3909785747528076,0.04141607410357443
omitted,selection,reverse,encoder_wrong_support,direction,0.5,57,specimen_57,20,135,1.0,0.45462192098299664,0.03995174074204958
omitted,selection,reverse,encoder_wrong_support,direction,0.5,57,specimen_57,20,180,0.5,0.5981296102205912,0.32802954627275593
omitted,selection,reverse,encoder_wrong_support,direction,0.5,57,specimen_57,20,180,1.0,0.651808500289917,0.3328346632047427
omitted,selection,reverse,encoder_wrong_support,direction,0.5,57,specimen_57,20,225,0.5,0.35442133744557697,0.09094125162963869
omitted,selection,reverse,encoder_wrong_support,direction,0.5,57,specimen_57,20,225,1.0,0.37062209844589233,0.06735702690606153
omitted,selection,reverse,encoder_wrong_support,direction,0.5,57,specimen_57,20,270,0.5,0.5698057214419047,0.03643971919763528
omitted,selection,reverse,encoder_wrong_support,direction,0.5,57,specimen_57,20,270,1.0,0.44183771808942157,0.09300013849085881
omitted,selection,reverse,encoder_wrong_support,direction,0.5,57,specimen_57,20,315,0.5,0.41817885637283325,0.10893394609595686
omitted,selection,reverse,encoder_wrong_support,direction,0.5,57,specimen_57,20,315,1.0,0.43457310398419696,0.04285127103206019
omitted,selection,reverse,encoder_wrong_support,direction,0.5,57,specimen_57,40,45,0.5,0.5477108160654703,0.14518950490727592
omitted,selection,reverse,encoder_wrong_support,direction,0.5,57,specimen_57,40,45,1.0,0.5109865566094717,0.11091226303856638
omitted,selection,reverse,encoder_wrong_support,direction,0.5,57,specimen_57,40,90,1.0,0.45228785276412964,1.155773329583792
omitted,selection,reverse,encoder_wrong_support,direction,0.5,57,specimen_57,40,135,0.5,0.5649736324946085,0.5998406458274792
omitted,selection,reverse,encoder_wrong_support,direction,0.5,57,specimen_57,40,135,1.0,0.5877893368403116,0.41379012954917
omitted,selection,reverse,encoder_wrong_support,direction,0.5,57,specimen_57,40,180,0.5,0.7737422585487366,0.29714061042388434
omitted,selection,reverse,encoder_wrong_support,direction,0.5,57,specimen_57,40,180,1.0,0.7112502257029215,0.30693580229535417
omitted,selection,reverse,encoder_wrong_support,direction,0.5,57,specimen_57,40,225,0.5,0.6090674996376038,0.4423778927433344
omitted,selection,reverse,encoder_wrong_support,direction,0.5,57,specimen_57,40,225,1.0,0.5267894764741262,0.3041610388574104
omitted,selection,reverse,encoder_wrong_support,direction,0.5,57,specimen_57,40,270,0.5,0.435360183318456,1.5666808822413183
omitted,selection,reverse,encoder_wrong_support,direction,0.5,57,specimen_57,40,270,1.0,0.4670710364977519,1.4561008039863876
omitted,selection,reverse,encoder_wrong_support,direction,0.5,57,specimen_57,40,315,0.5,0.5816311041514078,1.462182544271715
omitted,selection,reverse,encoder_wrong_support,direction,0.5,57,specimen_57,40,315,1.0,0.6379736065864563,0.9705809265408066
omitted,selection,reverse,encoder_wrong_support,direction,0.5,57,specimen_57,60,0,0.5,1.0787871678670247,0.6999993619795485
omitted,selection,reverse,encoder_wrong_support,direction,0.5,57,specimen_57,60,0,1.0,1.016758104165395,0.7350729052865486
omitted,selection,reverse,encoder_wrong_support,direction,0.5,57,specimen_57,60,45,0.5,0.5431351860364279,0.665729801409421
omitted,selection,reverse,encoder_wrong_support,direction,0.5,57,specimen_57,60,45,1.0,0.542456328868866,0.4713744002986347
omitted,selection,reverse,encoder_wrong_support,direction,0.5,57,specimen_57,60,90,0.5,0.5220496753851572,0.673064598244982
omitted,selection,reverse,encoder_wrong_support,direction,0.5,57,specimen_57,60,90,1.0,0.5412048697471619,0.6869043481732483
omitted,selection,reverse,encoder_wrong_support,direction,0.5,57,specimen_57,60,135,0.5,0.5608713030815125,1.072417428507895
omitted,selection,reverse,encoder_wrong_support,direction,0.5,57,specimen_57,60,135,1.0,0.5900837580362955,0.938698625337094
omitted,selection,reverse,encoder_wrong_support,direction,0.5,57,specimen_57,60,180,0.5,0.9096327424049377,0.5785800794052628
omitted,selection,reverse,encoder_wrong_support,direction,0.5,57,specimen_57,60,180,1.0,0.9188172419865926,0.5848258625218999
omitted,selection,reverse,encoder_wrong_support,direction,0.5,57,specimen_57,60,225,0.5,0.5231749415397644,1.062791699624453
omitted,selection,reverse,encoder_wrong_support,direction,0.5,57,specimen_57,60,225,1.0,0.5417624513308207,0.7594338069811467
omitted,selection,reverse,encoder_wrong_support,direction,0.5,57,specimen_57,60,270,0.5,0.5574721495310465,1.0779708655421896
omitted,selection,reverse,encoder_wrong_support,direction,0.5,57,specimen_57,60,270,1.0,0.603161096572876,0.7883217750125949
omitted,selection,reverse,encoder_wrong_support,direction,0.5,57,specimen_57,60,315,0.5,0.4977392256259918,1.2653630176056188
omitted,selection,reverse,encoder_wrong_support,direction,0.5,57,specimen_57,60,315,1.0,0.5375727613766988,1.2798751290374877
omitted,selection,reverse,encoder_wrong_support,repeat,0.5,10,specimen_10,20,0,1.0,0.4215327501296997,0.04784268198632154
omitted,selection,reverse,encoder_wrong_support,repeat,0.5,10,specimen_10,20,45,0.5,0.44660188754399616,0.3165819514664612
omitted,selection,reverse,encoder_wrong_support,repeat,0.5,10,specimen_10,20,45,1.0,0.3483450412750244,0.25888221325134614
omitted,selection,reverse,encoder_wrong_support,repeat,0.5,10,specimen_10,20,90,0.5,0.3347601890563965,0.24498285581978008
omitted,selection,reverse,encoder_wrong_support,repeat,0.5,10,specimen_10,20,90,1.0,0.40290597081184387,0.3550065358320161
omitted,selection,reverse,encoder_wrong_support,repeat,0.5,10,specimen_10,20,135,0.5,0.48890261848767597,0.3138290623709854
omitted,selection,reverse,encoder_wrong_support,repeat,0.5,10,specimen_10,20,135,1.0,0.428608238697052,0.2660903375070875
omitted,selection,reverse,encoder_wrong_support,repeat,0.5,10,specimen_10,20,180,0.5,0.492819219827652,0.0433799000078833
omitted,selection,reverse,encoder_wrong_support,repeat,0.5,10,specimen_10,20,180,1.0,0.5051053663094839,0.04287621954851071
omitted,selection,reverse,encoder_wrong_support,repeat,0.5,10,specimen_10,20,225,0.5,0.4120459159215291,0.3489394523431512
omitted,selection,reverse,encoder_wrong_support,repeat,0.5,10,specimen_10,20,225,1.0,0.4044824441274007,0.31682355101786186
omitted,selection,reverse,encoder_wrong_support,repeat,0.5,10,specimen_10,20,270,0.5,0.4089362124602,0.3061078389662408
omitted,selection,reverse,encoder_wrong_support,repeat,0.5,10,specimen_10,20,270,1.0,0.4809570014476776,0.46826310406986305
omitted,selection,reverse,encoder_wrong_support,repeat,0.5,10,specimen_10,20,315,0.5,0.487351526816686,0.4184457109390331
omitted,selection,reverse,encoder_wrong_support,repeat,0.5,10,specimen_10,20,315,1.0,0.3518633445103963,0.5504817097480526
omitted,selection,reverse,encoder_wrong_support,repeat,0.5,10,specimen_10,40,45,0.5,0.534734825293223,0.6421385438637092
omitted,selection,reverse,encoder_wrong_support,repeat,0.5,10,specimen_10,40,45,1.0,0.5310655037562052,0.6139741125717189
omitted,selection,reverse,encoder_wrong_support,repeat,0.5,10,specimen_10,40,90,1.0,0.7073343793551127,1.6830773671883312
omitted,selection,reverse,encoder_wrong_support,repeat,0.5,10,specimen_10,40,135,0.5,0.6023367047309875,1.0191659090549168
omitted,selection,reverse,encoder_wrong_support,repeat,0.5,10,specimen_10,40,135,1.0,0.5061787962913513,0.7725752738877928
omitted,selection,reverse,encoder_wrong_support,repeat,0.5,10,specimen_10,40,180,0.5,0.6096579829851786,0.08936958507923465
omitted,selection,reverse,encoder_wrong_support,repeat,0.5,10,specimen_10,40,180,1.0,0.6329047481218973,0.22139201930812905
omitted,selection,reverse,encoder_wrong_support,repeat,0.5,10,specimen_10,40,225,0.5,0.5166876117388407,0.8326416390553995
omitted,selection,reverse,encoder_wrong_support,repeat,0.5,10,specimen_10,40,225,1.0,0.51524951060613,0.5939439085287572
omitted,selection,reverse,encoder_wrong_support,repeat,0.5,10,specimen_10,40,270,0.5,0.5561031301816305,1.3633049956235421
omitted,selection,reverse,encoder_wrong_support,repeat,0.5,10,specimen_10,40,270,1.0,0.5968202551205953,1.033996469808636
omitted,selection,reverse,encoder_wrong_support,repeat,0.5,10,specimen_10,40,315,0.5,0.5798883438110352,1.3764371058079459
omitted,selection,reverse,encoder_wrong_support,repeat,0.5,10,specimen_10,40,315,1.0,0.5984092950820923,0.7829137986322628
omitted,selection,reverse,encoder_wrong_support,repeat,0.5,10,specimen_10,60,0,0.5,0.7308868169784546,0.16639856102530082
omitted,selection,reverse,encoder_wrong_support,repeat,0.5,10,specimen_10,60,0,1.0,0.6768624583880106,0.2568831058780114
omitted,selection,reverse,encoder_wrong_support,repeat,0.5,10,specimen_10,60,45,0.5,0.6372090776761373,1.0908606452441951
omitted,selection,reverse,encoder_wrong_support,repeat,0.5,10,specimen_10,60,45,1.0,0.7197773456573486,1.168850047072503
omitted,selection,reverse,encoder_wrong_support,repeat,0.5,10,specimen_10,60,90,0.5,0.5242580870787302,1.363424627454154
omitted,selection,reverse,encoder_wrong_support,repeat,0.5,10,specimen_10,60,90,1.0,0.6345601677894592,1.5581287043564487
omitted,selection,reverse,encoder_wrong_support,repeat,0.5,10,specimen_10,60,135,0.5,0.7276641527811686,1.3166662428041305
omitted,selection,reverse,encoder_wrong_support,repeat,0.5,10,specimen_10,60,135,1.0,0.761626124382019,1.3687611015920036
omitted,selection,reverse,encoder_wrong_support,repeat,0.5,10,specimen_10,60,180,0.5,0.5726145307223002,0.084693713617996
omitted,selection,reverse,encoder_wrong_support,repeat,0.5,10,specimen_10,60,180,1.0,0.655518651008606,0.23168397573087499
omitted,selection,reverse,encoder_wrong_support,repeat,0.5,10,specimen_10,60,225,0.5,0.5488066077232361,1.0781521238116485
omitted,selection,reverse,encoder_wrong_support,repeat,0.5,10,specimen_10,60,225,1.0,0.5926543474197388,1.0713931057023738
omitted,selection,reverse,encoder_wrong_support,repeat,0.5,10,specimen_10,60,270,0.5,0.55965722600619,1.3891333075437828
omitted,selection,reverse,encoder_wrong_support,repeat,0.5,10,specimen_10,60,270,1.0,0.6367913683255514,1.189925550888439
omitted,selection,reverse,encoder_wrong_support,repeat,0.5,10,specimen_10,60,315,0.5,0.7033813993136088,0.965065012586115
omitted,selection,reverse,encoder_wrong_support,repeat,0.5,10,specimen_10,60,315,1.0,0.6769987742106119,1.125197361265826
omitted,selection,reverse,encoder_wrong_support,repeat,0.5,57,specimen_57,20,0,1.0,0.6062969168027242,0.3965665689085925
omitted,selection,reverse,encoder_wrong_support,repeat,0.5,57,specimen_57,20,45,0.5,0.4729565878709157,0.04521841452071684
omitted,selection,reverse,encoder_wrong_support,repeat,0.5,57,specimen_57,20,45,1.0,0.49665772914886475,0.035647279863625626
omitted,selection,reverse,encoder_wrong_support,repeat,0.5,57,specimen_57,20,90,0.5,0.5507400035858154,0.037270429966096086
omitted,selection,reverse,encoder_wrong_support,repeat,0.5,57,specimen_57,20,90,1.0,0.5805839896202087,0.04562338582975952
omitted,selection,reverse,encoder_wrong_support,repeat,0.5,57,specimen_57,20,135,0.5,0.4338473677635193,0.051536590197844866
omitted,selection,reverse,encoder_wrong_support,repeat,0.5,57,specimen_57,20,135,1.0,0.5043854812781016,0.06006291730052449
omitted,selection,reverse,encoder_wrong_support,repeat,0.5,57,specimen_57,20,180,0.5,0.6429678400357565,0.3494269457576505
omitted,selection,reverse,encoder_wrong_support,repeat,0.5,57,specimen_57,20,180,1.0,0.7031684319178263,0.3563717782394584
omitted,selection,reverse,encoder_wrong_support,repeat,0.5,57,specimen_57,20,225,0.5,0.3966800073782603,0.06927810416056938
omitted,selection,reverse,encoder_wrong_support,repeat,0.5,57,specimen_57,20,225,1.0,0.41269171237945557,0.05593097698302354
omitted,selection,reverse,encoder_wrong_support,repeat,0.5,57,specimen_57,20,270,0.5,0.6168579856554667,0.05271901002288457
omitted,selection,reverse,encoder_wrong_support,repeat,0.5,57,specimen_57,20,270,1.0,0.4917593101660411,0.06332540439882349
omitted,selection,reverse,encoder_wrong_support,repeat,0.5,57,specimen_57,20,315,0.5,0.4677084684371948,0.07878647090503506
omitted,selection,reverse,encoder_wrong_support,repeat,0.5,57,specimen_57,20,315,1.0,0.48876193165779114,0.05575363923455804
omitted,selection,reverse,encoder_wrong_support,repeat,0.5,57,specimen_57,40,45,0.5,0.5928333004315695,0.10950509044310437
omitted,selection,reverse,encoder_wrong_support,repeat,0.5,57,specimen_57,40,45,1.0,0.5630199909210205,0.08727407632980429
omitted,selection,reverse,encoder_wrong_support,repeat,0.5,57,specimen_57,40,90,1.0,0.4759747087955475,1.1167405514208641
omitted,selection,reverse,encoder_wrong_support,repeat,0.5,57,specimen_57,40,135,0.5,0.6081396738688151,0.575525312725821
omitted,selection,reverse,encoder_wrong_support,repeat,0.5,57,specimen_57,40,135,1.0,0.6385953823725382,0.38065893572046683
omitted,selection,reverse,encoder_wrong_support,repeat,0.5,57,specimen_57,40,180,0.5,0.8210878968238831,0.32431743897050175
omitted,selection,reverse,encoder_wrong_support,repeat,0.5,57,specimen_57,40,180,1.0,0.7631860574086508,0.3398196359282022
omitted,selection,reverse,encoder_wrong_support,repeat,0.5,57,specimen_57,40,225,0.5,0.651322066783905,0.41612533107858374
omitted,selection,reverse,encoder_wrong_support,repeat,0.5,57,specimen_57,40,225,1.0,0.5753129124641418,0.2708860147022449
omitted,selection,reverse,encoder_wrong_support,repeat,0.5,57,specimen_57,40,270,0.5,0.45798636476198834,1.544655337522265
omitted,selection,reverse,encoder_wrong_support,repeat,0.5,57,specimen_57,40,270,1.0,0.4931705097357432,1.4223575917064153
omitted,selection,reverse,encoder_wrong_support,repeat,0.5,57,specimen_57,40,315,0.5,0.6229062080383301,1.428708837389905
omitted,selection,reverse,encoder_wrong_support,repeat,0.5,57,specimen_57,40,315,1.0,0.6853199998537699,0.932562466088155
omitted,selection,reverse,encoder_wrong_support,repeat,0.5,57,specimen_57,60,0,0.5,1.136674205462138,0.7575543228478052
omitted,selection,reverse,encoder_wrong_support,repeat,0.5,57,specimen_57,60,0,1.0,1.0702866713205974,0.7777246907715173
omitted,selection,reverse,encoder_wrong_support,repeat,0.5,57,specimen_57,60,45,0.5,0.5761956572532654,0.6198847254873555
omitted,selection,reverse,encoder_wrong_support,repeat,0.5,57,specimen_57,60,45,1.0,0.5722430745760599,0.4465684533165757
omitted,selection,reverse,encoder_wrong_support,repeat,0.5,57,specimen_57,60,90,0.5,0.5543329318364462,0.6151755888424916
omitted,selection,reverse,encoder_wrong_support,repeat,0.5,57,specimen_57,60,90,1.0,0.5697561701138815,0.6431598022279609
omitted,selection,reverse,encoder_wrong_support,repeat,0.5,57,specimen_57,60,135,0.5,0.5979693730672201,1.0338110813086854
omitted,selection,reverse,encoder_wrong_support,repeat,0.5,57,specimen_57,60,135,1.0,0.6269692579905192,0.9033678354939951
omitted,selection,reverse,encoder_wrong_support,repeat,0.5,57,specimen_57,60,180,0.5,0.9592999815940857,0.6164638511249119
omitted,selection,reverse,encoder_wrong_support,repeat,0.5,57,specimen_57,60,180,1.0,0.9656737645467123,0.6176060540361035
omitted,selection,reverse,encoder_wrong_support,repeat,0.5,57,specimen_57,60,225,0.5,0.553871730963389,1.0448006052935443
omitted,selection,reverse,encoder_wrong_support,repeat,0.5,57,specimen_57,60,225,1.0,0.5726871291796366,0.7421608840021091
omitted,selection,reverse,encoder_wrong_support,repeat,0.5,57,specimen_57,60,270,0.5,0.5753902594248453,1.0647755390561284
omitted,selection,reverse,encoder_wrong_support,repeat,0.5,57,specimen_57,60,270,1.0,0.6249028444290161,0.7870471603928216
omitted,selection,reverse,encoder_wrong_support,repeat,0.5,57,specimen_57,60,315,0.5,0.5360991358757019,1.2157969088741147
omitted,selection,reverse,encoder_wrong_support,repeat,0.5,57,specimen_57,60,315,1.0,0.5745874245961508,1.246159626786372
omitted,selection,reverse,encoder_wrong_support,single,0.5,10,specimen_10,20,0,1.0,0.3204631606737773,0.09325503576683848
omitted,selection,reverse,encoder_wrong_support,single,0.5,10,specimen_10,20,45,0.5,0.27331672608852386,0.2568988011272296
omitted,selection,reverse,encoder_wrong_support,single,0.5,10,specimen_10,20,45,1.0,0.21819108227888742,0.19880278576907093
omitted,selection,reverse,encoder_wrong_support,single,0.5,10,specimen_10,20,90,0.5,0.3126745323340098,0.18672965349550094
omitted,selection,reverse,encoder_wrong_support,single,0.5,10,specimen_10,20,90,1.0,0.30136725306510925,0.293131716721758
omitted,selection,reverse,encoder_wrong_support,single,0.5,10,specimen_10,20,135,0.5,0.30847518642743427,0.2583723747403275
omitted,selection,reverse,encoder_wrong_support,single,0.5,10,specimen_10,20,135,1.0,0.26253263652324677,0.20736696752048167
omitted,selection,reverse,encoder_wrong_support,single,0.5,10,specimen_10,20,180,0.5,0.3616686364014943,0.07201848527988225
omitted,selection,reverse,encoder_wrong_support,single,0.5,10,specimen_10,20,180,1.0,0.37001903851826984,0.07199353842860184
omitted,selection,reverse,encoder_wrong_support,single,0.5,10,specimen_10,20,225,0.5,0.24792644878228506,0.29948309533962764
omitted,selection,reverse,encoder_wrong_support,single,0.5,10,specimen_10,20,225,1.0,0.26804933945337933,0.26659437354619303
omitted,selection,reverse,encoder_wrong_support,single,0.5,10,specimen_10,20,270,0.5,0.3070092598597209,0.2541174397505046
omitted,selection,reverse,encoder_wrong_support,single,0.5,10,specimen_10,20,270,1.0,0.3275582492351532,0.41377604958650044
omitted,selection,reverse,encoder_wrong_support,single,0.5,10,specimen_10,20,315,0.5,0.31105103095372516,0.36493910301717253
omitted,selection,reverse,encoder_wrong_support,single,0.5,10,specimen_10,20,315,1.0,0.22419637938340506,0.49656623810813966
omitted,selection,reverse,encoder_wrong_support,single,0.5,10,specimen_10,40,45,0.5,0.3495614329973857,0.5647664666572911
omitted,selection,reverse,encoder_wrong_support,single,0.5,10,specimen_10,40,45,1.0,0.3433462878068288,0.5341293102808854
omitted,selection,reverse,encoder_wrong_support,single,0.5,10,specimen_10,40,90,1.0,0.5457062919934591,1.6002497009950192
omitted,selection,reverse,encoder_wrong_support,single,0.5,10,specimen_10,40,135,0.5,0.42756737271944684,0.9466636170294275
omitted,selection,reverse,encoder_wrong_support,single,0.5,10,specimen_10,40,135,1.0,0.3233552972475688,0.6925196084952642
omitted,selection,reverse,encoder_wrong_support,single,0.5,10,specimen_10,40,180,0.5,0.49539031585057575,0.03597710037981081
omitted,selection,reverse,encoder_wrong_support,single,0.5,10,specimen_10,40,180,1.0,0.5086889863014221,0.15618803264950698
omitted,selection,reverse,encoder_wrong_support,single,0.5,10,specimen_10,40,225,0.5,0.33243658145268756,0.7676714721585579
omitted,selection,reverse,encoder_wrong_support,single,0.5,10,specimen_10,40,225,1.0,0.34083125988642377,0.528298458066801
omitted,selection,reverse,encoder_wrong_support,single,0.5,10,specimen_10,40,270,0.5,0.40521809458732605,1.2957523378642064
omitted,selection,reverse,encoder_wrong_support,single,0.5,10,specimen_10,40,270,1.0,0.4252881507078807,0.9608707699977111
omitted,selection,reverse,encoder_wrong_support,single,0.5,10,specimen_10,40,315,0.5,0.3988735278447469,1.3080490343563105
omitted,selection,reverse,encoder_wrong_support,single,0.5,10,specimen_10,40,315,1.0,0.4141438901424408,0.7116752070911491
omitted,selection,reverse,encoder_wrong_support,single,0.5,10,specimen_10,60,0,0.5,0.5955366094907125,0.07611365334561378
omitted,selection,reverse,encoder_wrong_support,single,0.5,10,specimen_10,60,0,1.0,0.5544198950131735,0.15999226497143182
omitted,selection,reverse,encoder_wrong_support,single,0.5,10,specimen_10,60,45,0.5,0.44743361075719196,0.9870502911223432
omitted,selection,reverse,encoder_wrong_support,single,0.5,10,specimen_10,60,45,1.0,0.5310517450173696,1.0605296523477625
omitted,selection,reverse,encoder_wrong_support,single,0.5,10,specimen_10,60,90,0.5,0.4478701452414195,1.250093626657146
omitted,selection,reverse,encoder_wrong_support,single,0.5,10,specimen_10,60,90,1.0,0.504788359006246,1.4425669654875268
omitted,selection,reverse,encoder_wrong_support,single,0.5,10,specimen_10,60,135,0.5,0.5294605592886606,1.216326487404481
omitted,selection,reverse,encoder_wrong_support,single,0.5,10,specimen_10,60,135,1.0,0.559194803237915,1.2588374591128813
omitted,selection,reverse,encoder_wrong_support,single,0.5,10,specimen_10,60,180,0.5,0.4834398329257965,0.011176721667642942
omitted,selection,reverse,encoder_wrong_support,single,0.5,10,specimen_10,60,180,1.0,0.545279304186503,0.1422123554388042
omitted,selection,reverse,encoder_wrong_support,single,0.5,10,specimen_10,60,225,0.5,0.38015589118003845,0.9932467742876488
omitted,selection,reverse,encoder_wrong_support,single,0.5,10,specimen_10,60,225,1.0,0.42702533801396686,0.9857925552448789
omitted,selection,reverse,encoder_wrong_support,single,0.5,10,specimen_10,60,270,0.5,0.43980374932289124,1.3005045350972833
omitted,selection,reverse,encoder_wrong_support,single,0.5,10,specimen_10,60,270,1.0,0.4820019503434499,1.0909156934191422
omitted,selection,reverse,encoder_wrong_support,single,0.5,10,specimen_10,60,315,0.5,0.5099967221419016,0.8736993058789385
omitted,selection,reverse,encoder_wrong_support,single,0.5,10,specimen_10,60,315,1.0,0.4847490390141805,1.0303961982138203
omitted,selection,reverse,encoder_wrong_support,single,0.5,57,specimen_57,20,0,1.0,0.7589266896247864,0.49447410031616174
omitted,selection,reverse,encoder_wrong_support,single,0.5,57,specimen_57,20,45,0.5,0.6499675710995992,0.07991062977687309
omitted,selection,reverse,encoder_wrong_support,single,0.5,57,specimen_57,20,45,1.0,0.6769207119941711,0.10928233134787024
omitted,selection,reverse,encoder_wrong_support,single,0.5,57,specimen_57,20,90,0.5,0.7198249300320944,0.10786179854251561
omitted,selection,reverse,encoder_wrong_support,single,0.5,57,specimen_57,20,90,1.0,0.7510126034418741,0.1531712095487809
omitted,selection,reverse,encoder_wrong_support,single,0.5,57,specimen_57,20,135,0.5,0.6112667123476664,0.08350756326405635
omitted,selection,reverse,encoder_wrong_support,single,0.5,57,specimen_57,20,135,1.0,0.6800739963849386,0.1344396569851873
omitted,selection,reverse,encoder_wrong_support,single,0.5,57,specimen_57,20,180,0.5,0.8289925853411356,0.43366129957105937
omitted,selection,reverse,encoder_wrong_support,single,0.5,57,specimen_57,20,180,1.0,0.8883631229400635,0.4414428166552667
omitted,selection,reverse,encoder_wrong_support,single,0.5,57,specimen_57,20,225,0.5,0.5607766906420389,0.07226458253948109
omitted,selection,reverse,encoder_wrong_support,single,0.5,57,specimen_57,20,225,1.0,0.5763487815856934,0.07132373804437013
omitted,selection,reverse,encoder_wrong_support,single,0.5,57,specimen_57,20,270,0.5,0.7899745305379232,0.10708217636429451
omitted,selection,reverse,encoder_wrong_support,single,0.5,57,specimen_57,20,270,1.0,0.6549711028734843,0.0480495395052819
omitted,selection,reverse,encoder_wrong_support,single,0.5,57,specimen_57,20,315,0.5,0.6489639282226562,0.039872996638480686
omitted,selection,reverse,encoder_wrong_support,single,0.5,57,specimen_57,20,315,1.0,0.6724958618481954,0.13398832622643797
omitted,selection,reverse,encoder_wrong_support,single,0.5,57,specimen_57,40,45,0.5,0.7707431515057882,0.10875281487668072
omitted,selection,reverse,encoder_wrong_support,single,0.5,57,specimen_57,40,45,1.0,0.741324762503306,0.1371997402231666
omitted,selection,reverse,encoder_wrong_support,single,0.5,57,specimen_57,40,90,1.0,0.5945356686909994,0.9534972473677628
omitted,selection,reverse,encoder_wrong_support,single,0.5,57,specimen_57,40,135,0.5,0.7833545804023743,0.4380037833675931
omitted,selection,reverse,encoder_wrong_support,single,0.5,57,specimen_57,40,135,1.0,0.8132460514704386,0.2394103892755959
omitted,selection,reverse,encoder_wrong_support,single,0.5,57,specimen_57,40,180,0.5,0.996024469534556,0.43376402101046735
omitted,selection,reverse,encoder_wrong_support,single,0.5,57,specimen_57,40,180,1.0,0.9413864016532898,0.4574702428342645
omitted,selection,reverse,encoder_wrong_support,single,0.5,57,specimen_57,40,225,0.5,0.8163305521011353,0.3094259491337209
omitted,selection,reverse,encoder_wrong_support,single,0.5,57,specimen_57,40,225,1.0,0.7443435589472452,0.15629660279680646
omitted,selection,reverse,encoder_wrong_support,single,0.5,57,specimen_57,40,270,0.5,0.5724779367446899,1.421651518876218
omitted,selection,reverse,encoder_wrong_support,single,0.5,57,specimen_57,40,270,1.0,0.6080295046170553,1.297972304632621
omitted,selection,reverse,encoder_wrong_support,single,0.5,57,specimen_57,40,315,0.5,0.7979376912117004,1.291096822526652
omitted,selection,reverse,encoder_wrong_support,single,0.5,57,specimen_57,40,315,1.0,0.8636652827262878,0.791275164405216
omitted,selection,reverse,encoder_wrong_support,single,0.5,57,specimen_57,60,0,0.5,1.3201449314753215,0.9201040813403307
omitted,selection,reverse,encoder_wrong_support,single,0.5,57,specimen_57,60,0,1.0,1.2425436576207478,0.9262106649854074
omitted,selection,reverse,encoder_wrong_support,single,0.5,57,specimen_57,60,45,0.5,0.695451537768046,0.490705382914219
omitted,selection,reverse,encoder_wrong_support,single,0.5,57,specimen_57,60,45,1.0,0.6945631901423136,0.42273900472913745
omitted,selection,reverse,encoder_wrong_support,single,0.5,57,specimen_57,60,90,0.5,0.6727522611618042,0.5651114632290939
omitted,selection,reverse,encoder_wrong_support,single,0.5,57,specimen_57,60,90,1.0,0.686331311861674,0.5787231300970733
omitted,selection,reverse,encoder_wrong_support,single,0.5,57,specimen_57,60,135,0.5,0.7216367324193319,0.8391710502262498
omitted,selection,reverse,encoder_wrong_support,single,0.5,57,specimen_57,60,135,1.0,0.743656575679779,0.7240284245045956
omitted,selection,reverse,encoder_wrong_support,single,0.5,57,specimen_57,60,180,0.5,1.1391728321711223,0.7720648326994142
omitted,selection,reverse,encoder_wrong_support,single,0.5,57,specimen_57,60,180,1.0,1.1386001110076904,0.7674667392733822
omitted,selection,reverse,encoder_wrong_support,single,0.5,57,specimen_57,60,225,0.5,0.6866809725761414,0.8928000778538642
omitted,selection,reverse,encoder_wrong_support,single,0.5,57,specimen_57,60,225,1.0,0.7058897018432617,0.5903514566699304
omitted,selection,reverse,encoder_wrong_support,single,0.5,57,specimen_57,60,270,0.5,0.6972805857658386,0.9033504084527895
omitted,selection,reverse,encoder_wrong_support,single,0.5,57,specimen_57,60,270,1.0,0.7548722426096598,0.628041227744729
omitted,selection,reverse,encoder_wrong_support,single,0.5,57,specimen_57,60,315,0.5,0.6755189498265585,1.0619794469110393
omitted,selection,reverse,encoder_wrong_support,single,0.5,57,specimen_57,60,315,1.0,0.7069761157035828,1.0901118545302666
omitted,selection,reverse,fixed_features,direction,0.5,10,specimen_10,20,0,1.0,0.3824703215008154,0.22791021411458967
omitted,selection,reverse,fixed_features,direction,0.5,10,specimen_10,20,45,0.5,0.19592073140396157,0.13644451764191523
omitted,selection,reverse,fixed_features,direction,0.5,10,specimen_10,20,45,1.0,0.27700320826750174,0.07948063222232993
omitted,selection,reverse,fixed_features,direction,0.5,10,specimen_10,20,90,0.5,0.41681769069781,0.10598341842296277
omitted,selection,reverse,fixed_features,direction,0.5,10,specimen_10,20,90,1.0,0.3429310930544285,0.21135889553778686
omitted,selection,reverse,fixed_features,direction,0.5,10,specimen_10,20,135,0.5,0.20494718566793216,0.2072083161569368
omitted,selection,reverse,fixed_features,direction,0.5,10,specimen_10,20,135,1.0,0.21152332508893043,0.14971296203327678
omitted,selection,reverse,fixed_features,direction,0.5,10,specimen_10,20,180,0.5,0.29628494699893304,0.06893223869066778
omitted,selection,reverse,fixed_features,direction,0.5,10,specimen_10,20,180,1.0,0.27888974345360423,0.08959374284316307
omitted,selection,reverse,fixed_features,direction,0.5,10,specimen_10,20,225,0.5,0.19545887023903,0.27170143318016976
omitted,selection,reverse,fixed_features,direction,0.5,10,specimen_10,20,225,1.0,0.24411218351995478,0.23227538410268955
omitted,selection,reverse,fixed_features,direction,0.5,10,specimen_10,20,270,0.5,0.29637338133713614,0.21379369040457735
omitted,selection,reverse,fixed_features,direction,0.5,10,specimen_10,20,270,1.0,0.26638791237327014,0.373402563435456
omitted,selection,reverse,fixed_features,direction,0.5,10,specimen_10,20,315,0.5,0.17028461006316112,0.27345173144644763
omitted,selection,reverse,fixed_features,direction,0.5,10,specimen_10,20,315,1.0,0.25755973391695514,0.40881126863884476
omitted,selection,reverse,fixed_features,direction,0.5,10,specimen_10,40,45,0.5,0.18853686519985682,0.2828492313944403
omitted,selection,reverse,fixed_features,direction,0.5,10,specimen_10,40,45,1.0,0.16952335014653075,0.26031618767296383
omitted,selection,reverse,fixed_features,direction,0.5,10,specimen_10,40,90,1.0,0.3714344873058287,1.3942311218714414
omitted,selection,reverse,fixed_features,direction,0.5,10,specimen_10,40,135,0.5,0.2734312608944967,0.78022527024343
omitted,selection,reverse,fixed_features,direction,0.5,10,specimen_10,40,135,1.0,0.2232758806835884,0.5131618459244361
omitted,selection,reverse,fixed_features,direction,0.5,10,specimen_10,40,180,0.5,0.40805362032291925,0.1352354058476446
omitted,selection,reverse,fixed_features,direction,0.5,10,specimen_10,40,180,1.0,0.3630296309689974,0.021502740594208425
omitted,selection,reverse,fixed_features,direction,0.5,10,specimen_10,40,225,0.5,0.22906623662612827,0.623134179231798
omitted,selection,reverse,fixed_features,direction,0.5,10,specimen_10,40,225,1.0,0.21205746268233372,0.3711278772627944
omitted,selection,reverse,fixed_features,direction,0.5,10,specimen_10,40,270,0.5,0.335799314086823,1.1389273460595197
omitted,selection,reverse,fixed_features,direction,0.5,10,specimen_10,40,270,1.0,0.296672593843218,0.801013801509112
omitted,selection,reverse,fixed_features,direction,0.5,10,specimen_10,40,315,0.5,0.23363755972545233,1.0614029266503087
omitted,selection,reverse,fixed_features,direction,0.5,10,specimen_10,40,315,1.0,0.21550744799047036,0.47413474347233986
omitted,selection,reverse,fixed_features,direction,0.5,10,specimen_10,60,0,0.5,0.5323207892313656,0.6234059054510757
omitted,selection,reverse,fixed_features,direction,0.5,10,specimen_10,60,0,1.0,0.45807472915457303,0.5267949504660829
omitted,selection,reverse,fixed_features,direction,0.5,10,specimen_10,60,45,0.5,0.2285368416850607,0.35289201861686914
omitted,selection,reverse,fixed_features,direction,0.5,10,specimen_10,60,45,1.0,0.21387820640315444,0.43282405412507474
omitted,selection,reverse,fixed_features,direction,0.5,10,specimen_10,60,90,0.5,0.3854131896148525,0.7553684990935232
omitted,selection,reverse,fixed_features,direction,0.5,10,specimen_10,60,90,1.0,0.3380595047661388,0.9270814806065162
omitted,selection,reverse,fixed_features,direction,0.5,10,specimen_10,60,135,0.5,0.24460443333438722,0.7729994015331334
omitted,selection,reverse,fixed_features,direction,0.5,10,specimen_10,60,135,1.0,0.24523928966474248,0.7813055118737287
omitted,selection,reverse,fixed_features,direction,0.5,10,specimen_10,60,180,0.5,0.4628979413777848,0.4585029838842314
omitted,selection,reverse,fixed_features,direction,0.5,10,specimen_10,60,180,1.0,0.44810817113476703,0.3528956124084479
omitted,selection,reverse,fixed_features,direction,0.5,10,specimen_10,60,225,0.5,0.22403614433833274,0.5541125397118714
omitted,selection,reverse,fixed_features,direction,0.5,10,specimen_10,60,225,1.0,0.2233816395076139,0.517447113931129
omitted,selection,reverse,fixed_features,direction,0.5,10,specimen_10,60,270,0.5,0.3735223147880719,0.8324035238560799
omitted,selection,reverse,fixed_features,direction,0.5,10,specimen_10,60,270,1.0,0.3186746034680081,0.6177245500426931
omitted,selection,reverse,fixed_features,direction,0.5,10,specimen_10,60,315,0.5,0.21100660705928256,0.2713846594699496
omitted,selection,reverse,fixed_features,direction,0.5,10,specimen_10,60,315,1.0,0.21003073241702688,0.4314635141673564
omitted,selection,reverse,fixed_features,direction,0.5,57,specimen_57,20,0,1.0,0.42560963767712634,0.21091788173316045
omitted,selection,reverse,fixed_features,direction,0.5,57,specimen_57,20,45,0.5,0.23011028809664602,0.21720264553674007
omitted,selection,reverse,fixed_features,direction,0.5,57,specimen_57,20,45,1.0,0.23795038151111056,0.20222039483099713
omitted,selection,reverse,fixed_features,direction,0.5,57,specimen_57,20,90,0.5,0.2544100138741927,0.22689215115830452
omitted,selection,reverse,fixed_features,direction,0.5,57,specimen_57,20,90,1.0,0.2823901098636242,0.18815098435274358
omitted,selection,reverse,fixed_features,direction,0.5,57,specimen_57,20,135,0.5,0.20428944000910318,0.24754149299837047
omitted,selection,reverse,fixed_features,direction,0.5,57,specimen_57,20,135,1.0,0.2236900939196577,0.20264366954699503
omitted,selection,reverse,fixed_features,direction,0.5,57,specimen_57,20,180,0.5,0.3514977987427799,0.12496381700789647
omitted,selection,reverse,fixed_features,direction,0.5,57,specimen_57,20,180,1.0,0.34344842139038145,0.13137861169949452
omitted,selection,reverse,fixed_features,direction,0.5,57,specimen_57,20,225,0.5,0.25510500938652064,0.29327913918558846
omitted,selection,reverse,fixed_features,direction,0.5,57,specimen_57,20,225,1.0,0.23619418388444494,0.26968914540163813
omitted,selection,reverse,fixed_features,direction,0.5,57,specimen_57,20,270,0.5,0.2677509288158987,0.20333028848255846
omitted,selection,reverse,fixed_features,direction,0.5,57,specimen_57,20,270,1.0,0.23713354156213304,0.2896419813655965
omitted,selection,reverse,fixed_features,direction,0.5,57,specimen_57,20,315,0.5,0.21927682931050127,0.2768065403748296
omitted,selection,reverse,fixed_features,direction,0.5,57,specimen_57,20,315,1.0,0.20979910244336555,0.16939829250096594
omitted,selection,reverse,fixed_features,direction,0.5,57,specimen_57,40,45,0.5,0.2631343352270851,0.31071184674158103
omitted,selection,reverse,fixed_features,direction,0.5,57,specimen_57,40,45,1.0,0.2594189767657518,0.27503150603011317
omitted,selection,reverse,fixed_features,direction,0.5,57,specimen_57,40,90,1.0,0.4139398225441393,1.4009316533774814
omitted,selection,reverse,fixed_features,direction,0.5,57,specimen_57,40,135,0.5,0.2871669806134535,0.8501969220423276
omitted,selection,reverse,fixed_features,direction,0.5,57,specimen_57,40,135,1.0,0.31340116622048925,0.6674911157993999
omitted,selection,reverse,fixed_features,direction,0.5,57,specimen_57,40,180,0.5,0.4152231261879475,0.08345881862679222
omitted,selection,reverse,fixed_features,direction,0.5,57,specimen_57,40,180,1.0,0.3888423128469675,0.09731265079076229
omitted,selection,reverse,fixed_features,direction,0.5,57,specimen_57,40,225,0.5,0.3068074393356592,0.6556143404751811
omitted,selection,reverse,fixed_features,direction,0.5,57,specimen_57,40,225,1.0,0.2920449164843916,0.5159361707458381
omitted,selection,reverse,fixed_features,direction,0.5,57,specimen_57,40,270,0.5,0.4196467314441019,1.7852714295607188
omitted,selection,reverse,fixed_features,direction,0.5,57,specimen_57,40,270,1.0,0.3887898944117265,1.6747885230553627
omitted,selection,reverse,fixed_features,direction,0.5,57,specimen_57,40,315,0.5,0.27928023278282565,1.6216873011902404
omitted,selection,reverse,fixed_features,direction,0.5,57,specimen_57,40,315,1.0,0.35540124327438144,1.144572156446746
omitted,selection,reverse,fixed_features,direction,0.5,57,specimen_57,60,0,0.5,0.8133488948772382,0.7310459319131577
omitted,selection,reverse,fixed_features,direction,0.5,57,specimen_57,60,0,1.0,0.7832033343938231,0.7358157986220102
omitted,selection,reverse,fixed_features,direction,0.5,57,specimen_57,60,45,0.5,0.33600483955426963,0.7651342996102173
omitted,selection,reverse,fixed_features,direction,0.5,57,specimen_57,60,45,1.0,0.33207189467466147,0.6159615117036905
omitted,selection,reverse,fixed_features,direction,0.5,57,specimen_57,60,90,0.5,0.35426007188152736,0.9183499526014206
omitted,selection,reverse,fixed_features,direction,0.5,57,specimen_57,60,90,1.0,0.3790927430311298,0.9649834925350794
omitted,selection,reverse,fixed_features,direction,0.5,57,specimen_57,60,135,0.5,0.355191799719599,1.333535364907196
omitted,selection,reverse,fixed_features,direction,0.5,57,specimen_57,60,135,1.0,0.39076558226499675,1.2319258512119595
omitted,selection,reverse,fixed_features,direction,0.5,57,specimen_57,60,180,0.5,0.5545363651688564,0.42499287460490254
omitted,selection,reverse,fixed_features,direction,0.5,57,specimen_57,60,180,1.0,0.5867211792601238,0.4244775005498514
omitted,selection,reverse,fixed_features,direction,0.5,57,specimen_57,60,225,0.5,0.3024737335188414,1.2175627171299461
omitted,selection,reverse,fixed_features,direction,0.5,57,specimen_57,60,225,1.0,0.31020767662553544,0.9228612516802116
omitted,selection,reverse,fixed_features,direction,0.5,57,specimen_57,60,270,0.5,0.38522074906645015,1.2319989622909828
omitted,selection,reverse,fixed_features,direction,0.5,57,specimen_57,60,270,1.0,0.3850599853585388,0.9840460328289884
omitted,selection,reverse,fixed_features,direction,0.5,57,specimen_57,60,315,0.5,0.2534537524582016,1.3156554765869313
omitted,selection,reverse,fixed_features,direction,0.5,57,specimen_57,60,315,1.0,0.30738814979921003,1.3542347367748273
omitted,selection,reverse,fixed_features,repeat,0.5,10,specimen_10,20,0,1.0,0.39627835060725297,0.22200476476368458
omitted,selection,reverse,fixed_features,repeat,0.5,10,specimen_10,20,45,0.5,0.20743694374185717,0.14258278449132455
omitted,selection,reverse,fixed_features,repeat,0.5,10,specimen_10,20,45,1.0,0.29587970988625373,0.08519383626920918
omitted,selection,reverse,fixed_features,repeat,0.5,10,specimen_10,20,90,0.5,0.4318190739673389,0.11130965466491916
omitted,selection,reverse,fixed_features,repeat,0.5,10,specimen_10,20,90,1.0,0.3606490716372079,0.21645670857384747
omitted,selection,reverse,fixed_features,repeat,0.5,10,specimen_10,20,135,0.5,0.20838123678637974,0.21177723472861953
omitted,selection,reverse,fixed_features,repeat,0.5,10,specimen_10,20,135,1.0,0.22202771402846178,0.1541532140600126
omitted,selection,reverse,fixed_features,repeat,0.5,10,specimen_10,20,180,0.5,0.2892888346971801,0.06500776833143401
omitted,selection,reverse,fixed_features,repeat,0.5,10,specimen_10,20,180,1.0,0.27806808718518966,0.08582319372392527
omitted,selection,reverse,fixed_features,repeat,0.5,10,specimen_10,20,225,0.5,0.19835642393419786,0.27542315045246846
omitted,selection,reverse,fixed_features,repeat,0.5,10,specimen_10,20,225,1.0,0.25412833234994897,0.23571866492799126
omitted,selection,reverse,fixed_features,repeat,0.5,10,specimen_10,20,270,0.5,0.30618414794110554,0.21815628787990943
omitted,selection,reverse,fixed_features,repeat,0.5,10,specimen_10,20,270,1.0,0.28065600982291117,0.3773178651585346
omitted,selection,reverse,fixed_features,repeat,0.5,10,specimen_10,20,315,0.5,0.17569674164810947,0.27910918701941967
omitted,selection,reverse,fixed_features,repeat,0.5,10,specimen_10,20,315,1.0,0.27308572771968637,0.413896913115694
omitted,selection,reverse,fixed_features,repeat,0.5,10,specimen_10,40,45,0.5,0.18255488237568576,0.290856477126228
omitted,selection,reverse,fixed_features,repeat,0.5,10,specimen_10,40,45,1.0,0.17180931499030647,0.2677270940891966
omitted,selection,reverse,fixed_features,repeat,0.5,10,specimen_10,40,90,1.0,0.38423702134236826,1.4010269187911377
omitted,selection,reverse,fixed_features,repeat,0.5,10,specimen_10,40,135,0.5,0.2556332423284097,0.7866051250490071
omitted,selection,reverse,fixed_features,repeat,0.5,10,specimen_10,40,135,1.0,0.21525548726328583,0.5194192320190869
omitted,selection,reverse,fixed_features,repeat,0.5,10,specimen_10,40,180,0.5,0.39338137852835997,0.1295096891248183
omitted,selection,reverse,fixed_features,repeat,0.5,10,specimen_10,40,180,1.0,0.35167392077768356,0.01594706793313483
omitted,selection,reverse,fixed_features,repeat,0.5,10,specimen_10,40,225,0.5,0.21786782657300482,0.6285752085091121
omitted,selection,reverse,fixed_features,repeat,0.5,10,specimen_10,40,225,1.0,0.20701892382179543,0.37618939616641955
omitted,selection,reverse,fixed_features,repeat,0.5,10,specimen_10,40,270,0.5,0.346542648312095,1.1450655796975757
omitted,selection,reverse,fixed_features,repeat,0.5,10,specimen_10,40,270,1.0,0.30796675480241104,0.8065023099218613
omitted,selection,reverse,fixed_features,repeat,0.5,10,specimen_10,40,315,0.5,0.21914163426025626,1.06907793973639
omitted,selection,reverse,fixed_features,repeat,0.5,10,specimen_10,40,315,1.0,0.20004918400355312,0.4809708140347203
omitted,selection,reverse,fixed_features,repeat,0.5,10,specimen_10,60,0,0.5,0.5166723705250659,0.6100078963673832
omitted,selection,reverse,fixed_features,repeat,0.5,10,specimen_10,60,0,1.0,0.44364132595991146,0.5142819271368859
omitted,selection,reverse,fixed_features,repeat,0.5,10,specimen_10,60,45,0.5,0.2219171785134978,0.36575599336580034
omitted,selection,reverse,fixed_features,repeat,0.5,10,specimen_10,60,45,1.0,0.20151566970751356,0.4452136203208763
omitted,selection,reverse,fixed_features,repeat,0.5,10,specimen_10,60,90,0.5,0.3937704402264017,0.7676068462152215
omitted,selection,reverse,fixed_features,repeat,0.5,10,specimen_10,60,90,1.0,0.34707863888666796,0.9393405561393575
omitted,selection,reverse,fixed_features,repeat,0.5,10,specimen_10,60,135,0.5,0.22831625737459785,0.7849063069347184
omitted,selection,reverse,fixed_features,repeat,0.5,10,specimen_10,60,135,1.0,0.23318029258610365,0.7934593597272082
omitted,selection,reverse,fixed_features,repeat,0.5,10,specimen_10,60,180,0.5,0.45001807484345097,0.44737514004560097
omitted,selection,reverse,fixed_features,repeat,0.5,10,specimen_10,60,180,1.0,0.4348806548525199,0.3416410529827054
omitted,selection,reverse,fixed_features,repeat,0.5,10,specimen_10,60,225,0.5,0.21636947369671092,0.5644181028438326
omitted,selection,reverse,fixed_features,repeat,0.5,10,specimen_10,60,225,1.0,0.21648774738898993,0.5275089938560791
omitted,selection,reverse,fixed_features,repeat,0.5,10,specimen_10,60,270,0.5,0.38193362631735833,0.8430287219774266
omitted,selection,reverse,fixed_features,repeat,0.5,10,specimen_10,60,270,1.0,0.3306146693620503,0.6276725639606868
omitted,selection,reverse,fixed_features,repeat,0.5,10,specimen_10,60,315,0.5,0.19289964066666196,0.2836823554925034
omitted,selection,reverse,fixed_features,repeat,0.5,10,specimen_10,60,315,1.0,0.19369933842374665,0.4428151561966005
omitted,selection,reverse,fixed_features,repeat,0.5,57,specimen_57,20,0,1.0,0.44004551448475454,0.1913792115688286
omitted,selection,reverse,fixed_features,repeat,0.5,57,specimen_57,20,45,0.5,0.26129602101905974,0.2347232358138
omitted,selection,reverse,fixed_features,repeat,0.5,57,specimen_57,20,45,1.0,0.22057332080884148,0.22345042953954874
omitted,selection,reverse,fixed_features,repeat,0.5,57,specimen_57,20,90,0.5,0.2550745306692596,0.24649314804524297
omitted,selection,reverse,fixed_features,repeat,0.5,57,specimen_57,20,90,1.0,0.23778791734674795,0.2115274700400795
omitted,selection,reverse,fixed_features,repeat,0.5,57,specimen_57,20,135,0.5,0.28219187912628807,0.26758254612402954
omitted,selection,reverse,fixed_features,repeat,0.5,57,specimen_57,20,135,1.0,0.24029275556840393,0.2261491834543365
omitted,selection,reverse,fixed_features,repeat,0.5,57,specimen_57,20,180,0.5,0.3717219367090639,0.10621461940079532
omitted,selection,reverse,fixed_features,repeat,0.5,57,specimen_57,20,180,1.0,0.32134496271106944,0.10954914677811059
omitted,selection,reverse,fixed_features,repeat,0.5,57,specimen_57,20,225,0.5,0.34100668740908774,0.31071463008658917
omitted,selection,reverse,fixed_features,repeat,0.5,57,specimen_57,20,225,1.0,0.3062974168806218,0.2900055420691306
omitted,selection,reverse,fixed_features,repeat,0.5,57,specimen_57,20,270,0.5,0.2611663538621618,0.22010620138193127
omitted,selection,reverse,fixed_features,repeat,0.5,57,specimen_57,20,270,1.0,0.29272870544179813,0.30929230287365267
omitted,selection,reverse,fixed_features,repeat,0.5,57,specimen_57,20,315,0.5,0.2898897919588761,0.29312023347496646
omitted,selection,reverse,fixed_features,repeat,0.5,57,specimen_57,20,315,1.0,0.23417152426144652,0.1887227610929098
omitted,selection,reverse,fixed_features,repeat,0.5,57,specimen_57,40,45,0.5,0.20222093808454242,0.3380878937674371
omitted,selection,reverse,fixed_features,repeat,0.5,57,specimen_57,40,45,1.0,0.18908102854211994,0.3077676925491437
omitted,selection,reverse,fixed_features,repeat,0.5,57,specimen_57,40,90,1.0,0.4759077294750691,1.4372255813511765
omitted,selection,reverse,fixed_features,repeat,0.5,57,specimen_57,40,135,0.5,0.23186532823057596,0.8819220746581589
omitted,selection,reverse,fixed_features,repeat,0.5,57,specimen_57,40,135,1.0,0.250641850100321,0.704234488398965
omitted,selection,reverse,fixed_features,repeat,0.5,57,specimen_57,40,180,0.5,0.32670193142148046,0.05359817349524493
omitted,selection,reverse,fixed_features,repeat,0.5,57,specimen_57,40,180,1.0,0.3262209471570627,0.06305272394609718
omitted,selection,reverse,fixed_features,repeat,0.5,57,specimen_57,40,225,0.5,0.24848574088766137,0.683504883077563
omitted,selection,reverse,fixed_features,repeat,0.5,57,specimen_57,40,225,1.0,0.2571037488538119,0.5478729839606562
omitted,selection,reverse,fixed_features,repeat,0.5,57,specimen_57,40,270,0.5,0.5424873316281186,1.8121144158015565
omitted,selection,reverse,fixed_features,repeat,0.5,57,specimen_57,40,270,1.0,0.471929540477446,1.7056553019403953
omitted,selection,reverse,fixed_features,repeat,0.5,57,specimen_57,40,315,0.5,0.23396969855547348,1.6475492752607899
omitted,selection,reverse,fixed_features,repeat,0.5,57,specimen_57,40,315,1.0,0.27652015263250246,1.1746950301278551
omitted,selection,reverse,fixed_features,repeat,0.5,57,specimen_57,60,0,0.5,0.6886008273925492,0.6829926515301015
omitted,selection,reverse,fixed_features,repeat,0.5,57,specimen_57,60,0,1.0,0.6736862636616373,0.6802658807972495
omitted,selection,reverse,fixed_features,repeat,0.5,57,specimen_57,60,45,0.5,0.3069169321792131,0.8163273794767707
omitted,selection,reverse,fixed_features,repeat,0.5,57,specimen_57,60,45,1.0,0.2840585878498186,0.6755698789464297
omitted,selection,reverse,fixed_features,repeat,0.5,57,specimen_57,60,90,0.5,0.3662450200069383,0.9750796920201202
omitted,selection,reverse,fixed_features,repeat,0.5,57,specimen_57,60,90,1.0,0.3937853072219193,1.0302730486091938
omitted,selection,reverse,fixed_features,repeat,0.5,57,specimen_57,60,135,0.5,0.3606712534542423,1.3916007223872442
omitted,selection,reverse,fixed_features,repeat,0.5,57,specimen_57,60,135,1.0,0.3481793382487111,1.2977548947446298
omitted,selection,reverse,fixed_features,repeat,0.5,57,specimen_57,60,180,0.5,0.42236464777062527,0.37012547376621374
omitted,selection,reverse,fixed_features,repeat,0.5,57,specimen_57,60,180,1.0,0.45138854094935826,0.362892320877189
omitted,selection,reverse,fixed_features,repeat,0.5,57,specimen_57,60,225,0.5,0.3143274070768907,1.2693278039366154
omitted,selection,reverse,fixed_features,repeat,0.5,57,specimen_57,60,225,1.0,0.2921164517893377,0.9807000650975397
omitted,selection,reverse,fixed_features,repeat,0.5,57,specimen_57,60,270,0.5,0.4020903254054022,1.2824839360286784
omitted,selection,reverse,fixed_features,repeat,0.5,57,specimen_57,60,270,1.0,0.3611762623186821,1.0405741417101386
omitted,selection,reverse,fixed_features,repeat,0.5,57,specimen_57,60,315,0.5,0.2590534509417755,1.3647421470944407
omitted,selection,reverse,fixed_features,repeat,0.5,57,specimen_57,60,315,1.0,0.27412225706190707,1.409882699346598
omitted,selection,reverse,fixed_features,single,0.5,10,specimen_10,20,0,1.0,0.38127749460111465,0.21627922671734268
omitted,selection,reverse,fixed_features,single,0.5,10,specimen_10,20,45,0.5,0.19713369932971603,0.14780963678394476
omitted,selection,reverse,fixed_features,single,0.5,10,specimen_10,20,45,1.0,0.28121596798046283,0.09146418564494874
omitted,selection,reverse,fixed_features,single,0.5,10,specimen_10,20,90,0.5,0.4200908500185256,0.11681442685201693
omitted,selection,reverse,fixed_features,single,0.5,10,specimen_10,20,90,1.0,0.3480138382198262,0.22296022496845247
omitted,selection,reverse,fixed_features,single,0.5,10,specimen_10,20,135,0.5,0.20761773574950748,0.2170441160055378
omitted,selection,reverse,fixed_features,single,0.5,10,specimen_10,20,135,1.0,0.21482261278086187,0.16031778422019632
omitted,selection,reverse,fixed_features,single,0.5,10,specimen_10,20,180,0.5,0.28798556707563855,0.060232537297640776
omitted,selection,reverse,fixed_features,single,0.5,10,specimen_10,20,180,1.0,0.2755793779024654,0.08023360396344487
omitted,selection,reverse,fixed_features,single,0.5,10,specimen_10,20,225,0.5,0.19148244315966226,0.27985908055834063
omitted,selection,reverse,fixed_features,single,0.5,10,specimen_10,20,225,1.0,0.24461930980909266,0.2409645771209476
omitted,selection,reverse,fixed_features,single,0.5,10,specimen_10,20,270,0.5,0.2998865603350374,0.222473676391572
omitted,selection,reverse,fixed_features,single,0.5,10,specimen_10,20,270,1.0,0.27367259770597396,0.3825099717688421
omitted,selection,reverse,fixed_features,single,0.5,10,specimen_10,20,315,0.5,0.1715258014616554,0.28348159052517663
omitted,selection,reverse,fixed_features,single,0.5,10,specimen_10,20,315,1.0,0.25772034593503074,0.419221081622836
omitted,selection,reverse,fixed_features,single,0.5,10,specimen_10,40,45,0.5,0.1779804569270226,0.2985402268964702
omitted,selection,reverse,fixed_features,single,0.5,10,specimen_10,40,45,1.0,0.16398946886192,0.2768101396780178
omitted,selection,reverse,fixed_features,single,0.5,10,specimen_10,40,90,1.0,0.38297473152868394,1.410553187424908
omitted,selection,reverse,fixed_features,single,0.5,10,specimen_10,40,135,0.5,0.26522447072065647,0.7944652746714309
omitted,selection,reverse,fixed_features,single,0.5,10,specimen_10,40,135,1.0,0.2111626402997003,0.5285009214062936
omitted,selection,reverse,fixed_features,single,0.5,10,specimen_10,40,180,0.5,0.39747988991651795,0.1223757204130076
omitted,selection,reverse,fixed_features,single,0.5,10,specimen_10,40,180,1.0,0.3576663630306336,0.00771920581465213
omitted,selection,reverse,fixed_features,single,0.5,10,specimen_10,40,225,0.5,0.21745152677099822,0.6352184222023693
omitted,selection,reverse,fixed_features,single,0.5,10,specimen_10,40,225,1.0,0.20481818184596212,0.3839019395820338
omitted,selection,reverse,fixed_features,single,0.5,10,specimen_10,40,270,0.5,0.34449977937624104,1.151551757700294
omitted,selection,reverse,fixed_features,single,0.5,10,specimen_10,40,270,1.0,0.30639762160742084,0.814131873590978
omitted,selection,reverse,fixed_features,single,0.5,10,specimen_10,40,315,0.5,0.22223467067319827,1.07559282525835
omitted,selection,reverse,fixed_features,single,0.5,10,specimen_10,40,315,1.0,0.20481698418678174,0.4887300399931851
omitted,selection,reverse,fixed_features,single,0.5,10,specimen_10,60,0,0.5,0.522629239423359,0.5983557014174667
omitted,selection,reverse,fixed_features,single,0.5,10,specimen_10,60,0,1.0,0.447269444697084,0.5007970672789064
omitted,selection,reverse,fixed_features,single,0.5,10,specimen_10,60,45,0.5,0.2234676075990877,0.3783858339946302
omitted,selection,reverse,fixed_features,single,0.5,10,specimen_10,60,45,1.0,0.20761991218408704,0.459774428592824
omitted,selection,reverse,fixed_features,single,0.5,10,specimen_10,60,90,0.5,0.389564497285082,0.7808899989975346
omitted,selection,reverse,fixed_features,single,0.5,10,specimen_10,60,90,1.0,0.3439904816801247,0.9545073692651991
omitted,selection,reverse,fixed_features,single,0.5,10,specimen_10,60,135,0.5,0.24232824139716777,0.7976772477118534
omitted,selection,reverse,fixed_features,single,0.5,10,specimen_10,60,135,1.0,0.24726006969061612,0.8079235749300457
omitted,selection,reverse,fixed_features,single,0.5,10,specimen_10,60,180,0.5,0.4518711640890974,0.43567741855297526
omitted,selection,reverse,fixed_features,single,0.5,10,specimen_10,60,180,1.0,0.4388195531650616,0.32844307434007103
omitted,selection,reverse,fixed_features,single,0.5,10,specimen_10,60,225,0.5,0.2156834637530225,0.5755400784639668
omitted,selection,reverse,fixed_features,single,0.5,10,specimen_10,60,225,1.0,0.2178356269277599,0.5400750568498436
omitted,selection,reverse,fixed_features,single,0.5,10,specimen_10,60,270,0.5,0.3781166179780781,0.854158573576383
omitted,selection,reverse,fixed_features,single,0.5,10,specimen_10,60,270,1.0,0.3264500978507405,0.6403369739248634
omitted,selection,reverse,fixed_features,single,0.5,10,specimen_10,60,315,0.5,0.20611829302973475,0.2949146272857215
omitted,selection,reverse,fixed_features,single,0.5,10,specimen_10,60,315,1.0,0.2019849572350302,0.45573120592392957
omitted,selection,reverse,fixed_features,single,0.5,57,specimen_57,20,0,1.0,0.4304484645289867,0.1973012744017854
omitted,selection,reverse,fixed_features,single,0.5,57,specimen_57,20,45,0.5,0.24503159997260027,0.22992202210152057
omitted,selection,reverse,fixed_features,single,0.5,57,specimen_57,20,45,1.0,0.2089089797262944,0.21729422147118677
omitted,selection,reverse,fixed_features,single,0.5,57,specimen_57,20,90,0.5,0.23985548697662895,0.2406961902643202
omitted,selection,reverse,fixed_features,single,0.5,57,specimen_57,20,90,1.0,0.24348494304201673,0.20437779249024163
omitted,selection,reverse,fixed_features,single,0.5,57,specimen_57,20,135,0.5,0.24520363201735143,0.261107581231576
omitted,selection,reverse,fixed_features,single,0.5,57,specimen_57,20,135,1.0,0.2189283215810541,0.21845668463628148
omitted,selection,reverse,fixed_features,single,0.5,57,specimen_57,20,180,0.5,0.3555184849284905,0.1126990226479985
omitted,selection,reverse,fixed_features,single,0.5,57,specimen_57,20,180,1.0,0.31960282562752146,0.11711213070071022
omitted,selection,reverse,fixed_features,single,0.5,57,specimen_57,20,225,0.5,0.30341197798626834,0.3043801404810376
omitted,selection,reverse,fixed_features,single,0.5,57,specimen_57,20,225,1.0,0.27468059578765835,0.2826474358195662
omitted,selection,reverse,fixed_features,single,0.5,57,specimen_57,20,270,0.5,0.2559325037492732,0.21398714975331384
omitted,selection,reverse,fixed_features,single,0.5,57,specimen_57,20,270,1.0,0.2644987458248342,0.3021372061246531
omitted,selection,reverse,fixed_features,single,0.5,57,specimen_57,20,315,0.5,0.2558688744485227,0.2876360021810214
omitted,selection,reverse,fixed_features,single,0.5,57,specimen_57,20,315,1.0,0.21129641399152374,0.18214777676624683
omitted,selection,reverse,fixed_features,single,0.5,57,specimen_57,40,45,0.5,0.2138103363323045,0.32967440250881486
omitted,selection,reverse,fixed_features,single,0.5,57,specimen_57,40,45,1.0,0.20713708193041083,0.2971942570704196
omitted,selection,reverse,fixed_features,single,0.5,57,specimen_57,40,90,1.0,0.4491025294829987,1.4250098849882413
omitted,selection,reverse,fixed_features,single,0.5,57,specimen_57,40,135,0.5,0.2395510154336883,0.8706772271931811
omitted,selection,reverse,fixed_features,single,0.5,57,specimen_57,40,135,1.0,0.2681217204468327,0.6910582080671162
omitted,selection,reverse,fixed_features,single,0.5,57,specimen_57,40,180,0.5,0.3497702244998198,0.06495090330444236
omitted,selection,reverse,fixed_features,single,0.5,57,specimen_57,40,180,1.0,0.3350797785479069,0.07610906585733507
omitted,selection,reverse,fixed_features,single,0.5,57,specimen_57,40,225,0.5,0.2582725142497973,0.6722938121710588
omitted,selection,reverse,fixed_features,single,0.5,57,specimen_57,40,225,1.0,0.2614804121056617,0.5350470542245895
omitted,selection,reverse,fixed_features,single,0.5,57,specimen_57,40,270,0.5,0.49605775409101893,1.8012037585588792
omitted,selection,reverse,fixed_features,single,0.5,57,specimen_57,40,270,1.0,0.4363301246351006,1.6930870498482666
omitted,selection,reverse,fixed_features,single,0.5,57,specimen_57,40,315,0.5,0.2362080758455242,1.6377899412438723
omitted,selection,reverse,fixed_features,single,0.5,57,specimen_57,40,315,1.0,0.2935004407723928,1.1631633961787353
omitted,selection,reverse,fixed_features,single,0.5,57,specimen_57,60,0,0.5,0.7321986505836503,0.7019276978071559
omitted,selection,reverse,fixed_features,single,0.5,57,specimen_57,60,0,1.0,0.7101465464444464,0.7026255080366977
omitted,selection,reverse,fixed_features,single,0.5,57,specimen_57,60,45,0.5,0.30706282476826174,0.7974465779132317
omitted,selection,reverse,fixed_features,single,0.5,57,specimen_57,60,45,1.0,0.2960030882334821,0.6529972590640893
omitted,selection,reverse,fixed_features,single,0.5,57,specimen_57,60,90,0.5,0.3493521685536359,0.953610808931564
omitted,selection,reverse,fixed_features,single,0.5,57,specimen_57,60,90,1.0,0.3804779214606289,1.0051854703208147
omitted,selection,reverse,fixed_features,single,0.5,57,specimen_57,60,135,0.5,0.3512821474605247,1.3683226116989085
omitted,selection,reverse,fixed_features,single,0.5,57,specimen_57,60,135,1.0,0.3549557373677152,1.2712507356841014
omitted,selection,reverse,fixed_features,single,0.5,57,specimen_57,60,180,0.5,0.46921629940767956,0.3935441347454255
omitted,selection,reverse,fixed_features,single,0.5,57,specimen_57,60,180,1.0,0.49872553886576815,0.38913862200567556
omitted,selection,reverse,fixed_features,single,0.5,57,specimen_57,60,225,0.5,0.3007739221172136,1.2459223570155966
omitted,selection,reverse,fixed_features,single,0.5,57,specimen_57,60,225,1.0,0.28994887932583896,0.954628638419398
omitted,selection,reverse,fixed_features,single,0.5,57,specimen_57,60,270,0.5,0.39026890634387046,1.2591557701558855
omitted,selection,reverse,fixed_features,single,0.5,57,specimen_57,60,270,1.0,0.361925929564128,1.0144671729599954
omitted,selection,reverse,fixed_features,single,0.5,57,specimen_57,60,315,0.5,0.2427042532429081,1.343163541377048
omitted,selection,reverse,fixed_features,single,0.5,57,specimen_57,60,315,1.0,0.27414321777461775,1.3852386053211814
omitted,selection,reverse,retrieval,direction,0.5,10,specimen_10,20,0,1.0,0.14877513348619215,0.03503281887350912
omitted,selection,reverse,retrieval,direction,0.5,10,specimen_10,20,45,0.5,0.13273998911849857,0.03384346849654296
omitted,selection,reverse,retrieval,direction,0.5,10,specimen_10,20,45,1.0,0.15668141433046331,0.017963289254275705
omitted,selection,reverse,retrieval,direction,0.5,10,specimen_10,20,90,0.5,0.18221057202258728,0.02646838428037568
omitted,selection,reverse,retrieval,direction,0.5,10,specimen_10,20,90,1.0,0.15701886696740483,0.11465381065104463
omitted,selection,reverse,retrieval,direction,0.5,10,specimen_10,20,135,0.5,0.11068566671321739,0.00980937142212679
omitted,selection,reverse,retrieval,direction,0.5,10,specimen_10,20,135,1.0,0.1254197356500574,0.036041411966947434
omitted,selection,reverse,retrieval,direction,0.5,10,specimen_10,20,180,0.5,0.10824595569134636,0.01433475776390375
omitted,selection,reverse,retrieval,direction,0.5,10,specimen_10,20,180,1.0,0.15063416935959706,0.03607807403178598
omitted,selection,reverse,retrieval,direction,0.5,10,specimen_10,20,225,0.5,0.13027900624636046,0.06112803656136201
omitted,selection,reverse,retrieval,direction,0.5,10,specimen_10,20,225,1.0,0.15016909867108605,0.07981399116021759
omitted,selection,reverse,retrieval,direction,0.5,10,specimen_10,20,270,0.5,0.1104130049337479,0.014135946567623625
omitted,selection,reverse,retrieval,direction,0.5,10,specimen_10,20,270,1.0,0.1923964970366405,0.23637256551849184
omitted,selection,reverse,retrieval,direction,0.5,10,specimen_10,20,315,0.5,0.1723648954717841,0.04908225843103875
omitted,selection,reverse,retrieval,direction,0.5,10,specimen_10,20,315,1.0,0.12469378011492267,0.06388496348536354
omitted,selection,reverse,retrieval,direction,0.5,10,specimen_10,40,45,0.5,0.11669718034060128,0.13628971389344424
omitted,selection,reverse,retrieval,direction,0.5,10,specimen_10,40,45,1.0,0.1479176281784961,0.20159405348054737
omitted,selection,reverse,retrieval,direction,0.5,10,specimen_10,40,90,1.0,0.15948963814273873,0.07789585413761113
omitted,selection,reverse,retrieval,direction,0.5,10,specimen_10,40,135,0.5,0.12419074582301182,0.10151158746034095
omitted,selection,reverse,retrieval,direction,0.5,10,specimen_10,40,135,1.0,0.23607181899085514,0.10973275190974041
omitted,selection,reverse,retrieval,direction,0.5,10,specimen_10,40,180,0.5,0.1534066812685261,0.511092142468999
omitted,selection,reverse,retrieval,direction,0.5,10,specimen_10,40,180,1.0,0.17084352798242666,0.3438537619056453
omitted,selection,reverse,retrieval,direction,0.5,10,specimen_10,40,225,0.5,0.12813519684945443,0.12457664193376328
omitted,selection,reverse,retrieval,direction,0.5,10,specimen_10,40,225,1.0,0.12289501105256935,0.08564120890448002
omitted,selection,reverse,retrieval,direction,0.5,10,specimen_10,40,270,0.5,0.20497362640942915,0.04217393785361745
omitted,selection,reverse,retrieval,direction,0.5,10,specimen_10,40,270,1.0,0.15904127930529213,0.01335989377843183
omitted,selection,reverse,retrieval,direction,0.5,10,specimen_10,40,315,0.5,0.12325100117312522,0.28721666777356103
omitted,selection,reverse,retrieval,direction,0.5,10,specimen_10,40,315,1.0,0.15017079158861732,0.2493185840895511
omitted,selection,reverse,retrieval,direction,0.5,10,specimen_10,60,0,0.5,0.24905667515711286,0.2230514990849386
omitted,selection,reverse,retrieval,direction,0.5,10,specimen_10,60,0,1.0,0.21056746779485727,0.24926264744204185
omitted,selection,reverse,retrieval,direction,0.5,10,specimen_10,60,45,0.5,0.12897527507171078,0.03877495274898779
omitted,selection,reverse,retrieval,direction,0.5,10,specimen_10,60,45,1.0,0.15573369933002748,0.16094427889927299
omitted,selection,reverse,retrieval,direction,0.5,10,specimen_10,60,90,0.5,0.24812982797750038,0.2076207036108153
omitted,selection,reverse,retrieval,direction,0.5,10,specimen_10,60,90,1.0,0.14394650389638533,0.30134843400130285
omitted,selection,reverse,retrieval,direction,0.5,10,specimen_10,60,135,0.5,0.1277460235624087,0.0078475112221843
omitted,selection,reverse,retrieval,direction,0.5,10,specimen_10,60,135,1.0,0.12056440243157884,0.1432124831415742
omitted,selection,reverse,retrieval,direction,0.5,10,specimen_10,60,180,0.5,0.11930069815557527,0.08680079999737433
omitted,selection,reverse,retrieval,direction,0.5,10,specimen_10,60,180,1.0,0.1659357421492494,0.15993700052758675
omitted,selection,reverse,retrieval,direction,0.5,10,specimen_10,60,225,0.5,0.15812205948503985,0.12415208640283826
omitted,selection,reverse,retrieval,direction,0.5,10,specimen_10,60,225,1.0,0.1633132756080069,0.25477743353928584
omitted,selection,reverse,retrieval,direction,0.5,10,specimen_10,60,270,0.5,0.1498674636169658,0.09737610421198295
omitted,selection,reverse,retrieval,direction,0.5,10,specimen_10,60,270,1.0,0.17482680189616984,0.22335530204284715
omitted,selection,reverse,retrieval,direction,0.5,10,specimen_10,60,315,0.5,0.18003199547907855,0.2167788761174143
omitted,selection,reverse,retrieval,direction,0.5,10,specimen_10,60,315,1.0,0.1393401463150288,0.08014054331871856
omitted,selection,reverse,retrieval,direction,0.5,57,specimen_57,20,0,1.0,0.2444816212338716,0.04736897635087911
omitted,selection,reverse,retrieval,direction,0.5,57,specimen_57,20,45,0.5,0.12723739141292736,0.0015103862020666714
omitted,selection,reverse,retrieval,direction,0.5,57,specimen_57,20,45,1.0,0.13537138111084906,0.015713656971301004
omitted,selection,reverse,retrieval,direction,0.5,57,specimen_57,20,90,0.5,0.1417621646413936,0.048107209425447994
omitted,selection,reverse,retrieval,direction,0.5,57,specimen_57,20,90,1.0,0.1400888688325194,0.09890362932074259
omitted,selection,reverse,retrieval,direction,0.5,57,specimen_57,20,135,0.5,0.13553372072351452,0.00382940091647499
omitted,selection,reverse,retrieval,direction,0.5,57,specimen_57,20,135,1.0,0.11674330196008277,0.021612068963633213
omitted,selection,reverse,retrieval,direction,0.5,57,specimen_57,20,180,0.5,0.16909994628403316,0.0020630917980827
omitted,selection,reverse,retrieval,direction,0.5,57,specimen_57,20,180,1.0,0.14899589627643517,0.0017475346222009525
omitted,selection,reverse,retrieval,direction,0.5,57,specimen_57,20,225,0.5,0.1265395841446542,0.010702842575838423
omitted,selection,reverse,retrieval,direction,0.5,57,specimen_57,20,225,1.0,0.11899814383705365,0.017243457099451298
omitted,selection,reverse,retrieval,direction,0.5,57,specimen_57,20,270,0.5,0.18504599850290773,0.09489906030494621
omitted,selection,reverse,retrieval,direction,0.5,57,specimen_57,20,270,1.0,0.1064064100320437,0.03574893800715473
omitted,selection,reverse,retrieval,direction,0.5,57,specimen_57,20,315,0.5,0.14833247901764354,0.10198679837003766
omitted,selection,reverse,retrieval,direction,0.5,57,specimen_57,20,315,1.0,0.12039258851735714,0.009822950742769176
omitted,selection,reverse,retrieval,direction,0.5,57,specimen_57,40,45,0.5,0.1132089152905487,0.027636453884687606
omitted,selection,reverse,retrieval,direction,0.5,57,specimen_57,40,45,1.0,0.12553383553061367,0.009843575467112897
omitted,selection,reverse,retrieval,direction,0.5,57,specimen_57,40,90,1.0,0.13367267722014478,0.0242508687117029
omitted,selection,reverse,retrieval,direction,0.5,57,specimen_57,40,135,0.5,0.13569459219284183,0.048794290597675705
omitted,selection,reverse,retrieval,direction,0.5,57,specimen_57,40,135,1.0,0.11243434302949955,0.09635650424988418
omitted,selection,reverse,retrieval,direction,0.5,57,specimen_57,40,180,0.5,0.14299709219450563,0.005413864729804541
omitted,selection,reverse,retrieval,direction,0.5,57,specimen_57,40,180,1.0,0.14861609311107238,0.11026951429739806
omitted,selection,reverse,retrieval,direction,0.5,57,specimen_57,40,225,0.5,0.15138407834601889,0.11777398085470425
omitted,selection,reverse,retrieval,direction,0.5,57,specimen_57,40,225,1.0,0.15298693922289272,0.06332726259256494
omitted,selection,reverse,retrieval,direction,0.5,57,specimen_57,40,270,0.5,0.1768946559772889,0.13372432456755678
omitted,selection,reverse,retrieval,direction,0.5,57,specimen_57,40,270,1.0,0.16850973351397003,0.050853608668518735
omitted,selection,reverse,retrieval,direction,0.5,57,specimen_57,40,315,0.5,0.12984274984673425,0.1342187278572058
omitted,selection,reverse,retrieval,direction,0.5,57,specimen_57,40,315,1.0,0.1487665547858429,0.2744654052678246
omitted,selection,reverse,retrieval,direction,0.5,57,specimen_57,60,0,0.5,0.1513500112351537,0.03628414654496326
omitted,selection,reverse,retrieval,direction,0.5,57,specimen_57,60,0,1.0,0.1767429956884826,0.043234378435993204
omitted,selection,reverse,retrieval,direction,0.5,57,specimen_57,60,45,0.5,0.17018065990878262,0.1984812715843205
omitted,selection,reverse,retrieval,direction,0.5,57,specimen_57,60,45,1.0,0.181540269221055,0.17365980692529148
omitted,selection,reverse,retrieval,direction,0.5,57,specimen_57,60,90,0.5,0.10874196334947257,0.026489755633414935
omitted,selection,reverse,retrieval,direction,0.5,57,specimen_57,60,90,1.0,0.13114901707692486,0.10263558000762263
omitted,selection,reverse,retrieval,direction,0.5,57,specimen_57,60,135,0.5,0.1879583188143894,0.12409111164675579
omitted,selection,reverse,retrieval,direction,0.5,57,specimen_57,60,135,1.0,0.2695548957054552,0.06694563364322059
omitted,selection,reverse,retrieval,direction,0.5,57,specimen_57,60,180,0.5,0.1788290361508157,0.028216314893422578
omitted,selection,reverse,retrieval,direction,0.5,57,specimen_57,60,180,1.0,0.20849127930559283,0.027328568378529094
omitted,selection,reverse,retrieval,direction,0.5,57,specimen_57,60,225,0.5,0.18878498225559817,0.1808702857786233
omitted,selection,reverse,retrieval,direction,0.5,57,specimen_57,60,225,1.0,0.20591613406329204,0.37721898123153497
omitted,selection,reverse,retrieval,direction,0.5,57,specimen_57,60,270,0.5,0.11577051120195814,0.10827801391540537
omitted,selection,reverse,retrieval,direction,0.5,57,specimen_57,60,270,1.0,0.12554732654228026,0.04540881531720409
omitted,selection,reverse,retrieval,direction,0.5,57,specimen_57,60,315,0.5,0.1552743841779807,0.15766087537745666
omitted,selection,reverse,retrieval,direction,0.5,57,specimen_57,60,315,1.0,0.19357373783378065,0.26834268858062815
omitted,selection,reverse,retrieval,repeat,0.5,10,specimen_10,20,0,1.0,0.14877513348619215,0.03503281887350912
omitted,selection,reverse,retrieval,repeat,0.5,10,specimen_10,20,45,0.5,0.13273998911849857,0.03384346849654296
omitted,selection,reverse,retrieval,repeat,0.5,10,specimen_10,20,45,1.0,0.15668141433046331,0.017963289254275705
omitted,selection,reverse,retrieval,repeat,0.5,10,specimen_10,20,90,0.5,0.18221057202258728,0.02646838428037568
omitted,selection,reverse,retrieval,repeat,0.5,10,specimen_10,20,90,1.0,0.15701886696740483,0.11465381065104463
omitted,selection,reverse,retrieval,repeat,0.5,10,specimen_10,20,135,0.5,0.11068566671321739,0.00980937142212679
omitted,selection,reverse,retrieval,repeat,0.5,10,specimen_10,20,135,1.0,0.1254197356500574,0.036041411966947434
omitted,selection,reverse,retrieval,repeat,0.5,10,specimen_10,20,180,0.5,0.10824595569134636,0.01433475776390375
omitted,selection,reverse,retrieval,repeat,0.5,10,specimen_10,20,180,1.0,0.15063416935959706,0.03607807403178598
omitted,selection,reverse,retrieval,repeat,0.5,10,specimen_10,20,225,0.5,0.13027900624636046,0.06112803656136201
omitted,selection,reverse,retrieval,repeat,0.5,10,specimen_10,20,225,1.0,0.15016909867108605,0.07981399116021759
omitted,selection,reverse,retrieval,repeat,0.5,10,specimen_10,20,270,0.5,0.1104130049337479,0.014135946567623625
omitted,selection,reverse,retrieval,repeat,0.5,10,specimen_10,20,270,1.0,0.1923964970366405,0.23637256551849184
omitted,selection,reverse,retrieval,repeat,0.5,10,specimen_10,20,315,0.5,0.1723648954717841,0.04908225843103875
omitted,selection,reverse,retrieval,repeat,0.5,10,specimen_10,20,315,1.0,0.12469378011492267,0.06388496348536354
omitted,selection,reverse,retrieval,repeat,0.5,10,specimen_10,40,45,0.5,0.11669718034060128,0.13628971389344424
omitted,selection,reverse,retrieval,repeat,0.5,10,specimen_10,40,45,1.0,0.1479176281784961,0.20159405348054737
omitted,selection,reverse,retrieval,repeat,0.5,10,specimen_10,40,90,1.0,0.15948963814273873,0.07789585413761113
omitted,selection,reverse,retrieval,repeat,0.5,10,specimen_10,40,135,0.5,0.12419074582301182,0.10151158746034095
omitted,selection,reverse,retrieval,repeat,0.5,10,specimen_10,40,135,1.0,0.23607181899085514,0.10973275190974041
omitted,selection,reverse,retrieval,repeat,0.5,10,specimen_10,40,180,0.5,0.1534066812685261,0.511092142468999
omitted,selection,reverse,retrieval,repeat,0.5,10,specimen_10,40,180,1.0,0.17084352798242666,0.3438537619056453
omitted,selection,reverse,retrieval,repeat,0.5,10,specimen_10,40,225,0.5,0.12813519684945443,0.12457664193376328
omitted,selection,reverse,retrieval,repeat,0.5,10,specimen_10,40,225,1.0,0.12289501105256935,0.08564120890448002
omitted,selection,reverse,retrieval,repeat,0.5,10,specimen_10,40,270,0.5,0.20497362640942915,0.04217393785361745
omitted,selection,reverse,retrieval,repeat,0.5,10,specimen_10,40,270,1.0,0.15904127930529213,0.01335989377843183
omitted,selection,reverse,retrieval,repeat,0.5,10,specimen_10,40,315,0.5,0.12325100117312522,0.28721666777356103
omitted,selection,reverse,retrieval,repeat,0.5,10,specimen_10,40,315,1.0,0.15017079158861732,0.2493185840895511
omitted,selection,reverse,retrieval,repeat,0.5,10,specimen_10,60,0,0.5,0.24905667515711286,0.2230514990849386
omitted,selection,reverse,retrieval,repeat,0.5,10,specimen_10,60,0,1.0,0.21056746779485727,0.24926264744204185
omitted,selection,reverse,retrieval,repeat,0.5,10,specimen_10,60,45,0.5,0.12897527507171078,0.03877495274898779
omitted,selection,reverse,retrieval,repeat,0.5,10,specimen_10,60,45,1.0,0.15573369933002748,0.16094427889927299
omitted,selection,reverse,retrieval,repeat,0.5,10,specimen_10,60,90,0.5,0.24812982797750038,0.2076207036108153
omitted,selection,reverse,retrieval,repeat,0.5,10,specimen_10,60,90,1.0,0.14394650389638533,0.30134843400130285
omitted,selection,reverse,retrieval,repeat,0.5,10,specimen_10,60,135,0.5,0.1277460235624087,0.0078475112221843
omitted,selection,reverse,retrieval,repeat,0.5,10,specimen_10,60,135,1.0,0.12056440243157884,0.1432124831415742
omitted,selection,reverse,retrieval,repeat,0.5,10,specimen_10,60,180,0.5,0.11930069815557527,0.08680079999737433
omitted,selection,reverse,retrieval,repeat,0.5,10,specimen_10,60,180,1.0,0.1659357421492494,0.15993700052758675
omitted,selection,reverse,retrieval,repeat,0.5,10,specimen_10,60,225,0.5,0.15812205948503985,0.12415208640283826
omitted,selection,reverse,retrieval,repeat,0.5,10,specimen_10,60,225,1.0,0.1633132756080069,0.25477743353928584
omitted,selection,reverse,retrieval,repeat,0.5,10,specimen_10,60,270,0.5,0.1498674636169658,0.09737610421198295
omitted,selection,reverse,retrieval,repeat,0.5,10,specimen_10,60,270,1.0,0.17482680189616984,0.22335530204284715
omitted,selection,reverse,retrieval,repeat,0.5,10,specimen_10,60,315,0.5,0.18003199547907855,0.2167788761174143
omitted,selection,reverse,retrieval,repeat,0.5,10,specimen_10,60,315,1.0,0.1393401463150288,0.08014054331871856
omitted,selection,reverse,retrieval,repeat,0.5,57,specimen_57,20,0,1.0,0.2444816212338716,0.04736897635087911
omitted,selection,reverse,retrieval,repeat,0.5,57,specimen_57,20,45,0.5,0.12723739141292736,0.0015103862020666714
omitted,selection,reverse,retrieval,repeat,0.5,57,specimen_57,20,45,1.0,0.13537138111084906,0.015713656971301004
omitted,selection,reverse,retrieval,repeat,0.5,57,specimen_57,20,90,0.5,0.1417621646413936,0.048107209425447994
omitted,selection,reverse,retrieval,repeat,0.5,57,specimen_57,20,90,1.0,0.1400888688325194,0.09890362932074259
omitted,selection,reverse,retrieval,repeat,0.5,57,specimen_57,20,135,0.5,0.13553372072351452,0.00382940091647499
omitted,selection,reverse,retrieval,repeat,0.5,57,specimen_57,20,135,1.0,0.11674330196008277,0.021612068963633213
omitted,selection,reverse,retrieval,repeat,0.5,57,specimen_57,20,180,0.5,0.16909994628403316,0.0020630917980827
omitted,selection,reverse,retrieval,repeat,0.5,57,specimen_57,20,180,1.0,0.14899589627643517,0.0017475346222009525
omitted,selection,reverse,retrieval,repeat,0.5,57,specimen_57,20,225,0.5,0.1265395841446542,0.010702842575838423
omitted,selection,reverse,retrieval,repeat,0.5,57,specimen_57,20,225,1.0,0.11899814383705365,0.017243457099451298
omitted,selection,reverse,retrieval,repeat,0.5,57,specimen_57,20,270,0.5,0.18504599850290773,0.09489906030494621
omitted,selection,reverse,retrieval,repeat,0.5,57,specimen_57,20,270,1.0,0.1064064100320437,0.03574893800715473
omitted,selection,reverse,retrieval,repeat,0.5,57,specimen_57,20,315,0.5,0.14833247901764354,0.10198679837003766
omitted,selection,reverse,retrieval,repeat,0.5,57,specimen_57,20,315,1.0,0.12039258851735714,0.009822950742769176
omitted,selection,reverse,retrieval,repeat,0.5,57,specimen_57,40,45,0.5,0.1132089152905487,0.027636453884687606
omitted,selection,reverse,retrieval,repeat,0.5,57,specimen_57,40,45,1.0,0.12553383553061367,0.009843575467112897
omitted,selection,reverse,retrieval,repeat,0.5,57,specimen_57,40,90,1.0,0.13367267722014478,0.0242508687117029
omitted,selection,reverse,retrieval,repeat,0.5,57,specimen_57,40,135,0.5,0.13569459219284183,0.048794290597675705
omitted,selection,reverse,retrieval,repeat,0.5,57,specimen_57,40,135,1.0,0.11243434302949955,0.09635650424988418
omitted,selection,reverse,retrieval,repeat,0.5,57,specimen_57,40,180,0.5,0.14299709219450563,0.005413864729804541
omitted,selection,reverse,retrieval,repeat,0.5,57,specimen_57,40,180,1.0,0.14861609311107238,0.11026951429739806
omitted,selection,reverse,retrieval,repeat,0.5,57,specimen_57,40,225,0.5,0.15138407834601889,0.11777398085470425
omitted,selection,reverse,retrieval,repeat,0.5,57,specimen_57,40,225,1.0,0.15298693922289272,0.06332726259256494
omitted,selection,reverse,retrieval,repeat,0.5,57,specimen_57,40,270,0.5,0.1768946559772889,0.13372432456755678
omitted,selection,reverse,retrieval,repeat,0.5,57,specimen_57,40,270,1.0,0.16850973351397003,0.050853608668518735
omitted,selection,reverse,retrieval,repeat,0.5,57,specimen_57,40,315,0.5,0.12984274984673425,0.1342187278572058
omitted,selection,reverse,retrieval,repeat,0.5,57,specimen_57,40,315,1.0,0.1487665547858429,0.2744654052678246
omitted,selection,reverse,retrieval,repeat,0.5,57,specimen_57,60,0,0.5,0.1513500112351537,0.03628414654496326
omitted,selection,reverse,retrieval,repeat,0.5,57,specimen_57,60,0,1.0,0.1767429956884826,0.043234378435993204
omitted,selection,reverse,retrieval,repeat,0.5,57,specimen_57,60,45,0.5,0.17018065990878262,0.1984812715843205
omitted,selection,reverse,retrieval,repeat,0.5,57,specimen_57,60,45,1.0,0.181540269221055,0.17365980692529148
omitted,selection,reverse,retrieval,repeat,0.5,57,specimen_57,60,90,0.5,0.10874196334947257,0.026489755633414935
omitted,selection,reverse,retrieval,repeat,0.5,57,specimen_57,60,90,1.0,0.13114901707692486,0.10263558000762263
omitted,selection,reverse,retrieval,repeat,0.5,57,specimen_57,60,135,0.5,0.1879583188143894,0.12409111164675579
omitted,selection,reverse,retrieval,repeat,0.5,57,specimen_57,60,135,1.0,0.2695548957054552,0.06694563364322059
omitted,selection,reverse,retrieval,repeat,0.5,57,specimen_57,60,180,0.5,0.1788290361508157,0.028216314893422578
omitted,selection,reverse,retrieval,repeat,0.5,57,specimen_57,60,180,1.0,0.20849127930559283,0.027328568378529094
omitted,selection,reverse,retrieval,repeat,0.5,57,specimen_57,60,225,0.5,0.18878498225559817,0.1808702857786233
omitted,selection,reverse,retrieval,repeat,0.5,57,specimen_57,60,225,1.0,0.20591613406329204,0.37721898123153497
omitted,selection,reverse,retrieval,repeat,0.5,57,specimen_57,60,270,0.5,0.11577051120195814,0.10827801391540537
omitted,selection,reverse,retrieval,repeat,0.5,57,specimen_57,60,270,1.0,0.12554732654228026,0.04540881531720409
omitted,selection,reverse,retrieval,repeat,0.5,57,specimen_57,60,315,0.5,0.1552743841779807,0.15766087537745666
omitted,selection,reverse,retrieval,repeat,0.5,57,specimen_57,60,315,1.0,0.19357373783378065,0.26834268858062815
omitted,selection,reverse,retrieval,single,0.5,10,specimen_10,20,0,1.0,0.14877513348619215,0.03503281887350912
omitted,selection,reverse,retrieval,single,0.5,10,specimen_10,20,45,0.5,0.13273998911849857,0.03384346849654296
omitted,selection,reverse,retrieval,single,0.5,10,specimen_10,20,45,1.0,0.15668141433046331,0.017963289254275705
omitted,selection,reverse,retrieval,single,0.5,10,specimen_10,20,90,0.5,0.18221057202258728,0.02646838428037568
omitted,selection,reverse,retrieval,single,0.5,10,specimen_10,20,90,1.0,0.15701886696740483,0.11465381065104463
omitted,selection,reverse,retrieval,single,0.5,10,specimen_10,20,135,0.5,0.11068566671321739,0.00980937142212679
omitted,selection,reverse,retrieval,single,0.5,10,specimen_10,20,135,1.0,0.1254197356500574,0.036041411966947434
omitted,selection,reverse,retrieval,single,0.5,10,specimen_10,20,180,0.5,0.10824595569134636,0.01433475776390375
omitted,selection,reverse,retrieval,single,0.5,10,specimen_10,20,180,1.0,0.15063416935959706,0.03607807403178598
omitted,selection,reverse,retrieval,single,0.5,10,specimen_10,20,225,0.5,0.13027900624636046,0.06112803656136201
omitted,selection,reverse,retrieval,single,0.5,10,specimen_10,20,225,1.0,0.15016909867108605,0.07981399116021759
omitted,selection,reverse,retrieval,single,0.5,10,specimen_10,20,270,0.5,0.1104130049337479,0.014135946567623625
omitted,selection,reverse,retrieval,single,0.5,10,specimen_10,20,270,1.0,0.1923964970366405,0.23637256551849184
omitted,selection,reverse,retrieval,single,0.5,10,specimen_10,20,315,0.5,0.1723648954717841,0.04908225843103875
omitted,selection,reverse,retrieval,single,0.5,10,specimen_10,20,315,1.0,0.12469378011492267,0.06388496348536354
omitted,selection,reverse,retrieval,single,0.5,10,specimen_10,40,45,0.5,0.11669718034060128,0.13628971389344424
omitted,selection,reverse,retrieval,single,0.5,10,specimen_10,40,45,1.0,0.1479176281784961,0.20159405348054737
omitted,selection,reverse,retrieval,single,0.5,10,specimen_10,40,90,1.0,0.15948963814273873,0.07789585413761113
omitted,selection,reverse,retrieval,single,0.5,10,specimen_10,40,135,0.5,0.12419074582301182,0.10151158746034095
omitted,selection,reverse,retrieval,single,0.5,10,specimen_10,40,135,1.0,0.23607181899085514,0.10973275190974041
omitted,selection,reverse,retrieval,single,0.5,10,specimen_10,40,180,0.5,0.1534066812685261,0.511092142468999
omitted,selection,reverse,retrieval,single,0.5,10,specimen_10,40,180,1.0,0.17084352798242666,0.3438537619056453
omitted,selection,reverse,retrieval,single,0.5,10,specimen_10,40,225,0.5,0.12813519684945443,0.12457664193376328
omitted,selection,reverse,retrieval,single,0.5,10,specimen_10,40,225,1.0,0.12289501105256935,0.08564120890448002
omitted,selection,reverse,retrieval,single,0.5,10,specimen_10,40,270,0.5,0.20497362640942915,0.04217393785361745
omitted,selection,reverse,retrieval,single,0.5,10,specimen_10,40,270,1.0,0.15904127930529213,0.01335989377843183
omitted,selection,reverse,retrieval,single,0.5,10,specimen_10,40,315,0.5,0.12325100117312522,0.28721666777356103
omitted,selection,reverse,retrieval,single,0.5,10,specimen_10,40,315,1.0,0.15017079158861732,0.2493185840895511
omitted,selection,reverse,retrieval,single,0.5,10,specimen_10,60,0,0.5,0.24905667515711286,0.2230514990849386
omitted,selection,reverse,retrieval,single,0.5,10,specimen_10,60,0,1.0,0.21056746779485727,0.24926264744204185
omitted,selection,reverse,retrieval,single,0.5,10,specimen_10,60,45,0.5,0.12897527507171078,0.03877495274898779
omitted,selection,reverse,retrieval,single,0.5,10,specimen_10,60,45,1.0,0.15573369933002748,0.16094427889927299
omitted,selection,reverse,retrieval,single,0.5,10,specimen_10,60,90,0.5,0.24812982797750038,0.2076207036108153
omitted,selection,reverse,retrieval,single,0.5,10,specimen_10,60,90,1.0,0.14394650389638533,0.30134843400130285
omitted,selection,reverse,retrieval,single,0.5,10,specimen_10,60,135,0.5,0.1277460235624087,0.0078475112221843
omitted,selection,reverse,retrieval,single,0.5,10,specimen_10,60,135,1.0,0.12056440243157884,0.1432124831415742
omitted,selection,reverse,retrieval,single,0.5,10,specimen_10,60,180,0.5,0.11930069815557527,0.08680079999737433
omitted,selection,reverse,retrieval,single,0.5,10,specimen_10,60,180,1.0,0.1659357421492494,0.15993700052758675
omitted,selection,reverse,retrieval,single,0.5,10,specimen_10,60,225,0.5,0.15812205948503985,0.12415208640283826
omitted,selection,reverse,retrieval,single,0.5,10,specimen_10,60,225,1.0,0.1633132756080069,0.25477743353928584
omitted,selection,reverse,retrieval,single,0.5,10,specimen_10,60,270,0.5,0.1498674636169658,0.09737610421198295
omitted,selection,reverse,retrieval,single,0.5,10,specimen_10,60,270,1.0,0.17482680189616984,0.22335530204284715
omitted,selection,reverse,retrieval,single,0.5,10,specimen_10,60,315,0.5,0.18003199547907855,0.2167788761174143
omitted,selection,reverse,retrieval,single,0.5,10,specimen_10,60,315,1.0,0.1393401463150288,0.08014054331871856
omitted,selection,reverse,retrieval,single,0.5,57,specimen_57,20,0,1.0,0.2444816212338716,0.04736897635087911
omitted,selection,reverse,retrieval,single,0.5,57,specimen_57,20,45,0.5,0.12723739141292736,0.0015103862020666714
omitted,selection,reverse,retrieval,single,0.5,57,specimen_57,20,45,1.0,0.13537138111084906,0.015713656971301004
omitted,selection,reverse,retrieval,single,0.5,57,specimen_57,20,90,0.5,0.1417621646413936,0.048107209425447994
omitted,selection,reverse,retrieval,single,0.5,57,specimen_57,20,90,1.0,0.1400888688325194,0.09890362932074259
omitted,selection,reverse,retrieval,single,0.5,57,specimen_57,20,135,0.5,0.13553372072351452,0.00382940091647499
omitted,selection,reverse,retrieval,single,0.5,57,specimen_57,20,135,1.0,0.11674330196008277,0.021612068963633213
omitted,selection,reverse,retrieval,single,0.5,57,specimen_57,20,180,0.5,0.16909994628403316,0.0020630917980827
omitted,selection,reverse,retrieval,single,0.5,57,specimen_57,20,180,1.0,0.14899589627643517,0.0017475346222009525
omitted,selection,reverse,retrieval,single,0.5,57,specimen_57,20,225,0.5,0.1265395841446542,0.010702842575838423
omitted,selection,reverse,retrieval,single,0.5,57,specimen_57,20,225,1.0,0.11899814383705365,0.017243457099451298
omitted,selection,reverse,retrieval,single,0.5,57,specimen_57,20,270,0.5,0.18504599850290773,0.09489906030494621
omitted,selection,reverse,retrieval,single,0.5,57,specimen_57,20,270,1.0,0.1064064100320437,0.03574893800715473
omitted,selection,reverse,retrieval,single,0.5,57,specimen_57,20,315,0.5,0.14833247901764354,0.10198679837003766
omitted,selection,reverse,retrieval,single,0.5,57,specimen_57,20,315,1.0,0.12039258851735714,0.009822950742769176
omitted,selection,reverse,retrieval,single,0.5,57,specimen_57,40,45,0.5,0.1132089152905487,0.027636453884687606
omitted,selection,reverse,retrieval,single,0.5,57,specimen_57,40,45,1.0,0.12553383553061367,0.009843575467112897
omitted,selection,reverse,retrieval,single,0.5,57,specimen_57,40,90,1.0,0.13367267722014478,0.0242508687117029
omitted,selection,reverse,retrieval,single,0.5,57,specimen_57,40,135,0.5,0.13569459219284183,0.048794290597675705
omitted,selection,reverse,retrieval,single,0.5,57,specimen_57,40,135,1.0,0.11243434302949955,0.09635650424988418
omitted,selection,reverse,retrieval,single,0.5,57,specimen_57,40,180,0.5,0.14299709219450563,0.005413864729804541
omitted,selection,reverse,retrieval,single,0.5,57,specimen_57,40,180,1.0,0.14861609311107238,0.11026951429739806
omitted,selection,reverse,retrieval,single,0.5,57,specimen_57,40,225,0.5,0.15138407834601889,0.11777398085470425
omitted,selection,reverse,retrieval,single,0.5,57,specimen_57,40,225,1.0,0.15298693922289272,0.06332726259256494
omitted,selection,reverse,retrieval,single,0.5,57,specimen_57,40,270,0.5,0.1768946559772889,0.13372432456755678
omitted,selection,reverse,retrieval,single,0.5,57,specimen_57,40,270,1.0,0.16850973351397003,0.050853608668518735
omitted,selection,reverse,retrieval,single,0.5,57,specimen_57,40,315,0.5,0.12984274984673425,0.1342187278572058
omitted,selection,reverse,retrieval,single,0.5,57,specimen_57,40,315,1.0,0.1487665547858429,0.2744654052678246
omitted,selection,reverse,retrieval,single,0.5,57,specimen_57,60,0,0.5,0.1513500112351537,0.03628414654496326
omitted,selection,reverse,retrieval,single,0.5,57,specimen_57,60,0,1.0,0.1767429956884826,0.043234378435993204
omitted,selection,reverse,retrieval,single,0.5,57,specimen_57,60,45,0.5,0.17018065990878262,0.1984812715843205
omitted,selection,reverse,retrieval,single,0.5,57,specimen_57,60,45,1.0,0.181540269221055,0.17365980692529148
omitted,selection,reverse,retrieval,single,0.5,57,specimen_57,60,90,0.5,0.10874196334947257,0.026489755633414935
omitted,selection,reverse,retrieval,single,0.5,57,specimen_57,60,90,1.0,0.13114901707692486,0.10263558000762263
omitted,selection,reverse,retrieval,single,0.5,57,specimen_57,60,135,0.5,0.1879583188143894,0.12409111164675579
omitted,selection,reverse,retrieval,single,0.5,57,specimen_57,60,135,1.0,0.2695548957054552,0.06694563364322059
omitted,selection,reverse,retrieval,single,0.5,57,specimen_57,60,180,0.5,0.1788290361508157,0.028216314893422578
omitted,selection,reverse,retrieval,single,0.5,57,specimen_57,60,180,1.0,0.20849127930559283,0.027328568378529094
omitted,selection,reverse,retrieval,single,0.5,57,specimen_57,60,225,0.5,0.18878498225559817,0.1808702857786233
omitted,selection,reverse,retrieval,single,0.5,57,specimen_57,60,225,1.0,0.20591613406329204,0.37721898123153497
omitted,selection,reverse,retrieval,single,0.5,57,specimen_57,60,270,0.5,0.11577051120195814,0.10827801391540537
omitted,selection,reverse,retrieval,single,0.5,57,specimen_57,60,270,1.0,0.12554732654228026,0.04540881531720409
omitted,selection,reverse,retrieval,single,0.5,57,specimen_57,60,315,0.5,0.1552743841779807,0.15766087537745666
omitted,selection,reverse,retrieval,single,0.5,57,specimen_57,60,315,1.0,0.19357373783378065,0.26834268858062815
omitted,selection,reverse,speed_rescaling,direction,0.5,10,specimen_10,20,0,1.0,0.36965454979229134,0.44444053282421436
omitted,selection,reverse,speed_rescaling,direction,0.5,10,specimen_10,20,45,0.5,0.4143936883429616,0.06207648061941262
omitted,selection,reverse,speed_rescaling,direction,0.5,10,specimen_10,20,45,1.0,0.500255058235327,0.1307780332224836
omitted,selection,reverse,speed_rescaling,direction,0.5,10,specimen_10,20,90,0.5,0.4917951606038187,1.0237263574750266
omitted,selection,reverse,speed_rescaling,direction,0.5,10,specimen_10,20,90,1.0,0.4676122480450935,1.255385388501452
omitted,selection,reverse,speed_rescaling,direction,0.5,10,specimen_10,20,135,0.5,0.5715877582570558,0.9858448131460394
omitted,selection,reverse,speed_rescaling,direction,0.5,10,specimen_10,20,135,1.0,0.5613620333919928,1.3759896984849749
omitted,selection,reverse,speed_rescaling,direction,0.5,10,specimen_10,20,180,0.5,0.6640740303489077,1.3094973852398115
omitted,selection,reverse,speed_rescaling,direction,0.5,10,specimen_10,20,180,1.0,0.6292405407042811,1.663435536678202
omitted,selection,reverse,speed_rescaling,direction,0.5,10,specimen_10,20,225,0.5,0.3855298213425091,0.027402559743377686
omitted,selection,reverse,speed_rescaling,direction,0.5,10,specimen_10,20,225,1.0,0.46342873206728075,0.13894604972797153
omitted,selection,reverse,speed_rescaling,direction,0.5,10,specimen_10,20,270,0.5,0.5474822884147145,0.007500693114719903
omitted,selection,reverse,speed_rescaling,direction,0.5,10,specimen_10,20,270,1.0,0.5583967821969756,0.034999383830148
omitted,selection,reverse,speed_rescaling,direction,0.5,10,specimen_10,20,315,0.5,0.4198136108643298,0.13835649033361275
omitted,selection,reverse,speed_rescaling,direction,0.5,10,specimen_10,20,315,1.0,0.5054951978670023,0.13522548479995866
omitted,selection,reverse,speed_rescaling,direction,0.5,10,specimen_10,40,45,0.5,0.5223744548192762,0.35013643508800607
omitted,selection,reverse,speed_rescaling,direction,0.5,10,specimen_10,40,45,1.0,0.5635999657372048,0.16827700079879804
omitted,selection,reverse,speed_rescaling,direction,0.5,10,specimen_10,40,90,1.0,0.13989656610494752,0.30399887265359204
omitted,selection,reverse,speed_rescaling,direction,0.5,10,specimen_10,40,135,0.5,0.48952083043341377,0.5901107222640016
omitted,selection,reverse,speed_rescaling,direction,0.5,10,specimen_10,40,135,1.0,0.5109162206916869,1.2649044286674085
omitted,selection,reverse,speed_rescaling,direction,0.5,10,specimen_10,40,180,0.5,0.7864412632212653,1.5703703249457281
omitted,selection,reverse,speed_rescaling,direction,0.5,10,specimen_10,40,180,1.0,0.7517270244227164,1.8654877632741322
omitted,selection,reverse,speed_rescaling,direction,0.5,10,specimen_10,40,225,0.5,0.5489917655998089,0.46076067980596447
omitted,selection,reverse,speed_rescaling,direction,0.5,10,specimen_10,40,225,1.0,0.5906682254966616,0.06250845159571472
omitted,selection,reverse,speed_rescaling,direction,0.5,10,specimen_10,40,270,0.5,0.7707206424720473,1.0310489928535445
omitted,selection,reverse,speed_rescaling,direction,0.5,10,specimen_10,40,270,1.0,0.7609791715123251,0.5394237878900953
omitted,selection,reverse,speed_rescaling,direction,0.5,10,specimen_10,40,315,0.5,0.5744613325533529,1.0499678030105069
omitted,selection,reverse,speed_rescaling,direction,0.5,10,specimen_10,40,315,1.0,0.5725161578173014,0.29977321952195035
omitted,selection,reverse,speed_rescaling,direction,0.5,10,specimen_10,60,0,0.5,0.31073312857715213,0.12739952302865598
omitted,selection,reverse,speed_rescaling,direction,0.5,10,specimen_10,60,0,1.0,0.3887860125149751,0.2019980485324504
omitted,selection,reverse,speed_rescaling,direction,0.5,10,specimen_10,60,45,0.5,0.6924671498012339,0.8448678012238207
omitted,selection,reverse,speed_rescaling,direction,0.5,10,specimen_10,60,45,1.0,0.7115154191408811,0.76425545565821
omitted,selection,reverse,speed_rescaling,direction,0.5,10,specimen_10,60,90,0.5,0.6947099713304358,0.2871550879326574
omitted,selection,reverse,speed_rescaling,direction,0.5,10,specimen_10,60,90,1.0,0.6537320226857861,0.5589113109558919
omitted,selection,reverse,speed_rescaling,direction,0.5,10,specimen_10,60,135,0.5,0.688067323692827,0.38623319123779853
omitted,selection,reverse,speed_rescaling,direction,0.5,10,specimen_10,60,135,1.0,0.6783276297778505,0.8124708989661111
omitted,selection,reverse,speed_rescaling,direction,0.5,10,specimen_10,60,180,0.5,0.9263437098511847,1.7058670395489313
omitted,selection,reverse,speed_rescaling,direction,0.5,10,specimen_10,60,180,1.0,0.9061170303524163,2.037270246237516
omitted,selection,reverse,speed_rescaling,direction,0.5,10,specimen_10,60,225,0.5,0.6890323717005069,0.7411886063739792
omitted,selection,reverse,speed_rescaling,direction,0.5,10,specimen_10,60,225,1.0,0.6934653035861388,0.5609689149858412
omitted,selection,reverse,speed_rescaling,direction,0.5,10,specimen_10,60,270,0.5,0.8998093888749809,1.101824365657306
omitted,selection,reverse,speed_rescaling,direction,0.5,10,specimen_10,60,270,1.0,0.8583418581666534,0.7336416041668232
omitted,selection,reverse,speed_rescaling,direction,0.5,10,specimen_10,60,315,0.5,0.6779464214647469,0.670441604229121
omitted,selection,reverse,speed_rescaling,direction,0.5,10,specimen_10,60,315,1.0,0.6611743293933148,0.6648632914600836
omitted,selection,reverse,speed_rescaling,direction,0.5,57,specimen_57,20,0,1.0,0.2749536736920703,0.07429748874696263
omitted,selection,reverse,speed_rescaling,direction,0.5,57,specimen_57,20,45,0.5,0.4379479428169885,0.41135111626708104
omitted,selection,reverse,speed_rescaling,direction,0.5,57,specimen_57,20,45,1.0,0.42165279243726433,0.33750299032926917
omitted,selection,reverse,speed_rescaling,direction,0.5,57,specimen_57,20,90,0.5,0.45092880519816925,0.9790590215162077
omitted,selection,reverse,speed_rescaling,direction,0.5,57,specimen_57,20,90,1.0,0.5309925890669919,1.3522136614888618
omitted,selection,reverse,speed_rescaling,direction,0.5,57,specimen_57,20,135,0.5,0.5283003816841502,1.0104354326027942
omitted,selection,reverse,speed_rescaling,direction,0.5,57,specimen_57,20,135,1.0,0.5976215468481897,1.385321825876849
omitted,selection,reverse,speed_rescaling,direction,0.5,57,specimen_57,20,180,0.5,0.6254053747353187,1.4163478600163848
omitted,selection,reverse,speed_rescaling,direction,0.5,57,specimen_57,20,180,1.0,0.6724418208144541,1.7519685027057994
omitted,selection,reverse,speed_rescaling,direction,0.5,57,specimen_57,20,225,0.5,0.4608555964475347,0.35265445847870386
omitted,selection,reverse,speed_rescaling,direction,0.5,57,specimen_57,20,225,1.0,0.4201058978428925,0.2800437904492144
omitted,selection,reverse,speed_rescaling,direction,0.5,57,specimen_57,20,270,0.5,0.4193951166986975,0.2961537345435374
omitted,selection,reverse,speed_rescaling,direction,0.5,57,specimen_57,20,270,1.0,0.4255553145629654,0.32926763318171254
omitted,selection,reverse,speed_rescaling,direction,0.5,57,specimen_57,20,315,0.5,0.4705247601636959,0.4283187266224809
omitted,selection,reverse,speed_rescaling,direction,0.5,57,specimen_57,20,315,1.0,0.4207865021177309,0.26205210941995766
omitted,selection,reverse,speed_rescaling,direction,0.5,57,specimen_57,40,45,0.5,0.5240032925807059,0.6453977280253194
omitted,selection,reverse,speed_rescaling,direction,0.5,57,specimen_57,40,45,1.0,0.5020749992829795,0.5376178339030249
omitted,selection,reverse,speed_rescaling,direction,0.5,57,specimen_57,40,90,1.0,0.2274327587191339,0.49604310249773587
omitted,selection,reverse,speed_rescaling,direction,0.5,57,specimen_57,40,135,0.5,0.5817417177904872,0.69255579757004
omitted,selection,reverse,speed_rescaling,direction,0.5,57,specimen_57,40,135,1.0,0.7313111114976897,1.2940090587747746
omitted,selection,reverse,speed_rescaling,direction,0.5,57,specimen_57,40,180,0.5,0.8623805198862312,1.67124149124198
omitted,selection,reverse,speed_rescaling,direction,0.5,57,specimen_57,40,180,1.0,0.9462229243202066,2.1027363504218943
omitted,selection,reverse,speed_rescaling,direction,0.5,57,specimen_57,40,225,0.5,0.5209185567145792,0.8077214336713245
omitted,selection,reverse,speed_rescaling,direction,0.5,57,specimen_57,40,225,1.0,0.5351109442442797,0.6106268041069638
omitted,selection,reverse,speed_rescaling,direction,0.5,57,specimen_57,40,270,0.5,0.7900945964670383,1.985239074811605
omitted,selection,reverse,speed_rescaling,direction,0.5,57,specimen_57,40,270,1.0,0.6961712105937682,1.811398921133736
omitted,selection,reverse,speed_rescaling,direction,0.5,57,specimen_57,40,315,0.5,0.5194028516249153,1.9016434208017616
omitted,selection,reverse,speed_rescaling,direction,0.5,57,specimen_57,40,315,1.0,0.48730658209137606,1.3528885233842387
omitted,selection,reverse,speed_rescaling,direction,0.5,57,specimen_57,60,0,0.5,0.3844138801589949,0.04420198186984148
omitted,selection,reverse,speed_rescaling,direction,0.5,57,specimen_57,60,0,1.0,0.42034829099318277,0.1253999760783246
omitted,selection,reverse,speed_rescaling,direction,0.5,57,specimen_57,60,45,0.5,0.7971050404517794,1.4372005231356737
omitted,selection,reverse,speed_rescaling,direction,0.5,57,specimen_57,60,45,1.0,0.7144274071980998,1.2175382764495377
omitted,selection,reverse,speed_rescaling,direction,0.5,57,specimen_57,60,90,0.5,0.6985312382836635,0.4492664556057875
omitted,selection,reverse,speed_rescaling,direction,0.5,57,specimen_57,60,90,1.0,0.77215909062891,0.8660593659194786
omitted,selection,reverse,speed_rescaling,direction,0.5,57,specimen_57,60,135,0.5,0.8263342919244754,0.12834967878693382
omitted,selection,reverse,speed_rescaling,direction,0.5,57,specimen_57,60,135,1.0,0.938287610185764,0.6840433505383507
omitted,selection,reverse,speed_rescaling,direction,0.5,57,specimen_57,60,180,0.5,1.1665999226697301,1.9459877374199466
omitted,selection,reverse,speed_rescaling,direction,0.5,57,specimen_57,60,180,1.0,1.3097647061740874,2.3984564811683993
omitted,selection,reverse,speed_rescaling,direction,0.5,57,specimen_57,60,225,0.5,0.7111532885234624,1.6517498278272327
omitted,selection,reverse,speed_rescaling,direction,0.5,57,specimen_57,60,225,1.0,0.6534469259744698,1.3070301256817423
omitted,selection,reverse,speed_rescaling,direction,0.5,57,specimen_57,60,270,0.5,0.7595839226122788,1.7365372588628785
omitted,selection,reverse,speed_rescaling,direction,0.5,57,specimen_57,60,270,1.0,0.6801893021369674,1.4307430618851114
omitted,selection,reverse,speed_rescaling,direction,0.5,57,specimen_57,60,315,0.5,0.7324269367282881,1.9262491721503343
omitted,selection,reverse,speed_rescaling,direction,0.5,57,specimen_57,60,315,1.0,0.6961198294350032,1.8956458285964346
omitted,selection,reverse,speed_rescaling,repeat,0.5,10,specimen_10,20,0,1.0,0.3567497998936542,0.3427569357662068
omitted,selection,reverse,speed_rescaling,repeat,0.5,10,specimen_10,20,45,0.5,0.39426638023349425,0.14622299870917244
omitted,selection,reverse,speed_rescaling,repeat,0.5,10,specimen_10,20,45,1.0,0.4820640588314742,0.029094436164476045
omitted,selection,reverse,speed_rescaling,repeat,0.5,10,specimen_10,20,90,0.5,0.5436144911839978,0.06591944428623187
omitted,selection,reverse,speed_rescaling,repeat,0.5,10,specimen_10,20,90,1.0,0.5470887214001613,0.06135483031605249
omitted,selection,reverse,speed_rescaling,repeat,0.5,10,specimen_10,20,135,0.5,0.4547207924959995,0.10380098861521903
omitted,selection,reverse,speed_rescaling,repeat,0.5,10,specimen_10,20,135,1.0,0.4871716423351071,0.059249479667470295
omitted,selection,reverse,speed_rescaling,repeat,0.5,10,specimen_10,20,180,0.5,0.32499117049045984,0.21985158347855316
omitted,selection,reverse,speed_rescaling,repeat,0.5,10,specimen_10,20,180,1.0,0.35898095247184064,0.3466953178606975
omitted,selection,reverse,speed_rescaling,repeat,0.5,10,specimen_10,20,225,0.5,0.36475372196454914,0.1115490778331375
omitted,selection,reverse,speed_rescaling,repeat,0.5,10,specimen_10,20,225,1.0,0.4506087531671083,0.037262452669963975
omitted,selection,reverse,speed_rescaling,repeat,0.5,10,specimen_10,20,270,0.5,0.5205560556825354,0.09164721120447972
omitted,selection,reverse,speed_rescaling,repeat,0.5,10,specimen_10,20,270,1.0,0.5359692705213916,0.13668298088815556
omitted,selection,reverse,speed_rescaling,repeat,0.5,10,specimen_10,20,315,0.5,0.40735643463926346,0.22250300842337256
omitted,selection,reverse,speed_rescaling,repeat,0.5,10,specimen_10,20,315,1.0,0.47813003566860385,0.23690908185796622
omitted,selection,reverse,speed_rescaling,repeat,0.5,10,specimen_10,40,45,0.5,0.48172135129179444,0.45029849778977915
omitted,selection,reverse,speed_rescaling,repeat,0.5,10,specimen_10,40,45,1.0,0.5242989745324417,0.2893139617506669
omitted,selection,reverse,speed_rescaling,repeat,0.5,10,specimen_10,40,90,1.0,0.70815424757316,1.368038261782956
omitted,selection,reverse,speed_rescaling,repeat,0.5,10,specimen_10,40,135,0.5,0.4978646690799918,0.7935549529318905
omitted,selection,reverse,speed_rescaling,repeat,0.5,10,specimen_10,40,135,1.0,0.5431554932804464,0.4071327057691395
omitted,selection,reverse,speed_rescaling,repeat,0.5,10,specimen_10,40,180,0.5,0.3311474732129946,0.18670464974983592
omitted,selection,reverse,speed_rescaling,repeat,0.5,10,specimen_10,40,180,1.0,0.3137141656901552,0.19345062883758413
omitted,selection,reverse,speed_rescaling,repeat,0.5,10,specimen_10,40,225,0.5,0.5120128953178956,0.5609227425077375
omitted,selection,reverse,speed_rescaling,repeat,0.5,10,specimen_10,40,225,1.0,0.537712451292293,0.1835454125475836
omitted,selection,reverse,speed_rescaling,repeat,0.5,10,specimen_10,40,270,0.5,0.7276249547737267,1.1312110555553176
omitted,selection,reverse,speed_rescaling,repeat,0.5,10,specimen_10,40,270,1.0,0.7204661429624837,0.6604607488419642
omitted,selection,reverse,speed_rescaling,repeat,0.5,10,specimen_10,40,315,0.5,0.5194157658173504,1.1501298657122798
omitted,selection,reverse,speed_rescaling,repeat,0.5,10,specimen_10,40,315,1.0,0.5161492998759205,0.42081018047381924
omitted,selection,reverse,speed_rescaling,repeat,0.5,10,specimen_10,60,0,0.5,0.2932547023940725,0.015490782820756333
omitted,selection,reverse,speed_rescaling,repeat,0.5,10,specimen_10,60,0,1.0,0.38434370014321484,0.06676627061823004
omitted,selection,reverse,speed_rescaling,repeat,0.5,10,specimen_10,60,45,0.5,0.7142185885667169,0.9567765414317203
omitted,selection,reverse,speed_rescaling,repeat,0.5,10,specimen_10,60,45,1.0,0.7264352168817266,0.8994872335724303
omitted,selection,reverse,speed_rescaling,repeat,0.5,10,specimen_10,60,90,0.5,0.9264991150504628,1.2686251344376798
omitted,selection,reverse,speed_rescaling,repeat,0.5,10,specimen_10,60,90,1.0,0.8778947683945401,1.3211109743818374
omitted,selection,reverse,speed_rescaling,repeat,0.5,10,specimen_10,60,135,0.5,0.6999311823787225,1.1695470311325384
omitted,selection,reverse,speed_rescaling,repeat,0.5,10,specimen_10,60,135,1.0,0.6880553797417658,1.0675513863716182
omitted,selection,reverse,speed_rescaling,repeat,0.5,10,specimen_10,60,180,0.5,0.399511135873146,0.15008681717859418
omitted,selection,reverse,speed_rescaling,repeat,0.5,10,specimen_10,60,180,1.0,0.4132034794876945,0.1572479608997871
omitted,selection,reverse,speed_rescaling,repeat,0.5,10,specimen_10,60,225,0.5,0.6792813247013928,0.8530973465818789
omitted,selection,reverse,speed_rescaling,repeat,0.5,10,specimen_10,60,225,1.0,0.6753031719866814,0.6962006929000616
omitted,selection,reverse,speed_rescaling,repeat,0.5,10,specimen_10,60,270,0.5,0.9057348767471205,1.2137331058652054
omitted,selection,reverse,speed_rescaling,repeat,0.5,10,specimen_10,60,270,1.0,0.8664335952791994,0.8688733820810436
omitted,selection,reverse,speed_rescaling,repeat,0.5,10,specimen_10,60,315,0.5,0.6859689969339847,0.7823503444370207
omitted,selection,reverse,speed_rescaling,repeat,0.5,10,specimen_10,60,315,1.0,0.6758752541016596,0.800095069374304
omitted,selection,reverse,speed_rescaling,repeat,0.5,57,specimen_57,20,0,1.0,0.2858744771745199,0.056938809466370366
omitted,selection,reverse,speed_rescaling,repeat,0.5,57,specimen_57,20,45,0.5,0.46731880521629793,0.42571599381232983
omitted,selection,reverse,speed_rescaling,repeat,0.5,57,specimen_57,20,45,1.0,0.4306326789033996,0.35486166960986143
omitted,selection,reverse,speed_rescaling,repeat,0.5,57,specimen_57,20,90,0.5,0.4738553060382699,0.3884846405102602
omitted,selection,reverse,speed_rescaling,repeat,0.5,57,specimen_57,20,90,1.0,0.46618077329253743,0.30034145125387257
omitted,selection,reverse,speed_rescaling,repeat,0.5,57,specimen_57,20,135,0.5,0.5020810476931138,0.3571082294236736
omitted,selection,reverse,speed_rescaling,repeat,0.5,57,specimen_57,20,135,1.0,0.4381833633178857,0.26723328686588543
omitted,selection,reverse,speed_rescaling,repeat,0.5,57,specimen_57,20,180,0.5,0.31938238352523735,0.04880419798991681
omitted,selection,reverse,speed_rescaling,repeat,0.5,57,specimen_57,20,180,1.0,0.271973966869699,0.09941338996306512
omitted,selection,reverse,speed_rescaling,repeat,0.5,57,specimen_57,20,225,0.5,0.4812021211858684,0.36701933602395265
omitted,selection,reverse,speed_rescaling,repeat,0.5,57,specimen_57,20,225,1.0,0.4277580883705643,0.29740246972980666
omitted,selection,reverse,speed_rescaling,repeat,0.5,57,specimen_57,20,270,0.5,0.4123212189614307,0.3105186120887862
omitted,selection,reverse,speed_rescaling,repeat,0.5,57,specimen_57,20,270,1.0,0.42875995714102566,0.3466263124623048
omitted,selection,reverse,speed_rescaling,repeat,0.5,57,specimen_57,20,315,0.5,0.4702277804684211,0.44268360416772967
omitted,selection,reverse,speed_rescaling,repeat,0.5,57,specimen_57,20,315,1.0,0.40049454834502424,0.2794107887005499
omitted,selection,reverse,speed_rescaling,repeat,0.5,57,specimen_57,40,45,0.5,0.5449932041235971,0.6603543716234854
omitted,selection,reverse,speed_rescaling,repeat,0.5,57,specimen_57,40,45,1.0,0.5235719548221486,0.555691609924914
omitted,selection,reverse,speed_rescaling,repeat,0.5,57,specimen_57,40,90,1.0,0.8088043827260004,1.6262802392346625
omitted,selection,reverse,speed_rescaling,repeat,0.5,57,specimen_57,40,135,0.5,0.5785967473588914,1.0637365114591772
omitted,selection,reverse,speed_rescaling,repeat,0.5,57,specimen_57,40,135,1.0,0.5455942898530527,0.8283142829576238
omitted,selection,reverse,speed_rescaling,repeat,0.5,57,specimen_57,40,180,0.5,0.26065737518395143,0.08505081778723733
omitted,selection,reverse,speed_rescaling,repeat,0.5,57,specimen_57,40,180,1.0,0.26604088804410636,0.019586991310504065
omitted,selection,reverse,speed_rescaling,repeat,0.5,57,specimen_57,40,225,0.5,0.5472309548862012,0.8226780772694906
omitted,selection,reverse,speed_rescaling,repeat,0.5,57,specimen_57,40,225,1.0,0.5572412979318586,0.6287005801288528
omitted,selection,reverse,speed_rescaling,repeat,0.5,57,specimen_57,40,270,0.5,0.8258195558421654,2.0001957184097714
omitted,selection,reverse,speed_rescaling,repeat,0.5,57,specimen_57,40,270,1.0,0.7136741959926934,1.829472697155625
omitted,selection,reverse,speed_rescaling,repeat,0.5,57,specimen_57,40,315,0.5,0.539650394586498,1.9166000643999277
omitted,selection,reverse,speed_rescaling,repeat,0.5,57,specimen_57,40,315,1.0,0.515335895012856,1.3709622994061277
omitted,selection,reverse,speed_rescaling,repeat,0.5,57,specimen_57,60,0,0.5,0.34441969035078585,0.026489524594714098
omitted,selection,reverse,speed_rescaling,repeat,0.5,57,specimen_57,60,0,1.0,0.36584206232663935,0.10399604387342903
omitted,selection,reverse,speed_rescaling,repeat,0.5,57,specimen_57,60,45,0.5,0.8532896092308819,1.4549129804108012
omitted,selection,reverse,speed_rescaling,repeat,0.5,57,specimen_57,60,45,1.0,0.7464236143724889,1.2389422086544333
omitted,selection,reverse,speed_rescaling,repeat,0.5,57,specimen_57,60,90,0.5,0.8952839179747659,1.5209613775398978
omitted,selection,reverse,speed_rescaling,repeat,0.5,57,specimen_57,60,90,1.0,0.8396085980099409,1.514786064717985
omitted,selection,reverse,speed_rescaling,repeat,0.5,57,specimen_57,60,135,0.5,0.8498489197970285,1.8418781543587515
omitted,selection,reverse,speed_rescaling,repeat,0.5,57,specimen_57,60,135,1.0,0.7856347591782562,1.6968020800991128
omitted,selection,reverse,speed_rescaling,repeat,0.5,57,specimen_57,60,180,0.5,0.3750359689636797,0.024240095725738597
omitted,selection,reverse,speed_rescaling,repeat,0.5,57,specimen_57,60,180,1.0,0.40855559799344054,0.017611050530935868
omitted,selection,reverse,speed_rescaling,repeat,0.5,57,specimen_57,60,225,0.5,0.7610497786260532,1.66946228510236
omitted,selection,reverse,speed_rescaling,repeat,0.5,57,specimen_57,60,225,1.0,0.6836126999587275,1.3284340578866378
omitted,selection,reverse,speed_rescaling,repeat,0.5,57,specimen_57,60,270,0.5,0.8004811633365012,1.754249716138006
omitted,selection,reverse,speed_rescaling,repeat,0.5,57,specimen_57,60,270,1.0,0.7006277982400738,1.452146994090007
omitted,selection,reverse,speed_rescaling,repeat,0.5,57,specimen_57,60,315,0.5,0.7835323674461455,1.9439616294254618
omitted,selection,reverse,speed_rescaling,repeat,0.5,57,specimen_57,60,315,1.0,0.7385974134213521,1.9170497608013302
omitted,selection,reverse,speed_rescaling,single,0.5,10,specimen_10,20,0,1.0,0.36965454979229134,0.44444053282421436
omitted,selection,reverse,speed_rescaling,single,0.5,10,specimen_10,20,45,0.5,0.4143936883429616,0.06207648061941262
omitted,selection,reverse,speed_rescaling,single,0.5,10,specimen_10,20,45,1.0,0.500255058235327,0.1307780332224836
omitted,selection,reverse,speed_rescaling,single,0.5,10,specimen_10,20,90,0.5,0.5687765840095375,0.01822707380352795
omitted,selection,reverse,speed_rescaling,single,0.5,10,specimen_10,20,90,1.0,0.5637477812506365,0.04032876674195507
omitted,selection,reverse,speed_rescaling,single,0.5,10,specimen_10,20,135,0.5,0.4649653173184484,0.01965447052545921
omitted,selection,reverse,speed_rescaling,single,0.5,10,specimen_10,20,135,1.0,0.4935749039187356,0.16093307672547785
omitted,selection,reverse,speed_rescaling,single,0.5,10,specimen_10,20,180,0.5,0.34284060612654477,0.303998101568313
omitted,selection,reverse,speed_rescaling,single,0.5,10,specimen_10,20,180,1.0,0.3764505141084596,0.4483789149187051
omitted,selection,reverse,speed_rescaling,single,0.5,10,specimen_10,20,225,0.5,0.3855298213425091,0.027402559743377686
omitted,selection,reverse,speed_rescaling,single,0.5,10,specimen_10,20,225,1.0,0.46342873206728075,0.13894604972797153
omitted,selection,reverse,speed_rescaling,single,0.5,10,specimen_10,20,270,0.5,0.5474822884147145,0.007500693114719903
omitted,selection,reverse,speed_rescaling,single,0.5,10,specimen_10,20,270,1.0,0.5583967821969756,0.034999383830148
omitted,selection,reverse,speed_rescaling,single,0.5,10,specimen_10,20,315,0.5,0.4198136108643298,0.13835649033361275
omitted,selection,reverse,speed_rescaling,single,0.5,10,specimen_10,20,315,1.0,0.5054951978670023,0.13522548479995866
omitted,selection,reverse,speed_rescaling,single,0.5,10,specimen_10,40,45,0.5,0.5223744548192762,0.35013643508800607
omitted,selection,reverse,speed_rescaling,single,0.5,10,specimen_10,40,45,1.0,0.5635999657372048,0.16827700079879804
omitted,selection,reverse,speed_rescaling,single,0.5,10,specimen_10,40,90,1.0,0.7312225162846772,1.2470013008310872
omitted,selection,reverse,speed_rescaling,single,0.5,10,specimen_10,40,135,0.5,0.5324126933600971,0.6933928902301174
omitted,selection,reverse,speed_rescaling,single,0.5,10,specimen_10,40,135,1.0,0.593419902196824,0.2860957448172706
omitted,selection,reverse,speed_rescaling,single,0.5,10,specimen_10,40,180,0.5,0.3574101484618167,0.286866712451609
omitted,selection,reverse,speed_rescaling,single,0.5,10,specimen_10,40,180,1.0,0.3536097656324663,0.314487589789453
omitted,selection,reverse,speed_rescaling,single,0.5,10,specimen_10,40,225,0.5,0.5489917655998089,0.46076067980596447
omitted,selection,reverse,speed_rescaling,single,0.5,10,specimen_10,40,225,1.0,0.5906682254966616,0.06250845159571472
omitted,selection,reverse,speed_rescaling,single,0.5,10,specimen_10,40,270,0.5,0.7707206424720473,1.0310489928535445
omitted,selection,reverse,speed_rescaling,single,0.5,10,specimen_10,40,270,1.0,0.7609791715123251,0.5394237878900953
omitted,selection,reverse,speed_rescaling,single,0.5,10,specimen_10,40,315,0.5,0.5744613325533529,1.0499678030105069
omitted,selection,reverse,speed_rescaling,single,0.5,10,specimen_10,40,315,1.0,0.5725161578173014,0.29977321952195035
omitted,selection,reverse,speed_rescaling,single,0.5,10,specimen_10,60,0,0.5,0.31073312857715213,0.12739952302865598
omitted,selection,reverse,speed_rescaling,single,0.5,10,specimen_10,60,0,1.0,0.3887860125149751,0.2019980485324504
omitted,selection,reverse,speed_rescaling,single,0.5,10,specimen_10,60,45,0.5,0.6924671498012339,0.8448678012238207
omitted,selection,reverse,speed_rescaling,single,0.5,10,specimen_10,60,45,1.0,0.7115154191408811,0.76425545565821
omitted,selection,reverse,speed_rescaling,single,0.5,10,specimen_10,60,90,0.5,0.9062152037079126,1.15671639422978
omitted,selection,reverse,speed_rescaling,single,0.5,10,specimen_10,60,90,1.0,0.8533517828738634,1.185879196467617
omitted,selection,reverse,speed_rescaling,single,0.5,10,specimen_10,60,135,0.5,0.6860009871114454,1.057638290924639
omitted,selection,reverse,speed_rescaling,single,0.5,10,specimen_10,60,135,1.0,0.6769234351419856,0.9323196084573977
omitted,selection,reverse,speed_rescaling,single,0.5,10,specimen_10,60,180,0.5,0.4274035476867631,0.2619955573864938
omitted,selection,reverse,speed_rescaling,single,0.5,10,specimen_10,60,180,1.0,0.43108632024853716,0.29247973881400746
omitted,selection,reverse,speed_rescaling,single,0.5,10,specimen_10,60,225,0.5,0.6890323717005069,0.7411886063739792
omitted,selection,reverse,speed_rescaling,single,0.5,10,specimen_10,60,225,1.0,0.6934653035861388,0.5609689149858412
omitted,selection,reverse,speed_rescaling,single,0.5,10,specimen_10,60,270,0.5,0.8998093888749809,1.101824365657306
omitted,selection,reverse,speed_rescaling,single,0.5,10,specimen_10,60,270,1.0,0.8583418581666534,0.7336416041668232
omitted,selection,reverse,speed_rescaling,single,0.5,10,specimen_10,60,315,0.5,0.6779464214647469,0.670441604229121
omitted,selection,reverse,speed_rescaling,single,0.5,10,specimen_10,60,315,1.0,0.6611743293933148,0.6648632914600836
omitted,selection,reverse,speed_rescaling,single,0.5,57,specimen_57,20,0,1.0,0.2749536736920703,0.07429748874696263
omitted,selection,reverse,speed_rescaling,single,0.5,57,specimen_57,20,45,0.5,0.4379479428169885,0.41135111626708104
omitted,selection,reverse,speed_rescaling,single,0.5,57,specimen_57,20,45,1.0,0.42165279243726433,0.33750299032926917
omitted,selection,reverse,speed_rescaling,single,0.5,57,specimen_57,20,90,0.5,0.4600394048306918,0.3741197629650114
omitted,selection,reverse,speed_rescaling,single,0.5,57,specimen_57,20,90,1.0,0.4497941812669691,0.2829827719732803
omitted,selection,reverse,speed_rescaling,single,0.5,57,specimen_57,20,135,0.5,0.4879399294531755,0.3427433518784248
omitted,selection,reverse,speed_rescaling,single,0.5,57,specimen_57,20,135,1.0,0.44961438372855594,0.24987460758529317
omitted,selection,reverse,speed_rescaling,single,0.5,57,specimen_57,20,180,0.5,0.3106886447566954,0.06316907553516557
omitted,selection,reverse,speed_rescaling,single,0.5,57,specimen_57,20,180,1.0,0.27718770225195016,0.11677206924365738
omitted,selection,reverse,speed_rescaling,single,0.5,57,specimen_57,20,225,0.5,0.4608555964475347,0.35265445847870386
omitted,selection,reverse,speed_rescaling,single,0.5,57,specimen_57,20,225,1.0,0.4201058978428925,0.2800437904492144
omitted,selection,reverse,speed_rescaling,single,0.5,57,specimen_57,20,270,0.5,0.4193951166986975,0.2961537345435374
omitted,selection,reverse,speed_rescaling,single,0.5,57,specimen_57,20,270,1.0,0.4255553145629654,0.32926763318171254
omitted,selection,reverse,speed_rescaling,single,0.5,57,specimen_57,20,315,0.5,0.4705247601636959,0.4283187266224809
omitted,selection,reverse,speed_rescaling,single,0.5,57,specimen_57,20,315,1.0,0.4207865021177309,0.26205210941995766
omitted,selection,reverse,speed_rescaling,single,0.5,57,specimen_57,40,45,0.5,0.5240032925807059,0.6453977280253194
omitted,selection,reverse,speed_rescaling,single,0.5,57,specimen_57,40,45,1.0,0.5020749992829795,0.5376178339030249
omitted,selection,reverse,speed_rescaling,single,0.5,57,specimen_57,40,90,1.0,0.788996416762576,1.6082064632127735
omitted,selection,reverse,speed_rescaling,single,0.5,57,specimen_57,40,135,0.5,0.5559826193131562,1.0487798678610112
omitted,selection,reverse,speed_rescaling,single,0.5,57,specimen_57,40,135,1.0,0.5300478619352565,0.8102405069357348
omitted,selection,reverse,speed_rescaling,single,0.5,57,specimen_57,40,180,0.5,0.26347175097332615,0.07009417418907121
omitted,selection,reverse,speed_rescaling,single,0.5,57,specimen_57,40,180,1.0,0.28176670356105943,0.001513215288615033
omitted,selection,reverse,speed_rescaling,single,0.5,57,specimen_57,40,225,0.5,0.5209185567145792,0.8077214336713245
omitted,selection,reverse,speed_rescaling,single,0.5,57,specimen_57,40,225,1.0,0.5351109442442797,0.6106268041069638
omitted,selection,reverse,speed_rescaling,single,0.5,57,specimen_57,40,270,0.5,0.7900945964670383,1.985239074811605
omitted,selection,reverse,speed_rescaling,single,0.5,57,specimen_57,40,270,1.0,0.6961712105937682,1.811398921133736
omitted,selection,reverse,speed_rescaling,single,0.5,57,specimen_57,40,315,0.5,0.5194028516249153,1.9016434208017616
omitted,selection,reverse,speed_rescaling,single,0.5,57,specimen_57,40,315,1.0,0.48730658209137606,1.3528885233842387
omitted,selection,reverse,speed_rescaling,single,0.5,57,specimen_57,60,0,0.5,0.3844138801589949,0.04420198186984148
omitted,selection,reverse,speed_rescaling,single,0.5,57,specimen_57,60,0,1.0,0.42034829099318277,0.1253999760783246
omitted,selection,reverse,speed_rescaling,single,0.5,57,specimen_57,60,45,0.5,0.7971050404517794,1.4372005231356737
omitted,selection,reverse,speed_rescaling,single,0.5,57,specimen_57,60,45,1.0,0.7144274071980998,1.2175382764495377
omitted,selection,reverse,speed_rescaling,single,0.5,57,specimen_57,60,90,0.5,0.860205955387253,1.5032489202647703
omitted,selection,reverse,speed_rescaling,single,0.5,57,specimen_57,60,90,1.0,0.797526980401297,1.4933821325130894
omitted,selection,reverse,speed_rescaling,single,0.5,57,specimen_57,60,135,0.5,0.8107011232040228,1.824165697083624
omitted,selection,reverse,speed_rescaling,single,0.5,57,specimen_57,60,135,1.0,0.752348434748498,1.6753981478942173
omitted,selection,reverse,speed_rescaling,single,0.5,57,specimen_57,60,180,0.5,0.3824956325157361,0.006527638450611217
omitted,selection,reverse,speed_rescaling,single,0.5,57,specimen_57,60,180,1.0,0.4266468671093226,0.03901498273583143
omitted,selection,reverse,speed_rescaling,single,0.5,57,specimen_57,60,225,0.5,0.7111532885234624,1.6517498278272327
omitted,selection,reverse,speed_rescaling,single,0.5,57,specimen_57,60,225,1.0,0.6534469259744698,1.3070301256817423
omitted,selection,reverse,speed_rescaling,single,0.5,57,specimen_57,60,270,0.5,0.7595839226122788,1.7365372588628785
omitted,selection,reverse,speed_rescaling,single,0.5,57,specimen_57,60,270,1.0,0.6801893021369674,1.4307430618851114
omitted,selection,reverse,speed_rescaling,single,0.5,57,specimen_57,60,315,0.5,0.7324269367282881,1.9262491721503343
omitted,selection,reverse,speed_rescaling,single,0.5,57,specimen_57,60,315,1.0,0.6961198294350032,1.8956458285964346
omitted,transfer,forward,conditions_only,direction,0.5,10,specimen_10,30,45,0.5,0.24732277308128273,0.4173906018410707
omitted,transfer,forward,conditions_only,direction,0.5,10,specimen_10,30,45,1.0,0.234888549719147,0.4830351819298121
omitted,transfer,forward,conditions_only,direction,0.5,10,specimen_10,30,90,1.0,0.3124826797961176,0.9260735713446729
omitted,transfer,forward,conditions_only,direction,0.5,10,specimen_10,30,135,0.5,0.2667829599205457,0.41598527806942326
omitted,transfer,forward,conditions_only,direction,0.5,10,specimen_10,30,135,1.0,0.27895913424048807,0.4360828258506787
omitted,transfer,forward,conditions_only,direction,0.5,10,specimen_10,30,180,0.5,0.3636437730308983,0.01106630866190117
omitted,transfer,forward,conditions_only,direction,0.5,10,specimen_10,30,180,1.0,0.40937140678925016,0.09206064272943015
omitted,transfer,forward,conditions_only,direction,0.5,10,specimen_10,30,225,0.5,0.2198051040479921,0.2856767197143008
omitted,transfer,forward,conditions_only,direction,0.5,10,specimen_10,30,225,1.0,0.1814284173959706,0.1598143973166387
omitted,transfer,forward,conditions_only,direction,0.5,10,specimen_10,30,270,0.5,0.3623754970434767,0.9016791130184105
omitted,transfer,forward,conditions_only,direction,0.5,10,specimen_10,30,270,1.0,0.29661397172892,0.47614886818094465
omitted,transfer,forward,conditions_only,direction,0.5,10,specimen_10,30,315,0.5,0.29225417516062246,0.3206984553297114
omitted,transfer,forward,conditions_only,direction,0.5,10,specimen_10,30,315,1.0,0.2746780625447861,0.24508422607762215
omitted,transfer,forward,conditions_only,direction,0.5,10,specimen_10,50,45,0.5,0.42488723939372847,1.293176365714475
omitted,transfer,forward,conditions_only,direction,0.5,10,specimen_10,50,45,1.0,0.4091128750374458,1.1823712763486942
omitted,transfer,forward,conditions_only,direction,0.5,10,specimen_10,50,90,1.0,0.4233259926181944,1.5580207391984704
omitted,transfer,forward,conditions_only,direction,0.5,10,specimen_10,50,135,0.5,0.50265748734288,1.8662042147911555
omitted,transfer,forward,conditions_only,direction,0.5,10,specimen_10,50,135,1.0,0.4661413244482399,1.1019524446876547
omitted,transfer,forward,conditions_only,direction,0.5,10,specimen_10,50,180,0.5,0.4995688223130488,0.42575578016647597
omitted,transfer,forward,conditions_only,direction,0.5,10,specimen_10,50,180,1.0,0.5663556218502853,0.5106765776151923
omitted,transfer,forward,conditions_only,direction,0.5,10,specimen_10,50,225,0.5,0.37551654240851423,1.145451577830391
omitted,transfer,forward,conditions_only,direction,0.5,10,specimen_10,50,225,1.0,0.4433253399833696,1.0504612680394052
omitted,transfer,forward,conditions_only,direction,0.5,10,specimen_10,50,270,0.5,0.37609141024102105,1.282169226396157
omitted,transfer,forward,conditions_only,direction,0.5,10,specimen_10,50,270,1.0,0.40216324213266486,1.09426866722286
omitted,transfer,forward,conditions_only,direction,0.5,10,specimen_10,50,315,0.5,0.48535421603225126,0.7937922020465115
omitted,transfer,forward,conditions_only,direction,0.5,10,specimen_10,50,315,1.0,0.4887965799693535,0.6553684575265537
omitted,transfer,forward,conditions_only,direction,0.5,57,specimen_57,30,45,0.5,0.34586995995927866,0.19654850980003913
omitted,transfer,forward,conditions_only,direction,0.5,57,specimen_57,30,45,1.0,0.35464078845071895,0.15282643128404338
omitted,transfer,forward,conditions_only,direction,0.5,57,specimen_57,30,90,1.0,0.41587657032584313,1.0613830800777682
omitted,transfer,forward,conditions_only,direction,0.5,57,specimen_57,30,135,0.5,0.4007014393710697,0.22904864742796832
omitted,transfer,forward,conditions_only,direction,0.5,57,specimen_57,30,135,1.0,0.3583573201676232,0.22149224311638516
omitted,transfer,forward,conditions_only,direction,0.5,57,specimen_57,30,180,0.5,0.43798675820100047,0.2137194221118812
omitted,transfer,forward,conditions_only,direction,0.5,57,specimen_57,30,180,1.0,0.40476973455761334,0.20510923825889554
omitted,transfer,forward,conditions_only,direction,0.5,57,specimen_57,30,225,0.5,0.34947582072035477,0.36175807662526666
omitted,transfer,forward,conditions_only,direction,0.5,57,specimen_57,30,225,1.0,0.3993586345440714,0.2843564321495986
omitted,transfer,forward,conditions_only,direction,0.5,57,specimen_57,30,270,0.5,0.3376214305080913,2.026065011997426
omitted,transfer,forward,conditions_only,direction,0.5,57,specimen_57,30,270,1.0,0.42177015390722966,1.6819667462560908
omitted,transfer,forward,conditions_only,direction,0.5,57,specimen_57,30,315,0.5,0.38832946236069404,0.1391923607786757
omitted,transfer,forward,conditions_only,direction,0.5,57,specimen_57,30,315,1.0,0.3980998073199011,0.1281173983562024
omitted,transfer,forward,conditions_only,direction,0.5,57,specimen_57,50,45,0.5,0.4121931336212195,1.7718389866549797
omitted,transfer,forward,conditions_only,direction,0.5,57,specimen_57,50,45,1.0,0.43537700517487044,1.5223981669694935
omitted,transfer,forward,conditions_only,direction,0.5,57,specimen_57,50,90,1.0,0.39233888976780334,2.052691480242305
omitted,transfer,forward,conditions_only,direction,0.5,57,specimen_57,50,135,0.5,0.44618253832744664,1.7364781515851673
omitted,transfer,forward,conditions_only,direction,0.5,57,specimen_57,50,135,1.0,0.42978396581360706,1.5281540641718514
omitted,transfer,forward,conditions_only,direction,0.5,57,specimen_57,50,180,0.5,0.5750696919411039,0.07512811949082576
omitted,transfer,forward,conditions_only,direction,0.5,57,specimen_57,50,180,1.0,0.5129931199231687,0.1159506502520814
omitted,transfer,forward,conditions_only,direction,0.5,57,specimen_57,50,225,0.5,0.40885130391726854,1.3525777181706748
omitted,transfer,forward,conditions_only,direction,0.5,57,specimen_57,50,225,1.0,0.4323433667762284,1.138645111632754
omitted,transfer,forward,conditions_only,direction,0.5,57,specimen_57,50,270,0.5,0.35878161895640953,1.7317362291571308
omitted,transfer,forward,conditions_only,direction,0.5,57,specimen_57,50,270,1.0,0.39614520676568454,1.4793954932510816
omitted,transfer,forward,conditions_only,direction,0.5,57,specimen_57,50,315,0.5,0.39552768323974447,1.1005486285196846
omitted,transfer,forward,conditions_only,direction,0.5,57,specimen_57,50,315,1.0,0.3892965357642734,1.0243749492114083
omitted,transfer,forward,conditions_only,repeat,0.5,10,specimen_10,30,45,0.5,0.24732277308128273,0.4173906018410707
omitted,transfer,forward,conditions_only,repeat,0.5,10,specimen_10,30,45,1.0,0.234888549719147,0.4830351819298121
omitted,transfer,forward,conditions_only,repeat,0.5,10,specimen_10,30,90,1.0,0.3124826797961176,0.9260735713446729
omitted,transfer,forward,conditions_only,repeat,0.5,10,specimen_10,30,135,0.5,0.2667829599205457,0.41598527806942326
omitted,transfer,forward,conditions_only,repeat,0.5,10,specimen_10,30,135,1.0,0.27895913424048807,0.4360828258506787
omitted,transfer,forward,conditions_only,repeat,0.5,10,specimen_10,30,180,0.5,0.3636437730308983,0.01106630866190117
omitted,transfer,forward,conditions_only,repeat,0.5,10,specimen_10,30,180,1.0,0.40937140678925016,0.09206064272943015
omitted,transfer,forward,conditions_only,repeat,0.5,10,specimen_10,30,225,0.5,0.2198051040479921,0.2856767197143008
omitted,transfer,forward,conditions_only,repeat,0.5,10,specimen_10,30,225,1.0,0.1814284173959706,0.1598143973166387
omitted,transfer,forward,conditions_only,repeat,0.5,10,specimen_10,30,270,0.5,0.3623754970434767,0.9016791130184105
omitted,transfer,forward,conditions_only,repeat,0.5,10,specimen_10,30,270,1.0,0.29661397172892,0.47614886818094465
omitted,transfer,forward,conditions_only,repeat,0.5,10,specimen_10,30,315,0.5,0.29225417516062246,0.3206984553297114
omitted,transfer,forward,conditions_only,repeat,0.5,10,specimen_10,30,315,1.0,0.2746780625447861,0.24508422607762215
omitted,transfer,forward,conditions_only,repeat,0.5,10,specimen_10,50,45,0.5,0.42488723939372847,1.293176365714475
omitted,transfer,forward,conditions_only,repeat,0.5,10,specimen_10,50,45,1.0,0.4091128750374458,1.1823712763486942
omitted,transfer,forward,conditions_only,repeat,0.5,10,specimen_10,50,90,1.0,0.4233259926181944,1.5580207391984704
omitted,transfer,forward,conditions_only,repeat,0.5,10,specimen_10,50,135,0.5,0.50265748734288,1.8662042147911555
omitted,transfer,forward,conditions_only,repeat,0.5,10,specimen_10,50,135,1.0,0.4661413244482399,1.1019524446876547
omitted,transfer,forward,conditions_only,repeat,0.5,10,specimen_10,50,180,0.5,0.4995688223130488,0.42575578016647597
omitted,transfer,forward,conditions_only,repeat,0.5,10,specimen_10,50,180,1.0,0.5663556218502853,0.5106765776151923
omitted,transfer,forward,conditions_only,repeat,0.5,10,specimen_10,50,225,0.5,0.37551654240851423,1.145451577830391
omitted,transfer,forward,conditions_only,repeat,0.5,10,specimen_10,50,225,1.0,0.4433253399833696,1.0504612680394052
omitted,transfer,forward,conditions_only,repeat,0.5,10,specimen_10,50,270,0.5,0.37609141024102105,1.282169226396157
omitted,transfer,forward,conditions_only,repeat,0.5,10,specimen_10,50,270,1.0,0.40216324213266486,1.09426866722286
omitted,transfer,forward,conditions_only,repeat,0.5,10,specimen_10,50,315,0.5,0.48535421603225126,0.7937922020465115
omitted,transfer,forward,conditions_only,repeat,0.5,10,specimen_10,50,315,1.0,0.4887965799693535,0.6553684575265537
omitted,transfer,forward,conditions_only,repeat,0.5,57,specimen_57,30,45,0.5,0.34586995995927866,0.19654850980003913
omitted,transfer,forward,conditions_only,repeat,0.5,57,specimen_57,30,45,1.0,0.35464078845071895,0.15282643128404338
omitted,transfer,forward,conditions_only,repeat,0.5,57,specimen_57,30,90,1.0,0.41587657032584313,1.0613830800777682
omitted,transfer,forward,conditions_only,repeat,0.5,57,specimen_57,30,135,0.5,0.4007014393710697,0.22904864742796832
omitted,transfer,forward,conditions_only,repeat,0.5,57,specimen_57,30,135,1.0,0.3583573201676232,0.22149224311638516
omitted,transfer,forward,conditions_only,repeat,0.5,57,specimen_57,30,180,0.5,0.43798675820100047,0.2137194221118812
omitted,transfer,forward,conditions_only,repeat,0.5,57,specimen_57,30,180,1.0,0.40476973455761334,0.20510923825889554
omitted,transfer,forward,conditions_only,repeat,0.5,57,specimen_57,30,225,0.5,0.34947582072035477,0.36175807662526666
omitted,transfer,forward,conditions_only,repeat,0.5,57,specimen_57,30,225,1.0,0.3993586345440714,0.2843564321495986
omitted,transfer,forward,conditions_only,repeat,0.5,57,specimen_57,30,270,0.5,0.3376214305080913,2.026065011997426
omitted,transfer,forward,conditions_only,repeat,0.5,57,specimen_57,30,270,1.0,0.42177015390722966,1.6819667462560908
omitted,transfer,forward,conditions_only,repeat,0.5,57,specimen_57,30,315,0.5,0.38832946236069404,0.1391923607786757
omitted,transfer,forward,conditions_only,repeat,0.5,57,specimen_57,30,315,1.0,0.3980998073199011,0.1281173983562024
omitted,transfer,forward,conditions_only,repeat,0.5,57,specimen_57,50,45,0.5,0.4121931336212195,1.7718389866549797
omitted,transfer,forward,conditions_only,repeat,0.5,57,specimen_57,50,45,1.0,0.43537700517487044,1.5223981669694935
omitted,transfer,forward,conditions_only,repeat,0.5,57,specimen_57,50,90,1.0,0.39233888976780334,2.052691480242305
omitted,transfer,forward,conditions_only,repeat,0.5,57,specimen_57,50,135,0.5,0.44618253832744664,1.7364781515851673
omitted,transfer,forward,conditions_only,repeat,0.5,57,specimen_57,50,135,1.0,0.42978396581360706,1.5281540641718514
omitted,transfer,forward,conditions_only,repeat,0.5,57,specimen_57,50,180,0.5,0.5750696919411039,0.07512811949082576
omitted,transfer,forward,conditions_only,repeat,0.5,57,specimen_57,50,180,1.0,0.5129931199231687,0.1159506502520814
omitted,transfer,forward,conditions_only,repeat,0.5,57,specimen_57,50,225,0.5,0.40885130391726854,1.3525777181706748
omitted,transfer,forward,conditions_only,repeat,0.5,57,specimen_57,50,225,1.0,0.4323433667762284,1.138645111632754
omitted,transfer,forward,conditions_only,repeat,0.5,57,specimen_57,50,270,0.5,0.35878161895640953,1.7317362291571308
omitted,transfer,forward,conditions_only,repeat,0.5,57,specimen_57,50,270,1.0,0.39614520676568454,1.4793954932510816
omitted,transfer,forward,conditions_only,repeat,0.5,57,specimen_57,50,315,0.5,0.39552768323974447,1.1005486285196846
omitted,transfer,forward,conditions_only,repeat,0.5,57,specimen_57,50,315,1.0,0.3892965357642734,1.0243749492114083
omitted,transfer,forward,conditions_only,single,0.5,10,specimen_10,30,45,0.5,0.24732277308128273,0.4173906018410707
omitted,transfer,forward,conditions_only,single,0.5,10,specimen_10,30,45,1.0,0.234888549719147,0.4830351819298121
omitted,transfer,forward,conditions_only,single,0.5,10,specimen_10,30,90,1.0,0.3124826797961176,0.9260735713446729
omitted,transfer,forward,conditions_only,single,0.5,10,specimen_10,30,135,0.5,0.2667829599205457,0.41598527806942326
omitted,transfer,forward,conditions_only,single,0.5,10,specimen_10,30,135,1.0,0.27895913424048807,0.4360828258506787
omitted,transfer,forward,conditions_only,single,0.5,10,specimen_10,30,180,0.5,0.3636437730308983,0.01106630866190117
omitted,transfer,forward,conditions_only,single,0.5,10,specimen_10,30,180,1.0,0.40937140678925016,0.09206064272943015
omitted,transfer,forward,conditions_only,single,0.5,10,specimen_10,30,225,0.5,0.2198051040479921,0.2856767197143008
omitted,transfer,forward,conditions_only,single,0.5,10,specimen_10,30,225,1.0,0.1814284173959706,0.1598143973166387
omitted,transfer,forward,conditions_only,single,0.5,10,specimen_10,30,270,0.5,0.3623754970434767,0.9016791130184105
omitted,transfer,forward,conditions_only,single,0.5,10,specimen_10,30,270,1.0,0.29661397172892,0.47614886818094465
omitted,transfer,forward,conditions_only,single,0.5,10,specimen_10,30,315,0.5,0.29225417516062246,0.3206984553297114
omitted,transfer,forward,conditions_only,single,0.5,10,specimen_10,30,315,1.0,0.2746780625447861,0.24508422607762215
omitted,transfer,forward,conditions_only,single,0.5,10,specimen_10,50,45,0.5,0.42488723939372847,1.293176365714475
omitted,transfer,forward,conditions_only,single,0.5,10,specimen_10,50,45,1.0,0.4091128750374458,1.1823712763486942
omitted,transfer,forward,conditions_only,single,0.5,10,specimen_10,50,90,1.0,0.4233259926181944,1.5580207391984704
omitted,transfer,forward,conditions_only,single,0.5,10,specimen_10,50,135,0.5,0.50265748734288,1.8662042147911555
omitted,transfer,forward,conditions_only,single,0.5,10,specimen_10,50,135,1.0,0.4661413244482399,1.1019524446876547
omitted,transfer,forward,conditions_only,single,0.5,10,specimen_10,50,180,0.5,0.4995688223130488,0.42575578016647597
omitted,transfer,forward,conditions_only,single,0.5,10,specimen_10,50,180,1.0,0.5663556218502853,0.5106765776151923
omitted,transfer,forward,conditions_only,single,0.5,10,specimen_10,50,225,0.5,0.37551654240851423,1.145451577830391
omitted,transfer,forward,conditions_only,single,0.5,10,specimen_10,50,225,1.0,0.4433253399833696,1.0504612680394052
omitted,transfer,forward,conditions_only,single,0.5,10,specimen_10,50,270,0.5,0.37609141024102105,1.282169226396157
omitted,transfer,forward,conditions_only,single,0.5,10,specimen_10,50,270,1.0,0.40216324213266486,1.09426866722286
omitted,transfer,forward,conditions_only,single,0.5,10,specimen_10,50,315,0.5,0.48535421603225126,0.7937922020465115
omitted,transfer,forward,conditions_only,single,0.5,10,specimen_10,50,315,1.0,0.4887965799693535,0.6553684575265537
omitted,transfer,forward,conditions_only,single,0.5,57,specimen_57,30,45,0.5,0.34586995995927866,0.19654850980003913
omitted,transfer,forward,conditions_only,single,0.5,57,specimen_57,30,45,1.0,0.35464078845071895,0.15282643128404338
omitted,transfer,forward,conditions_only,single,0.5,57,specimen_57,30,90,1.0,0.41587657032584313,1.0613830800777682
omitted,transfer,forward,conditions_only,single,0.5,57,specimen_57,30,135,0.5,0.4007014393710697,0.22904864742796832
omitted,transfer,forward,conditions_only,single,0.5,57,specimen_57,30,135,1.0,0.3583573201676232,0.22149224311638516
omitted,transfer,forward,conditions_only,single,0.5,57,specimen_57,30,180,0.5,0.43798675820100047,0.2137194221118812
omitted,transfer,forward,conditions_only,single,0.5,57,specimen_57,30,180,1.0,0.40476973455761334,0.20510923825889554
omitted,transfer,forward,conditions_only,single,0.5,57,specimen_57,30,225,0.5,0.34947582072035477,0.36175807662526666
omitted,transfer,forward,conditions_only,single,0.5,57,specimen_57,30,225,1.0,0.3993586345440714,0.2843564321495986
omitted,transfer,forward,conditions_only,single,0.5,57,specimen_57,30,270,0.5,0.3376214305080913,2.026065011997426
omitted,transfer,forward,conditions_only,single,0.5,57,specimen_57,30,270,1.0,0.42177015390722966,1.6819667462560908
omitted,transfer,forward,conditions_only,single,0.5,57,specimen_57,30,315,0.5,0.38832946236069404,0.1391923607786757
omitted,transfer,forward,conditions_only,single,0.5,57,specimen_57,30,315,1.0,0.3980998073199011,0.1281173983562024
omitted,transfer,forward,conditions_only,single,0.5,57,specimen_57,50,45,0.5,0.4121931336212195,1.7718389866549797
omitted,transfer,forward,conditions_only,single,0.5,57,specimen_57,50,45,1.0,0.43537700517487044,1.5223981669694935
omitted,transfer,forward,conditions_only,single,0.5,57,specimen_57,50,90,1.0,0.39233888976780334,2.052691480242305
omitted,transfer,forward,conditions_only,single,0.5,57,specimen_57,50,135,0.5,0.44618253832744664,1.7364781515851673
omitted,transfer,forward,conditions_only,single,0.5,57,specimen_57,50,135,1.0,0.42978396581360706,1.5281540641718514
omitted,transfer,forward,conditions_only,single,0.5,57,specimen_57,50,180,0.5,0.5750696919411039,0.07512811949082576
omitted,transfer,forward,conditions_only,single,0.5,57,specimen_57,50,180,1.0,0.5129931199231687,0.1159506502520814
omitted,transfer,forward,conditions_only,single,0.5,57,specimen_57,50,225,0.5,0.40885130391726854,1.3525777181706748
omitted,transfer,forward,conditions_only,single,0.5,57,specimen_57,50,225,1.0,0.4323433667762284,1.138645111632754
omitted,transfer,forward,conditions_only,single,0.5,57,specimen_57,50,270,0.5,0.35878161895640953,1.7317362291571308
omitted,transfer,forward,conditions_only,single,0.5,57,specimen_57,50,270,1.0,0.39614520676568454,1.4793954932510816
omitted,transfer,forward,conditions_only,single,0.5,57,specimen_57,50,315,0.5,0.39552768323974447,1.1005486285196846
omitted,transfer,forward,conditions_only,single,0.5,57,specimen_57,50,315,1.0,0.3892965357642734,1.0243749492114083
omitted,transfer,forward,copy,direction,0.5,10,specimen_10,30,45,0.5,0.4118844876900845,0.5745780649780841
omitted,transfer,forward,copy,direction,0.5,10,specimen_10,30,45,1.0,0.42449091039437564,0.5142911723475008
omitted,transfer,forward,copy,direction,0.5,10,specimen_10,30,90,1.0,0.4950754616543387,0.11604314115112824
omitted,transfer,forward,copy,direction,0.5,10,specimen_10,30,135,0.5,0.3922199748774908,0.6855535064619697
omitted,transfer,forward,copy,direction,0.5,10,specimen_10,30,135,1.0,0.3682409383256795,0.6618714301174686
omitted,transfer,forward,copy,direction,0.5,10,specimen_10,30,180,0.5,0.6064311219192985,1.1521446471169399
omitted,transfer,forward,copy,direction,0.5,10,specimen_10,30,180,1.0,0.5568466016024268,1.044978739574458
omitted,transfer,forward,copy,direction,0.5,10,specimen_10,30,225,0.5,0.5660753258790107,0.8572597782074531
omitted,transfer,forward,copy,direction,0.5,10,specimen_10,30,225,1.0,0.5883518880882772,0.9808763114660992
omitted,transfer,forward,copy,direction,0.5,10,specimen_10,30,270,0.5,0.6971577252320106,0.20116305663401501
omitted,transfer,forward,copy,direction,0.5,10,specimen_10,30,270,1.0,0.5509147505526869,0.6280643963466217
omitted,transfer,forward,copy,direction,0.5,10,specimen_10,30,315,0.5,0.3833729703026922,0.7169232306199655
omitted,transfer,forward,copy,direction,0.5,10,specimen_10,30,315,1.0,0.41326618635920553,0.7984540980250042
omitted,transfer,forward,copy,direction,0.5,10,specimen_10,50,45,0.5,0.30449786343323665,0.49218479654125
omitted,transfer,forward,copy,direction,0.5,10,specimen_10,50,45,1.0,0.28055144672856874,0.3768300618915241
omitted,transfer,forward,copy,direction,0.5,10,specimen_10,50,90,1.0,0.3961353902926432,0.6968685318910508
omitted,transfer,forward,copy,direction,0.5,10,specimen_10,50,135,0.5,0.3305660393329886,0.9295529054240872
omitted,transfer,forward,copy,direction,0.5,10,specimen_10,50,135,1.0,0.3759562945567418,0.17198649352293027
omitted,transfer,forward,copy,direction,0.5,10,specimen_10,50,180,0.5,0.5838870552029977,0.55894679578281
omitted,transfer,forward,copy,direction,0.5,10,specimen_10,50,180,1.0,0.5925653052154166,0.4668717938542577
omitted,transfer,forward,copy,direction,0.5,10,specimen_10,50,225,0.5,0.39616144870873854,0.16071088909750686
omitted,transfer,forward,copy,direction,0.5,10,specimen_10,50,225,1.0,0.3855159053107971,0.07058973700801086
omitted,transfer,forward,copy,direction,0.5,10,specimen_10,50,270,0.5,0.46104191818033513,0.34938566751775046
omitted,transfer,forward,copy,direction,0.5,10,specimen_10,50,270,1.0,0.4479229471752961,0.16193892512796593
omitted,transfer,forward,copy,direction,0.5,10,specimen_10,50,315,0.5,0.3191329438119343,0.05891857153917579
omitted,transfer,forward,copy,direction,0.5,10,specimen_10,50,315,1.0,0.3541035148817244,0.20249041482393704
omitted,transfer,forward,copy,direction,0.5,57,specimen_57,30,45,0.5,0.48727437124443007,0.6510919525247599
omitted,transfer,forward,copy,direction,0.5,57,specimen_57,30,45,1.0,0.4682454203272988,0.7001717184989138
omitted,transfer,forward,copy,direction,0.5,57,specimen_57,30,90,1.0,0.510509914435125,0.16359457207632278
omitted,transfer,forward,copy,direction,0.5,57,specimen_57,30,135,0.5,0.5503761868171176,0.7281619326090689
omitted,transfer,forward,copy,direction,0.5,57,specimen_57,30,135,1.0,0.5011686937714114,0.7321338083574065
omitted,transfer,forward,copy,direction,0.5,57,specimen_57,30,180,0.5,0.7066983366411477,1.2104695560725642
omitted,transfer,forward,copy,direction,0.5,57,specimen_57,30,180,1.0,0.6752822676999672,1.197820416068428
omitted,transfer,forward,copy,direction,0.5,57,specimen_57,30,225,0.5,0.5452619401789581,0.6368502168021316
omitted,transfer,forward,copy,direction,0.5,57,specimen_57,30,225,1.0,0.5827857335103778,0.7120060721387836
omitted,transfer,forward,copy,direction,0.5,57,specimen_57,30,270,0.5,0.5075406188885477,1.0675510468393563
omitted,transfer,forward,copy,direction,0.5,57,specimen_57,30,270,1.0,0.5946435112890881,0.72208168622288
omitted,transfer,forward,copy,direction,0.5,57,specimen_57,30,315,0.5,0.5634468902892861,0.7541011206766456
omitted,transfer,forward,copy,direction,0.5,57,specimen_57,30,315,1.0,0.562348792009252,0.7710927212520683
omitted,transfer,forward,copy,direction,0.5,57,specimen_57,50,45,0.5,0.3487141063751423,1.1151756219761104
omitted,transfer,forward,copy,direction,0.5,57,specimen_57,50,45,1.0,0.3412648487145504,0.8611851570066791
omitted,transfer,forward,copy,direction,0.5,57,specimen_57,50,90,1.0,0.48476718412161984,1.335867477429241
omitted,transfer,forward,copy,direction,0.5,57,specimen_57,50,135,0.5,0.3406084645072025,0.9441550467124546
omitted,transfer,forward,copy,direction,0.5,57,specimen_57,50,135,1.0,0.36600036909918526,0.7425163175014826
omitted,transfer,forward,copy,direction,0.5,57,specimen_57,50,180,0.5,0.6789634332334517,0.7652462519641046
omitted,transfer,forward,copy,direction,0.5,57,specimen_57,50,180,1.0,0.6041950303413274,0.7172695167230129
omitted,transfer,forward,copy,direction,0.5,57,specimen_57,50,225,0.5,0.38023612322369155,0.5121652339321463
omitted,transfer,forward,copy,direction,0.5,57,specimen_57,50,225,1.0,0.4259748522643931,0.3031017850957154
omitted,transfer,forward,copy,direction,0.5,57,specimen_57,50,270,0.5,0.4496739480698437,0.9432808747730799
omitted,transfer,forward,copy,direction,0.5,57,specimen_57,50,270,1.0,0.47290391854139874,0.6913939556505433
omitted,transfer,forward,copy,direction,0.5,57,specimen_57,50,315,0.5,0.3401674895439142,0.39216605942835314
omitted,transfer,forward,copy,direction,0.5,57,specimen_57,50,315,1.0,0.35327833121778646,0.3108442813552732
omitted,transfer,forward,copy,repeat,0.5,10,specimen_10,30,45,0.5,0.5651759916548068,0.2807425113978793
omitted,transfer,forward,copy,repeat,0.5,10,specimen_10,30,45,1.0,0.5689797656103938,0.3410294040284626
omitted,transfer,forward,copy,repeat,0.5,10,specimen_10,30,90,1.0,0.7100561629548522,0.7392774352248351
omitted,transfer,forward,copy,repeat,0.5,10,specimen_10,30,135,0.5,0.5427164911756627,0.1697670699139937
omitted,transfer,forward,copy,repeat,0.5,10,specimen_10,30,135,1.0,0.5253256822730162,0.19344914625849474
omitted,transfer,forward,copy,repeat,0.5,10,specimen_10,30,180,0.5,0.35738048203871875,0.29682407074097644
omitted,transfer,forward,copy,repeat,0.5,10,specimen_10,30,180,1.0,0.2974191812743932,0.1896581631984947
omitted,transfer,forward,copy,repeat,0.5,10,specimen_10,30,225,0.5,0.5498974166198086,0.0019392018314897674
omitted,transfer,forward,copy,repeat,0.5,10,specimen_10,30,225,1.0,0.5631417755031576,0.12555573509013584
omitted,transfer,forward,copy,repeat,0.5,10,specimen_10,30,270,0.5,0.8771476133676054,0.6541575197419484
omitted,transfer,forward,copy,repeat,0.5,10,specimen_10,30,270,1.0,0.7738794785935479,0.22725618002934167
omitted,transfer,forward,copy,repeat,0.5,10,specimen_10,30,315,0.5,0.5080359942344085,0.13839734575599782
omitted,transfer,forward,copy,repeat,0.5,10,specimen_10,30,315,1.0,0.5088922442936291,0.05686647835095915
omitted,transfer,forward,copy,repeat,0.5,10,specimen_10,50,45,0.5,0.4885125759951165,1.3475053729172135
omitted,transfer,forward,copy,repeat,0.5,10,specimen_10,50,45,1.0,0.48465027838107266,1.2321506382674876
omitted,transfer,forward,copy,repeat,0.5,10,specimen_10,50,90,1.0,0.7134488163261411,1.5521891082670143
omitted,transfer,forward,copy,repeat,0.5,10,specimen_10,50,135,0.5,0.5741865670222711,1.7848734818000507
omitted,transfer,forward,copy,repeat,0.5,10,specimen_10,50,135,1.0,0.5275089300837887,1.0273070698988938
omitted,transfer,forward,copy,repeat,0.5,10,specimen_10,50,180,0.5,0.37015013264882385,0.29637378059315334
omitted,transfer,forward,copy,repeat,0.5,10,specimen_10,50,180,1.0,0.39661519764072883,0.38844878252170567
omitted,transfer,forward,copy,repeat,0.5,10,specimen_10,50,225,0.5,0.4988877808387561,1.0160314654734703
omitted,transfer,forward,copy,repeat,0.5,10,specimen_10,50,225,1.0,0.452484266091383,0.9259103133839742
omitted,transfer,forward,copy,repeat,0.5,10,specimen_10,50,270,0.5,0.7216228268607751,1.204706243893714
omitted,transfer,forward,copy,repeat,0.5,10,specimen_10,50,270,1.0,0.7291032356795556,1.0172595015039292
omitted,transfer,forward,copy,repeat,0.5,10,specimen_10,50,315,0.5,0.4937706327904261,0.7964020048367876
omitted,transfer,forward,copy,repeat,0.5,10,specimen_10,50,315,1.0,0.5123761986796935,0.6528301615520263
omitted,transfer,forward,copy,repeat,0.5,57,specimen_57,30,45,0.5,0.4360843397558516,0.5070293448840981
omitted,transfer,forward,copy,repeat,0.5,57,specimen_57,30,45,1.0,0.4318817564865693,0.4579495789099442
omitted,transfer,forward,copy,repeat,0.5,57,specimen_57,30,90,1.0,0.6611942759128332,1.3217158694851807
omitted,transfer,forward,copy,repeat,0.5,57,specimen_57,30,135,0.5,0.42947886452821454,0.4299593647997891
omitted,transfer,forward,copy,repeat,0.5,57,specimen_57,30,135,1.0,0.4490765248462208,0.4259874890514515
omitted,transfer,forward,copy,repeat,0.5,57,specimen_57,30,180,0.5,0.30679500984624886,0.052348258663706154
omitted,transfer,forward,copy,repeat,0.5,57,specimen_57,30,180,1.0,0.30020795741570844,0.0396991186595701
omitted,transfer,forward,copy,repeat,0.5,57,specimen_57,30,225,0.5,0.411522863158182,0.5212710806067264
omitted,transfer,forward,copy,repeat,0.5,57,specimen_57,30,225,1.0,0.400530045441186,0.44611522527007436
omitted,transfer,forward,copy,repeat,0.5,57,specimen_57,30,270,0.5,0.6334315042785237,2.2256723442482143
omitted,transfer,forward,copy,repeat,0.5,57,specimen_57,30,270,1.0,0.6158241908525547,1.880202983631738
omitted,transfer,forward,copy,repeat,0.5,57,specimen_57,30,315,0.5,0.4106449445820018,0.4040201767322124
omitted,transfer,forward,copy,repeat,0.5,57,specimen_57,30,315,1.0,0.3988565464620657,0.3870285761567897
omitted,transfer,forward,copy,repeat,0.5,57,specimen_57,50,45,0.5,0.7501420794708018,2.2732969193849684
omitted,transfer,forward,copy,repeat,0.5,57,specimen_57,50,45,1.0,0.7523593136540745,2.019306454415537
omitted,transfer,forward,copy,repeat,0.5,57,specimen_57,50,90,1.0,0.9281438311712709,2.493988774838099
omitted,transfer,forward,copy,repeat,0.5,57,specimen_57,50,135,0.5,0.7439799656724291,2.1022763441213126
omitted,transfer,forward,copy,repeat,0.5,57,specimen_57,50,135,1.0,0.770377245941678,1.9006376149103406
omitted,transfer,forward,copy,repeat,0.5,57,specimen_57,50,180,0.5,0.3745065485765347,0.39287504544475343
omitted,transfer,forward,copy,repeat,0.5,57,specimen_57,50,180,1.0,0.39751962285696846,0.44085178068584513
omitted,transfer,forward,copy,repeat,0.5,57,specimen_57,50,225,0.5,0.6341095345145474,1.6702865313410042
omitted,transfer,forward,copy,repeat,0.5,57,specimen_57,50,225,1.0,0.6343870134190992,1.4612230825045733
omitted,transfer,forward,copy,repeat,0.5,57,specimen_57,50,270,0.5,0.8359459809207049,2.101402172181938
omitted,transfer,forward,copy,repeat,0.5,57,specimen_57,50,270,1.0,0.7871044625686093,1.8495152530594012
omitted,transfer,forward,copy,repeat,0.5,57,specimen_57,50,315,0.5,0.6446290355495318,1.550287356837211
omitted,transfer,forward,copy,repeat,0.5,57,specimen_57,50,315,1.0,0.6194766960817054,1.4689655787641311
omitted,transfer,forward,copy,single,0.5,10,specimen_10,30,45,0.5,0.5471000085169081,0.3325149557770871
omitted,transfer,forward,copy,single,0.5,10,specimen_10,30,45,1.0,0.5528138968146812,0.3928018484076704
omitted,transfer,forward,copy,single,0.5,10,specimen_10,30,90,1.0,0.6939986588142778,0.7910498796040429
omitted,transfer,forward,copy,single,0.5,10,specimen_10,30,135,0.5,0.5299200905162489,0.2215395142932015
omitted,transfer,forward,copy,single,0.5,10,specimen_10,30,135,1.0,0.5118137713842662,0.24522159063770255
omitted,transfer,forward,copy,single,0.5,10,specimen_10,30,180,0.5,0.33882526110041794,0.24505162636176864
omitted,transfer,forward,copy,single,0.5,10,specimen_10,30,180,1.0,0.2815883059434945,0.1378857188192869
omitted,transfer,forward,copy,single,0.5,10,specimen_10,30,225,0.5,0.5287883715316289,0.04983324254771804
omitted,transfer,forward,copy,single,0.5,10,specimen_10,30,225,1.0,0.5412208093313118,0.07378329071092804
omitted,transfer,forward,copy,single,0.5,10,specimen_10,30,270,0.5,0.8486565667181657,0.7059299641211562
omitted,transfer,forward,copy,single,0.5,10,specimen_10,30,270,1.0,0.7425737429895296,0.2790286244085495
omitted,transfer,forward,copy,single,0.5,10,specimen_10,30,315,0.5,0.4978571862269779,0.19016979013520563
omitted,transfer,forward,copy,single,0.5,10,specimen_10,30,315,1.0,0.4976085268346888,0.10863892273016695
omitted,transfer,forward,copy,single,0.5,10,specimen_10,50,45,0.5,0.5053446916576536,1.3992778172964213
omitted,transfer,forward,copy,single,0.5,10,specimen_10,50,45,1.0,0.5099215150331026,1.2839230826466954
omitted,transfer,forward,copy,single,0.5,10,specimen_10,50,90,1.0,0.7008377703582002,1.603961552646222
omitted,transfer,forward,copy,single,0.5,10,specimen_10,50,135,0.5,0.5948434009722814,1.8366459261792585
omitted,transfer,forward,copy,single,0.5,10,specimen_10,50,135,1.0,0.548551843213369,1.0790795142781016
omitted,transfer,forward,copy,single,0.5,10,specimen_10,50,180,0.5,0.3767473134096602,0.34814622497236114
omitted,transfer,forward,copy,single,0.5,10,specimen_10,50,180,1.0,0.4158578314177059,0.4402212269009135
omitted,transfer,forward,copy,single,0.5,10,specimen_10,50,225,0.5,0.49906763120009057,1.0678039098526781
omitted,transfer,forward,copy,single,0.5,10,specimen_10,50,225,1.0,0.46524560333299353,0.977682757763182
omitted,transfer,forward,copy,single,0.5,10,specimen_10,50,270,0.5,0.696626128539986,1.2564786882729218
omitted,transfer,forward,copy,single,0.5,10,specimen_10,50,270,1.0,0.7048141728847965,1.069031945883137
omitted,transfer,forward,copy,single,0.5,10,specimen_10,50,315,0.5,0.5175280481231354,0.8481744492159954
omitted,transfer,forward,copy,single,0.5,10,specimen_10,50,315,1.0,0.5435930779160009,0.7046026059312341
omitted,transfer,forward,copy,single,0.5,57,specimen_57,30,45,0.5,0.4717655885000742,0.5146024251989192
omitted,transfer,forward,copy,single,0.5,57,specimen_57,30,45,1.0,0.4656941097398879,0.46552265922476527
omitted,transfer,forward,copy,single,0.5,57,specimen_57,30,90,1.0,0.6843394424144259,1.3292889498000018
omitted,transfer,forward,copy,single,0.5,57,specimen_57,30,135,0.5,0.4580262896141967,0.43753244511461015
omitted,transfer,forward,copy,single,0.5,57,specimen_57,30,135,1.0,0.4784495060260909,0.4335605693662726
omitted,transfer,forward,copy,single,0.5,57,specimen_57,30,180,0.5,0.31995735890577204,0.044775178348885086
omitted,transfer,forward,copy,single,0.5,57,specimen_57,30,180,1.0,0.3278269472545054,0.03212603834474903
omitted,transfer,forward,copy,single,0.5,57,specimen_57,30,225,0.5,0.43568415493227725,0.5288441609215475
omitted,transfer,forward,copy,single,0.5,57,specimen_57,30,225,1.0,0.42750762375581736,0.4536883055848954
omitted,transfer,forward,copy,single,0.5,57,specimen_57,30,270,0.5,0.6530320857745701,2.2332454245630355
omitted,transfer,forward,copy,single,0.5,57,specimen_57,30,270,1.0,0.6371717730902696,1.887776063946559
omitted,transfer,forward,copy,single,0.5,57,specimen_57,30,315,0.5,0.4302566805077465,0.4115932570470335
omitted,transfer,forward,copy,single,0.5,57,specimen_57,30,315,1.0,0.42249374968071063,0.3946016564716108
omitted,transfer,forward,copy,single,0.5,57,specimen_57,50,45,0.5,0.7793291417181057,2.2808699996997897
omitted,transfer,forward,copy,single,0.5,57,specimen_57,50,45,1.0,0.7838950904267721,2.0268795347303583
omitted,transfer,forward,copy,single,0.5,57,specimen_57,50,90,1.0,0.9492665121127102,2.50156185515292
omitted,transfer,forward,copy,single,0.5,57,specimen_57,50,135,0.5,0.7709164931402434,2.109849424436134
omitted,transfer,forward,copy,single,0.5,57,specimen_57,50,135,1.0,0.7986367496728976,1.9082106952251616
omitted,transfer,forward,copy,single,0.5,57,specimen_57,50,180,0.5,0.384491134608977,0.4004481257595745
omitted,transfer,forward,copy,single,0.5,57,specimen_57,50,180,1.0,0.4130140243716234,0.4484248610006662
omitted,transfer,forward,copy,single,0.5,57,specimen_57,50,225,0.5,0.6545155365019178,1.6778596116558253
omitted,transfer,forward,copy,single,0.5,57,specimen_57,50,225,1.0,0.6579905142787027,1.4687961628193944
omitted,transfer,forward,copy,single,0.5,57,specimen_57,50,270,0.5,0.8591846416479894,2.108975252496759
omitted,transfer,forward,copy,single,0.5,57,specimen_57,50,270,1.0,0.8065471374349381,1.8570883333742223
omitted,transfer,forward,copy,single,0.5,57,specimen_57,50,315,0.5,0.6750818170695375,1.5578604371520322
omitted,transfer,forward,copy,single,0.5,57,specimen_57,50,315,1.0,0.6569694146711244,1.4765386590789522
omitted,transfer,forward,encoder,direction,0.5,10,specimen_10,30,45,0.5,0.24602942168712616,0.39644924764770334
omitted,transfer,forward,encoder,direction,0.5,10,specimen_10,30,45,1.0,0.24514087041219076,0.45272287117272114
omitted,transfer,forward,encoder,direction,0.5,10,specimen_10,30,90,1.0,0.31363359093666077,0.857263300667694
omitted,transfer,forward,encoder,direction,0.5,10,specimen_10,30,135,0.5,0.2278449535369873,0.33538022826011066
omitted,transfer,forward,encoder,direction,0.5,10,specimen_10,30,135,1.0,0.24218742549419403,0.3531836899432638
omitted,transfer,forward,encoder,direction,0.5,10,specimen_10,30,180,0.5,0.3579367895921071,0.0777350821308142
omitted,transfer,forward,encoder,direction,0.5,10,specimen_10,30,180,1.0,0.40321582555770874,0.029328366270860513
omitted,transfer,forward,encoder,direction,0.5,10,specimen_10,30,225,0.5,0.21079926689465842,0.2189525801488761
omitted,transfer,forward,encoder,direction,0.5,10,specimen_10,30,225,1.0,0.18811223904291788,0.09268108412147691
omitted,transfer,forward,encoder,direction,0.5,10,specimen_10,30,270,0.5,0.39977774024009705,0.8399254833670943
omitted,transfer,forward,encoder,direction,0.5,10,specimen_10,30,270,1.0,0.303798774878184,0.41538571324697954
omitted,transfer,forward,encoder,direction,0.5,10,specimen_10,30,315,0.5,0.2733834485212962,0.2969015915596464
omitted,transfer,forward,encoder,direction,0.5,10,specimen_10,30,315,1.0,0.27353285749753314,0.21418133185060018
omitted,transfer,forward,encoder,direction,0.5,10,specimen_10,50,45,0.5,0.36518388986587524,1.2374757423305938
omitted,transfer,forward,encoder,direction,0.5,10,specimen_10,50,45,1.0,0.3565114140510559,1.1055716259605206
omitted,transfer,forward,encoder,direction,0.5,10,specimen_10,50,90,1.0,0.3908367057641347,1.4037871174364993
omitted,transfer,forward,encoder,direction,0.5,10,specimen_10,50,135,0.5,0.3804672459761302,1.7193917900207634
omitted,transfer,forward,encoder,direction,0.5,10,specimen_10,50,135,1.0,0.371089647213618,0.9411523289828452
omitted,transfer,forward,encoder,direction,0.5,10,specimen_10,50,180,0.5,0.4795006513595581,0.33692452234220305
omitted,transfer,forward,encoder,direction,0.5,10,specimen_10,50,180,1.0,0.5309181610743204,0.42012634566690427
omitted,transfer,forward,encoder,direction,0.5,10,specimen_10,50,225,0.5,0.3000715176264445,1.056129501461369
omitted,transfer,forward,encoder,direction,0.5,10,specimen_10,50,225,1.0,0.3519847095012665,0.9554418615278832
omitted,transfer,forward,encoder,direction,0.5,10,specimen_10,50,270,0.5,0.35232917467753094,1.189204126394176
omitted,transfer,forward,encoder,direction,0.5,10,specimen_10,50,270,1.0,0.3666026492913564,0.9806090854392729
omitted,transfer,forward,encoder,direction,0.5,10,specimen_10,50,315,0.5,0.3714439868927002,0.7613899571681749
omitted,transfer,forward,encoder,direction,0.5,10,specimen_10,50,315,1.0,0.3949526647726695,0.6054993692788718
omitted,transfer,forward,encoder,direction,0.5,57,specimen_57,30,45,0.5,0.285139004389445,0.33211569639334365
omitted,transfer,forward,encoder,direction,0.5,57,specimen_57,30,45,1.0,0.25264369944731396,0.27939146624748656
omitted,transfer,forward,encoder,direction,0.5,57,specimen_57,30,90,1.0,0.3048604528109233,1.1457085957617736
omitted,transfer,forward,encoder,direction,0.5,57,specimen_57,30,135,0.5,0.27117833495140076,0.29697512262879666
omitted,transfer,forward,encoder,direction,0.5,57,specimen_57,30,135,1.0,0.2803043723106384,0.2886668220439565
omitted,transfer,forward,encoder,direction,0.5,57,specimen_57,30,180,0.5,0.2957354038953781,0.14760977977283948
omitted,transfer,forward,encoder,direction,0.5,57,specimen_57,30,180,1.0,0.3040102571249008,0.13857589395119532
omitted,transfer,forward,encoder,direction,0.5,57,specimen_57,30,225,0.5,0.2542463590701421,0.4231427732836432
omitted,transfer,forward,encoder,direction,0.5,57,specimen_57,30,225,1.0,0.2897806266943614,0.34565612620499225
omitted,transfer,forward,encoder,direction,0.5,57,specimen_57,30,270,0.5,0.34057361880938214,2.1019522787958635
omitted,transfer,forward,encoder,direction,0.5,57,specimen_57,30,270,1.0,0.34976744651794434,1.755600585776351
omitted,transfer,forward,encoder,direction,0.5,57,specimen_57,30,315,0.5,0.29968319336573285,0.26223399705555844
omitted,transfer,forward,encoder,direction,0.5,57,specimen_57,30,315,1.0,0.320767213900884,0.2435086231799728
omitted,transfer,forward,encoder,direction,0.5,57,specimen_57,50,45,0.5,0.4396483898162842,1.9778148555168904
omitted,transfer,forward,encoder,direction,0.5,57,specimen_57,50,45,1.0,0.41038790345191956,1.7058080018222805
omitted,transfer,forward,encoder,direction,0.5,57,specimen_57,50,90,1.0,0.4766803979873657,2.159211932727647
omitted,transfer,forward,encoder,direction,0.5,57,specimen_57,50,135,0.5,0.41021645069122314,1.833823000248774
omitted,transfer,forward,encoder,direction,0.5,57,specimen_57,50,135,1.0,0.4005087713400523,1.6278166015001183
omitted,transfer,forward,encoder,direction,0.5,57,specimen_57,50,180,0.5,0.40093884865442914,0.19579771724274977
omitted,transfer,forward,encoder,direction,0.5,57,specimen_57,50,180,1.0,0.3394838770230611,0.2343509878689519
omitted,transfer,forward,encoder,direction,0.5,57,specimen_57,50,225,0.5,0.387005478143692,1.4661520568790276
omitted,transfer,forward,encoder,direction,0.5,57,specimen_57,50,225,1.0,0.3843750258286794,1.250604030019828
omitted,transfer,forward,encoder,direction,0.5,57,specimen_57,50,270,0.5,0.45396803816159564,1.8490578833991453
omitted,transfer,forward,encoder,direction,0.5,57,specimen_57,50,270,1.0,0.4398992757002513,1.5948985388497763
omitted,transfer,forward,encoder,direction,0.5,57,specimen_57,50,315,0.5,0.36337628960609436,1.3012850779367733
omitted,transfer,forward,encoder,direction,0.5,57,specimen_57,50,315,1.0,0.35912439227104187,1.2077538974519062
omitted,transfer,forward,encoder,repeat,0.5,10,specimen_10,30,45,0.5,0.25173793733119965,0.30063344001176023
omitted,transfer,forward,encoder,repeat,0.5,10,specimen_10,30,45,1.0,0.27664317687352497,0.3510542370530096
omitted,transfer,forward,encoder,repeat,0.5,10,specimen_10,30,90,1.0,0.3816850185394287,0.7578024805781193
omitted,transfer,forward,encoder,repeat,0.5,10,specimen_10,30,135,0.5,0.23024649918079376,0.2500328594883068
omitted,transfer,forward,encoder,repeat,0.5,10,specimen_10,30,135,1.0,0.2278292179107666,0.26095278024230484
omitted,transfer,forward,encoder,repeat,0.5,10,specimen_10,30,180,0.5,0.3537641664346059,0.15879244452142446
omitted,transfer,forward,encoder,repeat,0.5,10,specimen_10,30,180,1.0,0.36471424500147503,0.06462290136555682
omitted,transfer,forward,encoder,repeat,0.5,10,specimen_10,30,225,0.5,0.2750745316346486,0.1387919517663001
omitted,transfer,forward,encoder,repeat,0.5,10,specimen_10,30,225,1.0,0.2762116988499959,0.039328725009640166
omitted,transfer,forward,encoder,repeat,0.5,10,specimen_10,30,270,0.5,0.4800429741541545,0.7545226741176121
omitted,transfer,forward,encoder,repeat,0.5,10,specimen_10,30,270,1.0,0.3645902971426646,0.3231986809583827
omitted,transfer,forward,encoder,repeat,0.5,10,specimen_10,30,315,0.5,0.22750631471474966,0.2058057170674443
omitted,transfer,forward,encoder,repeat,0.5,10,specimen_10,30,315,1.0,0.24335992336273193,0.11678737447951175
omitted,transfer,forward,encoder,repeat,0.5,10,specimen_10,50,45,0.5,0.3603917459646861,1.105137079037082
omitted,transfer,forward,encoder,repeat,0.5,10,specimen_10,50,45,1.0,0.3231718838214874,0.9634019883745927
omitted,transfer,forward,encoder,repeat,0.5,10,specimen_10,50,90,1.0,0.4084755778312683,1.25833141394608
omitted,transfer,forward,encoder,repeat,0.5,10,specimen_10,50,135,0.5,0.34468722343444824,1.6012122623619376
omitted,transfer,forward,encoder,repeat,0.5,10,specimen_10,50,135,1.0,0.3127130965391795,0.812817713516725
omitted,transfer,forward,encoder,repeat,0.5,10,specimen_10,50,180,0.5,0.46380022168159485,0.22804291176003452
omitted,transfer,forward,encoder,repeat,0.5,10,specimen_10,50,180,1.0,0.48072107632954914,0.3019395486767247
omitted,transfer,forward,encoder,repeat,0.5,10,specimen_10,50,225,0.5,0.3134472072124481,0.9550220208978689
omitted,transfer,forward,encoder,repeat,0.5,10,specimen_10,50,225,1.0,0.299499253431956,0.8398593675792552
omitted,transfer,forward,encoder,repeat,0.5,10,specimen_10,50,270,0.5,0.39062821865081787,1.0846591257699194
omitted,transfer,forward,encoder,repeat,0.5,10,specimen_10,50,270,1.0,0.38131654262542725,0.8726140616374137
omitted,transfer,forward,encoder,repeat,0.5,10,specimen_10,50,315,0.5,0.2725582818190257,0.6371634549970141
omitted,transfer,forward,encoder,repeat,0.5,10,specimen_10,50,315,1.0,0.27872930963834125,0.4814937832322364
omitted,transfer,forward,encoder,repeat,0.5,57,specimen_57,30,45,0.5,0.301664133866628,0.35389463324959713
omitted,transfer,forward,encoder,repeat,0.5,57,specimen_57,30,45,1.0,0.2668408254782359,0.29894490176700944
omitted,transfer,forward,encoder,repeat,0.5,57,specimen_57,30,90,1.0,0.3122263749440511,1.1629151079417281
omitted,transfer,forward,encoder,repeat,0.5,57,specimen_57,30,135,0.5,0.26922908425331116,0.31490478026561525
omitted,transfer,forward,encoder,repeat,0.5,57,specimen_57,30,135,1.0,0.28541281819343567,0.30617090088408566
omitted,transfer,forward,encoder,repeat,0.5,57,specimen_57,30,180,0.5,0.2917669415473938,0.12887153292408435
omitted,transfer,forward,encoder,repeat,0.5,57,specimen_57,30,180,1.0,0.3048950483401616,0.12092028184798331
omitted,transfer,forward,encoder,repeat,0.5,57,specimen_57,30,225,0.5,0.26653483510017395,0.44164188896130424
omitted,transfer,forward,encoder,repeat,0.5,57,specimen_57,30,225,1.0,0.2919977406660716,0.362490572827252
omitted,transfer,forward,encoder,repeat,0.5,57,specimen_57,30,270,0.5,0.3558548390865326,2.1162373797546317
omitted,transfer,forward,encoder,repeat,0.5,57,specimen_57,30,270,1.0,0.34759312868118286,1.7677187675457107
omitted,transfer,forward,encoder,repeat,0.5,57,specimen_57,30,315,0.5,0.307610680659612,0.28060573465523436
omitted,transfer,forward,encoder,repeat,0.5,57,specimen_57,30,315,1.0,0.328743577003479,0.2581642758052017
omitted,transfer,forward,encoder,repeat,0.5,57,specimen_57,50,45,0.5,0.4607710540294647,2.0096777249379865
omitted,transfer,forward,encoder,repeat,0.5,57,specimen_57,50,45,1.0,0.43170514702796936,1.7386561439902988
omitted,transfer,forward,encoder,repeat,0.5,57,specimen_57,50,90,1.0,0.511486421028773,2.193333286365444
omitted,transfer,forward,encoder,repeat,0.5,57,specimen_57,50,135,0.5,0.4230615297953288,1.8649518682432176
omitted,transfer,forward,encoder,repeat,0.5,57,specimen_57,50,135,1.0,0.42332308491071063,1.6596866152485632
omitted,transfer,forward,encoder,repeat,0.5,57,specimen_57,50,180,0.5,0.3723248541355133,0.22197959815025006
omitted,transfer,forward,encoder,repeat,0.5,57,specimen_57,50,180,1.0,0.3171445429325104,0.2646957485064801
omitted,transfer,forward,encoder,repeat,0.5,57,specimen_57,50,225,0.5,0.40370670954386395,1.4928762954463348
omitted,transfer,forward,encoder,repeat,0.5,57,specimen_57,50,225,1.0,0.3934603234132131,1.2769514057980524
omitted,transfer,forward,encoder,repeat,0.5,57,specimen_57,50,270,0.5,0.487774799267451,1.8752019093016343
omitted,transfer,forward,encoder,repeat,0.5,57,specimen_57,50,270,1.0,0.4663000206152598,1.6184951469976194
omitted,transfer,forward,encoder,repeat,0.5,57,specimen_57,50,315,0.5,0.3739149868488312,1.32785965562166
omitted,transfer,forward,encoder,repeat,0.5,57,specimen_57,50,315,1.0,0.3668607274691264,1.2346261939673464
omitted,transfer,forward,encoder,single,0.5,10,specimen_10,30,45,0.5,0.23886262873808542,0.3178694167721878
omitted,transfer,forward,encoder,single,0.5,10,specimen_10,30,45,1.0,0.2611877421538035,0.3701016841047222
omitted,transfer,forward,encoder,single,0.5,10,specimen_10,30,90,1.0,0.36124374469121295,0.7775176717413032
omitted,transfer,forward,encoder,single,0.5,10,specimen_10,30,135,0.5,0.22336152692635855,0.2726175716085328
omitted,transfer,forward,encoder,single,0.5,10,specimen_10,30,135,1.0,0.22248155872027078,0.2855516617219968
omitted,transfer,forward,encoder,single,0.5,10,specimen_10,30,180,0.5,0.34850799043973285,0.1330859589343508
omitted,transfer,forward,encoder,single,0.5,10,specimen_10,30,180,1.0,0.3705396850903829,0.06497701794339021
omitted,transfer,forward,encoder,single,0.5,10,specimen_10,30,225,0.5,0.251019815603892,0.16550149690233842
omitted,transfer,forward,encoder,single,0.5,10,specimen_10,30,225,1.0,0.24593538542588553,0.05915486972625358
omitted,transfer,forward,encoder,single,0.5,10,specimen_10,30,270,0.5,0.45786839723587036,0.7788947932922893
omitted,transfer,forward,encoder,single,0.5,10,specimen_10,30,270,1.0,0.3426533639431,0.34988272498823036
omitted,transfer,forward,encoder,single,0.5,10,specimen_10,30,315,0.5,0.22648164629936218,0.22297607304354627
omitted,transfer,forward,encoder,single,0.5,10,specimen_10,30,315,1.0,0.23920689523220062,0.1379434397708108
omitted,transfer,forward,encoder,single,0.5,10,specimen_10,50,45,0.5,0.35231895248095196,1.1264280224227223
omitted,transfer,forward,encoder,single,0.5,10,specimen_10,50,45,1.0,0.320292333761851,0.986505162420531
omitted,transfer,forward,encoder,single,0.5,10,specimen_10,50,90,1.0,0.39983291427294415,1.2907507432263285
omitted,transfer,forward,encoder,single,0.5,10,specimen_10,50,135,0.5,0.3462270398934682,1.639543428066955
omitted,transfer,forward,encoder,single,0.5,10,specimen_10,50,135,1.0,0.3205622633298238,0.85516311167853
omitted,transfer,forward,encoder,single,0.5,10,specimen_10,50,180,0.5,0.4650919536749522,0.27057380925198354
omitted,transfer,forward,encoder,single,0.5,10,specimen_10,50,180,1.0,0.49135000507036847,0.3453149213807594
omitted,transfer,forward,encoder,single,0.5,10,specimen_10,50,225,0.5,0.30124932527542114,0.9951820916004257
omitted,transfer,forward,encoder,single,0.5,10,specimen_10,50,225,1.0,0.30790891249974567,0.8857268482995204
omitted,transfer,forward,encoder,single,0.5,10,specimen_10,50,270,0.5,0.37448666493097943,1.1252609348205829
omitted,transfer,forward,encoder,single,0.5,10,specimen_10,50,270,1.0,0.37138643860816956,0.9160376598923459
omitted,transfer,forward,encoder,single,0.5,10,specimen_10,50,315,0.5,0.2903501292069753,0.6644641189164702
omitted,transfer,forward,encoder,single,0.5,10,specimen_10,50,315,1.0,0.2996549407641093,0.5040045108879778
omitted,transfer,forward,encoder,single,0.5,57,specimen_57,30,45,0.5,0.33511709173520404,0.3713347896056312
omitted,transfer,forward,encoder,single,0.5,57,specimen_57,30,45,1.0,0.29887389143308,0.31492672414113665
omitted,transfer,forward,encoder,single,0.5,57,specimen_57,30,90,1.0,0.32847793896993,1.1777614583669755
omitted,transfer,forward,encoder,single,0.5,57,specimen_57,30,135,0.5,0.28647314508756,0.3333013145681065
omitted,transfer,forward,encoder,single,0.5,57,specimen_57,30,135,1.0,0.3096759120623271,0.32238160556699264
omitted,transfer,forward,encoder,single,0.5,57,specimen_57,30,180,0.5,0.3040427714586258,0.11083269311177328
omitted,transfer,forward,encoder,single,0.5,57,specimen_57,30,180,1.0,0.32306814193725586,0.10113877737607606
omitted,transfer,forward,encoder,single,0.5,57,specimen_57,30,225,0.5,0.297662615776062,0.4598880913685323
omitted,transfer,forward,encoder,single,0.5,57,specimen_57,30,225,1.0,0.3138853907585144,0.38154995619463383
omitted,transfer,forward,encoder,single,0.5,57,specimen_57,30,270,0.5,0.3943003714084625,2.1351254432475724
omitted,transfer,forward,encoder,single,0.5,57,specimen_57,30,270,1.0,0.3664541741212209,1.784647326843727
omitted,transfer,forward,encoder,single,0.5,57,specimen_57,30,315,0.5,0.3325093984603882,0.3001135704091211
omitted,transfer,forward,encoder,single,0.5,57,specimen_57,30,315,1.0,0.3530670702457428,0.2772642197509175
omitted,transfer,forward,encoder,single,0.5,57,specimen_57,50,45,0.5,0.4958004951477051,2.033226211365081
omitted,transfer,forward,encoder,single,0.5,57,specimen_57,50,45,1.0,0.46621883908907574,1.7630289037919973
omitted,transfer,forward,encoder,single,0.5,57,specimen_57,50,90,1.0,0.5526607036590576,2.22205616437882
omitted,transfer,forward,encoder,single,0.5,57,specimen_57,50,135,0.5,0.4524163802464803,1.8931183371806781
omitted,transfer,forward,encoder,single,0.5,57,specimen_57,50,135,1.0,0.45400458574295044,1.6836728518202682
omitted,transfer,forward,encoder,single,0.5,57,specimen_57,50,180,0.5,0.36259837945302326,0.24667189541450907
omitted,transfer,forward,encoder,single,0.5,57,specimen_57,50,180,1.0,0.31446056564648944,0.2898443287208307
omitted,transfer,forward,encoder,single,0.5,57,specimen_57,50,225,0.5,0.43586666385332745,1.5188511256464894
omitted,transfer,forward,encoder,single,0.5,57,specimen_57,50,225,1.0,0.41759180029233295,1.3033414176018272
omitted,transfer,forward,encoder,single,0.5,57,specimen_57,50,270,0.5,0.5376528203487396,1.9085428108287064
omitted,transfer,forward,encoder,single,0.5,57,specimen_57,50,270,1.0,0.5042478938897451,1.6475419743328423
omitted,transfer,forward,encoder,single,0.5,57,specimen_57,50,315,0.5,0.3988066216309865,1.3528947951806594
omitted,transfer,forward,encoder,single,0.5,57,specimen_57,50,315,1.0,0.393815020720164,1.2603774865538517
omitted,transfer,forward,encoder_wrong_support,direction,0.5,10,specimen_10,30,45,0.5,0.5159159600734711,0.5529577884343752
omitted,transfer,forward,encoder_wrong_support,direction,0.5,10,specimen_10,30,45,1.0,0.5014401574929556,0.6096002168932553
omitted,transfer,forward,encoder_wrong_support,direction,0.5,10,specimen_10,30,90,1.0,0.44033579031626385,1.0103990870286783
omitted,transfer,forward,encoder_wrong_support,direction,0.5,10,specimen_10,30,135,0.5,0.5148256123065948,0.48391175327025165
omitted,transfer,forward,encoder_wrong_support,direction,0.5,10,specimen_10,30,135,1.0,0.5446141362190247,0.50325740477825
omitted,transfer,forward,encoder_wrong_support,direction,0.5,10,specimen_10,30,180,0.5,0.5173507928848267,0.05504333367714054
omitted,transfer,forward,encoder_wrong_support,direction,0.5,10,specimen_10,30,180,1.0,0.6095505555470785,0.15859398703713037
omitted,transfer,forward,encoder_wrong_support,direction,0.5,10,specimen_10,30,225,0.5,0.4132853150367737,0.3470614163726773
omitted,transfer,forward,encoder_wrong_support,direction,0.5,10,specimen_10,30,225,1.0,0.3690078953901927,0.22111409137203242
omitted,transfer,forward,encoder_wrong_support,direction,0.5,10,specimen_10,30,270,0.5,0.4286704957485199,0.9775663798168481
omitted,transfer,forward,encoder_wrong_support,direction,0.5,10,specimen_10,30,270,1.0,0.42134280999501544,0.5497827077012049
omitted,transfer,forward,encoder_wrong_support,direction,0.5,10,specimen_10,30,315,0.5,0.5872394839922587,0.44374009160659417
omitted,transfer,forward,encoder_wrong_support,direction,0.5,10,specimen_10,30,315,1.0,0.5484697818756104,0.36047545090139255
omitted,transfer,forward,encoder_wrong_support,direction,0.5,10,specimen_10,50,45,0.5,0.6475818355878195,1.4991522345763857
omitted,transfer,forward,encoder_wrong_support,direction,0.5,10,specimen_10,50,45,1.0,0.6758413314819336,1.3657811112014813
omitted,transfer,forward,encoder_wrong_support,direction,0.5,10,specimen_10,50,90,1.0,0.5811660389105479,1.6645411916838126
omitted,transfer,forward,encoder_wrong_support,direction,0.5,10,specimen_10,50,135,0.5,0.7018497586250305,1.9635490634547625
omitted,transfer,forward,encoder_wrong_support,direction,0.5,10,specimen_10,50,135,1.0,0.6686785419782003,1.2016149820159219
omitted,transfer,forward,encoder_wrong_support,direction,0.5,10,specimen_10,50,180,0.5,0.6141739288965861,0.5464253779184
omitted,transfer,forward,encoder_wrong_support,direction,0.5,10,specimen_10,50,180,1.0,0.7402308781941732,0.6290769152320627
omitted,transfer,forward,encoder_wrong_support,direction,0.5,10,specimen_10,50,225,0.5,0.5721850593884786,1.2590259165387436
omitted,transfer,forward,encoder_wrong_support,direction,0.5,10,specimen_10,50,225,1.0,0.6520519653956095,1.1624201864264792
omitted,transfer,forward,encoder_wrong_support,direction,0.5,10,specimen_10,50,270,0.5,0.49206603566805523,1.3994908806381716
omitted,transfer,forward,encoder_wrong_support,direction,0.5,10,specimen_10,50,270,1.0,0.5446217755476633,1.2097717128215546
omitted,transfer,forward,encoder_wrong_support,direction,0.5,10,specimen_10,50,315,0.5,0.7357525626818339,0.9945286514636001
omitted,transfer,forward,encoder_wrong_support,direction,0.5,10,specimen_10,50,315,1.0,0.7432345946629842,0.8387474057670516
omitted,transfer,forward,encoder_wrong_support,direction,0.5,57,specimen_57,30,45,0.5,0.3759664297103882,0.1756071556066718
omitted,transfer,forward,encoder_wrong_support,direction,0.5,57,specimen_57,30,45,1.0,0.3664524257183075,0.12251412052695243
omitted,transfer,forward,encoder_wrong_support,direction,0.5,57,specimen_57,30,90,1.0,0.4394431908925374,0.9925728094007892
omitted,transfer,forward,encoder_wrong_support,direction,0.5,57,specimen_57,30,135,0.5,0.45678630471229553,0.14844359761865575
omitted,transfer,forward,encoder_wrong_support,direction,0.5,57,specimen_57,30,135,1.0,0.3946447769800822,0.13859310720897025
omitted,transfer,forward,encoder_wrong_support,direction,0.5,57,specimen_57,30,180,0.5,0.5053748389085134,0.2803881955807942
omitted,transfer,forward,encoder_wrong_support,direction,0.5,57,specimen_57,30,180,1.0,0.4548512399196625,0.2710088713757656
omitted,transfer,forward,encoder_wrong_support,direction,0.5,57,specimen_57,30,225,0.5,0.4024602671464284,0.295033937059842
omitted,transfer,forward,encoder_wrong_support,direction,0.5,57,specimen_57,30,225,1.0,0.4314054350058238,0.2172231189544368
omitted,transfer,forward,encoder_wrong_support,direction,0.5,57,specimen_57,30,270,0.5,0.4040151536464691,1.9643113823461098
omitted,transfer,forward,encoder_wrong_support,direction,0.5,57,specimen_57,30,270,1.0,0.47507067521413165,1.6212035913221257
omitted,transfer,forward,encoder_wrong_support,direction,0.5,57,specimen_57,30,315,0.5,0.43498800198237103,0.11539549700861067
omitted,transfer,forward,encoder_wrong_support,direction,0.5,57,specimen_57,30,315,1.0,0.42969651023546857,0.09721450412918042
omitted,transfer,forward,encoder_wrong_support,direction,0.5,57,specimen_57,50,45,0.5,0.48446287711461383,1.7161383632710985
omitted,transfer,forward,encoder_wrong_support,direction,0.5,57,specimen_57,50,45,1.0,0.5018612742424011,1.4455985165813197
omitted,transfer,forward,encoder_wrong_support,direction,0.5,57,specimen_57,50,90,1.0,0.4420199493567149,1.8984578584803338
omitted,transfer,forward,encoder_wrong_support,direction,0.5,57,specimen_57,50,135,0.5,0.5419835448265076,1.5896657268147754
omitted,transfer,forward,encoder_wrong_support,direction,0.5,57,specimen_57,50,135,1.0,0.5187932252883911,1.3673539484670416
omitted,transfer,forward,encoder_wrong_support,direction,0.5,57,specimen_57,50,180,0.5,0.7106581330299377,0.03495597049912139
omitted,transfer,forward,encoder_wrong_support,direction,0.5,57,specimen_57,50,180,1.0,0.6361492474873861,0.05628055178135675
omitted,transfer,forward,encoder_wrong_support,direction,0.5,57,specimen_57,50,225,0.5,0.5059881508350372,1.2632556418016527
omitted,transfer,forward,encoder_wrong_support,direction,0.5,57,specimen_57,50,225,1.0,0.5216551423072815,1.043625705121232
omitted,transfer,forward,encoder_wrong_support,direction,0.5,57,specimen_57,50,270,0.5,0.40087081988652545,1.6387711291551497
omitted,transfer,forward,encoder_wrong_support,direction,0.5,57,specimen_57,50,270,1.0,0.45197048783302307,1.3657359114674945
omitted,transfer,forward,encoder_wrong_support,direction,0.5,57,specimen_57,50,315,0.5,0.5012457271416982,1.0681463836413483
omitted,transfer,forward,encoder_wrong_support,direction,0.5,57,specimen_57,50,315,1.0,0.4876769582430522,0.9745058609637264
omitted,transfer,forward,encoder_wrong_support,repeat,0.5,10,specimen_10,30,45,0.5,0.5633144974708557,0.5747367252906287
omitted,transfer,forward,encoder_wrong_support,repeat,0.5,10,specimen_10,30,45,1.0,0.544995109240214,0.6291536524127781
omitted,transfer,forward,encoder_wrong_support,repeat,0.5,10,specimen_10,30,90,1.0,0.47611749172210693,1.027605599208633
omitted,transfer,forward,encoder_wrong_support,repeat,0.5,10,specimen_10,30,135,0.5,0.5606068968772888,0.5018414109070702
omitted,transfer,forward,encoder_wrong_support,repeat,0.5,10,specimen_10,30,135,1.0,0.5894433259963989,0.5207614836183792
omitted,transfer,forward,encoder_wrong_support,repeat,0.5,10,specimen_10,30,180,0.5,0.5577723582585653,0.07378158052589569
omitted,transfer,forward,encoder_wrong_support,repeat,0.5,10,specimen_10,30,180,1.0,0.6498614549636841,0.1762495991403424
omitted,transfer,forward,encoder_wrong_support,repeat,0.5,10,specimen_10,30,225,0.5,0.4646359185377757,0.3655605320503384
omitted,transfer,forward,encoder_wrong_support,repeat,0.5,10,specimen_10,30,225,1.0,0.41543012857437134,0.23794853799429214
omitted,transfer,forward,encoder_wrong_support,repeat,0.5,10,specimen_10,30,270,0.5,0.4477081100145976,0.9918514807756159
omitted,transfer,forward,encoder_wrong_support,repeat,0.5,10,specimen_10,30,270,1.0,0.4476759135723114,0.5619008894705645
omitted,transfer,forward,encoder_wrong_support,repeat,0.5,10,specimen_10,30,315,0.5,0.6365541021029154,0.4621118292062701
omitted,transfer,forward,encoder_wrong_support,repeat,0.5,10,specimen_10,30,315,1.0,0.587197999159495,0.37513110352662143
omitted,transfer,forward,encoder_wrong_support,repeat,0.5,10,specimen_10,50,45,0.5,0.6971141298611959,1.5310151039974815
omitted,transfer,forward,encoder_wrong_support,repeat,0.5,10,specimen_10,50,45,1.0,0.7261162996292114,1.3986292533694993
omitted,transfer,forward,encoder_wrong_support,repeat,0.5,10,specimen_10,50,90,1.0,0.6273143092791239,1.6986625453216095
omitted,transfer,forward,encoder_wrong_support,repeat,0.5,10,specimen_10,50,135,0.5,0.7542910178502401,1.9946779314492058
omitted,transfer,forward,encoder_wrong_support,repeat,0.5,10,specimen_10,50,135,1.0,0.7224413553873698,1.2334849957643668
omitted,transfer,forward,encoder_wrong_support,repeat,0.5,10,specimen_10,50,180,0.5,0.6503174901008606,0.5726072588259002
omitted,transfer,forward,encoder_wrong_support,repeat,0.5,10,specimen_10,50,180,1.0,0.7891072432200114,0.659421675869591
omitted,transfer,forward,encoder_wrong_support,repeat,0.5,10,specimen_10,50,225,0.5,0.6302019953727722,1.2857501551060513
omitted,transfer,forward,encoder_wrong_support,repeat,0.5,10,specimen_10,50,225,1.0,0.7049627900123596,1.1887675622047036
omitted,transfer,forward,encoder_wrong_support,repeat,0.5,10,specimen_10,50,270,0.5,0.5322495400905609,1.4256349065406606
omitted,transfer,forward,encoder_wrong_support,repeat,0.5,10,specimen_10,50,270,1.0,0.5871892968813578,1.2333683209693975
omitted,transfer,forward,encoder_wrong_support,repeat,0.5,10,specimen_10,50,315,0.5,0.7887840072313944,1.0211032291484867
omitted,transfer,forward,encoder_wrong_support,repeat,0.5,10,specimen_10,50,315,1.0,0.7948974172274271,0.8656197022824917
omitted,transfer,forward,encoder_wrong_support,repeat,0.5,57,specimen_57,30,45,0.5,0.5274282693862915,0.07979134797072866
omitted,transfer,forward,encoder_wrong_support,repeat,0.5,57,specimen_57,30,45,1.0,0.5289057592550913,0.03279452959283039
omitted,transfer,forward,encoder_wrong_support,repeat,0.5,57,specimen_57,30,90,1.0,0.5815425316492716,0.8931119893112145
omitted,transfer,forward,encoder_wrong_support,repeat,0.5,57,specimen_57,30,135,0.5,0.6117361187934875,0.06309622884685184
omitted,transfer,forward,encoder_wrong_support,repeat,0.5,57,specimen_57,30,135,1.0,0.5547640522321066,0.046362197508011294
omitted,transfer,forward,encoder_wrong_support,repeat,0.5,57,specimen_57,30,180,0.5,0.6811228593190511,0.36144555797140443
omitted,transfer,forward,encoder_wrong_support,repeat,0.5,57,specimen_57,30,180,1.0,0.6283150116602579,0.35538060378670805
omitted,transfer,forward,encoder_wrong_support,repeat,0.5,57,specimen_57,30,225,0.5,0.5549917817115784,0.21487330867726595
omitted,transfer,forward,encoder_wrong_support,repeat,0.5,57,specimen_57,30,225,1.0,0.5814225474993387,0.13463778466721807
omitted,transfer,forward,encoder_wrong_support,repeat,0.5,57,specimen_57,30,270,0.5,0.5275346239407858,1.8789085730966277
omitted,transfer,forward,encoder_wrong_support,repeat,0.5,57,specimen_57,30,270,1.0,0.620972732702891,1.529016559033529
omitted,transfer,forward,encoder_wrong_support,repeat,0.5,57,specimen_57,30,315,0.5,0.5961829423904419,0.0372894006274623
omitted,transfer,forward,encoder_wrong_support,repeat,0.5,57,specimen_57,30,315,1.0,0.5929544568061829,0.026245603516307225
omitted,transfer,forward,encoder_wrong_support,repeat,0.5,57,specimen_57,50,45,0.5,0.5903303623199463,1.5837996999775867
omitted,transfer,forward,encoder_wrong_support,repeat,0.5,57,specimen_57,50,45,1.0,0.610041340192159,1.303428878995392
omitted,transfer,forward,encoder_wrong_support,repeat,0.5,57,specimen_57,50,90,1.0,0.5358477234840393,1.7530021549899144
omitted,transfer,forward,encoder_wrong_support,repeat,0.5,57,specimen_57,50,135,0.5,0.6506011287371317,1.4714861991559494
omitted,transfer,forward,encoder_wrong_support,repeat,0.5,57,specimen_57,50,135,1.0,0.6306049625078837,1.2390193330009218
omitted,transfer,forward,encoder_wrong_support,repeat,0.5,57,specimen_57,50,180,0.5,0.8714735309282938,0.1225847489156157
omitted,transfer,forward,encoder_wrong_support,repeat,0.5,57,specimen_57,50,180,1.0,0.7971840699513754,0.09957723056602226
omitted,transfer,forward,encoder_wrong_support,repeat,0.5,57,specimen_57,50,225,0.5,0.6211826999982198,1.1621481612381528
omitted,transfer,forward,encoder_wrong_support,repeat,0.5,57,specimen_57,50,225,1.0,0.6465423107147217,0.928043211172604
omitted,transfer,forward,encoder_wrong_support,repeat,0.5,57,specimen_57,50,270,0.5,0.4862035314242045,1.5342261285308931
omitted,transfer,forward,encoder_wrong_support,repeat,0.5,57,specimen_57,50,270,1.0,0.5445810357729594,1.2577408876656355
omitted,transfer,forward,encoder_wrong_support,repeat,0.5,57,specimen_57,50,315,0.5,0.6175897717475891,0.9439198814701872
omitted,transfer,forward,encoder_wrong_support,repeat,0.5,57,specimen_57,50,315,1.0,0.6082904934883118,0.850500274917091
omitted,transfer,forward,encoder_wrong_support,single,0.5,10,specimen_10,30,45,0.5,0.6166502237319946,0.5921768816466627
omitted,transfer,forward,encoder_wrong_support,single,0.5,10,specimen_10,30,45,1.0,0.5956729650497437,0.6451354747869054
omitted,transfer,forward,encoder_wrong_support,single,0.5,10,specimen_10,30,90,1.0,0.5226281781991323,1.04245194963388
omitted,transfer,forward,encoder_wrong_support,single,0.5,10,specimen_10,30,135,0.5,0.6185270150502523,0.5202379452095615
omitted,transfer,forward,encoder_wrong_support,single,0.5,10,specimen_10,30,135,1.0,0.642788827419281,0.5369721883012862
omitted,transfer,forward,encoder_wrong_support,single,0.5,10,specimen_10,30,180,0.5,0.6019141872723898,0.09182042033820674
omitted,transfer,forward,encoder_wrong_support,single,0.5,10,specimen_10,30,180,1.0,0.6997544169425964,0.19603110361224965
omitted,transfer,forward,encoder_wrong_support,single,0.5,10,specimen_10,30,225,0.5,0.517601082722346,0.3838067344575664
omitted,transfer,forward,encoder_wrong_support,single,0.5,10,specimen_10,30,225,1.0,0.47030113140741986,0.2570079213616739
omitted,transfer,forward,encoder_wrong_support,single,0.5,10,specimen_10,30,270,0.5,0.4840714633464813,1.0107395442685567
omitted,transfer,forward,encoder_wrong_support,single,0.5,10,specimen_10,30,270,1.0,0.492940495411555,0.578829448768581
omitted,transfer,forward,encoder_wrong_support,single,0.5,10,specimen_10,30,315,0.5,0.6940683523813883,0.4816196649601569
omitted,transfer,forward,encoder_wrong_support,single,0.5,10,specimen_10,30,315,1.0,0.6397476196289062,0.3942310474723372
omitted,transfer,forward,encoder_wrong_support,single,0.5,10,specimen_10,50,45,0.5,0.7514526049296061,1.554563590424576
omitted,transfer,forward,encoder_wrong_support,single,0.5,10,specimen_10,50,45,1.0,0.7812748948733012,1.423002013171198
omitted,transfer,forward,encoder_wrong_support,single,0.5,10,specimen_10,50,90,1.0,0.6787127057711283,1.7273854233349857
omitted,transfer,forward,encoder_wrong_support,single,0.5,10,specimen_10,50,135,0.5,0.8130096197128296,2.0228444003866666
omitted,transfer,forward,encoder_wrong_support,single,0.5,10,specimen_10,50,135,1.0,0.7750352025032043,1.2574712323360713
omitted,transfer,forward,encoder_wrong_support,single,0.5,10,specimen_10,50,180,0.5,0.6910096208254496,0.5972995560901594
omitted,transfer,forward,encoder_wrong_support,single,0.5,10,specimen_10,50,180,1.0,0.8404422998428345,0.6845702560839415
omitted,transfer,forward,encoder_wrong_support,single,0.5,10,specimen_10,50,225,0.5,0.6869860887527466,1.3117249853062056
omitted,transfer,forward,encoder_wrong_support,single,0.5,10,specimen_10,50,225,1.0,0.7594746351242065,1.2151575740084783
omitted,transfer,forward,encoder_wrong_support,single,0.5,10,specimen_10,50,270,0.5,0.5886240601539612,1.4589758080677326
omitted,transfer,forward,encoder_wrong_support,single,0.5,10,specimen_10,50,270,1.0,0.6383634209632874,1.2624151483046206
omitted,transfer,forward,encoder_wrong_support,single,0.5,10,specimen_10,50,315,0.5,0.8454499443372091,1.046138368707486
omitted,transfer,forward,encoder_wrong_support,single,0.5,10,specimen_10,50,315,1.0,0.8513949116071066,0.8913709948689972
omitted,transfer,forward,encoder_wrong_support,single,0.5,57,specimen_57,30,45,0.5,0.4954250355561574,0.0970273247311562
omitted,transfer,forward,encoder_wrong_support,single,0.5,57,specimen_57,30,45,1.0,0.4967398444811503,0.04399621806615258
omitted,transfer,forward,encoder_wrong_support,single,0.5,57,specimen_57,30,90,1.0,0.5503791769345602,0.9128271804743986
omitted,transfer,forward,encoder_wrong_support,single,0.5,57,specimen_57,30,135,0.5,0.5746626456578573,0.08568094096707783
omitted,transfer,forward,encoder_wrong_support,single,0.5,57,specimen_57,30,135,1.0,0.5140743951002756,0.07096107898770328
omitted,transfer,forward,encoder_wrong_support,single,0.5,57,specimen_57,30,180,0.5,0.6329106688499451,0.33573907238433076
omitted,transfer,forward,encoder_wrong_support,single,0.5,57,specimen_57,30,180,1.0,0.5803357561429342,0.3294498470127977
omitted,transfer,forward,encoder_wrong_support,single,0.5,57,specimen_57,30,225,0.5,0.5133377412954966,0.24158285381330427
omitted,transfer,forward,encoder_wrong_support,single,0.5,57,specimen_57,30,225,1.0,0.5406031409899393,0.16076922047655615
omitted,transfer,forward,encoder_wrong_support,single,0.5,57,specimen_57,30,270,0.5,0.4968830446402232,1.903280692271305
omitted,transfer,forward,encoder_wrong_support,single,0.5,57,specimen_57,30,270,1.0,0.583457330862681,1.5557006030633762
omitted,transfer,forward,encoder_wrong_support,single,0.5,57,specimen_57,30,315,0.5,0.5638777613639832,0.04937942946046814
omitted,transfer,forward,encoder_wrong_support,single,0.5,57,specimen_57,30,315,1.0,0.5583627422650655,0.044449922503171736
omitted,transfer,forward,encoder_wrong_support,single,0.5,57,specimen_57,50,45,0.5,0.5651298761367798,1.605090643363227
omitted,transfer,forward,encoder_wrong_support,single,0.5,57,specimen_57,50,45,1.0,0.585700253645579,1.3265320530413303
omitted,transfer,forward,encoder_wrong_support,single,0.5,57,specimen_57,50,90,1.0,0.5120427409807841,1.785421484270163
omitted,transfer,forward,encoder_wrong_support,single,0.5,57,specimen_57,50,135,0.5,0.6208046674728394,1.509817364860967
omitted,transfer,forward,encoder_wrong_support,single,0.5,57,specimen_57,50,135,1.0,0.5999710957209269,1.2813647311627265
omitted,transfer,forward,encoder_wrong_support,single,0.5,57,specimen_57,50,180,0.5,0.8231088320414225,0.08005385142366665
omitted,transfer,forward,encoder_wrong_support,single,0.5,57,specimen_57,50,180,1.0,0.7511210640271505,0.07914534745810775
omitted,transfer,forward,encoder_wrong_support,single,0.5,57,specimen_57,50,225,0.5,0.586574653784434,1.2023082319407095
omitted,transfer,forward,encoder_wrong_support,single,0.5,57,specimen_57,50,225,1.0,0.6089839339256287,0.9739106918928693
omitted,transfer,forward,encoder_wrong_support,single,0.5,57,specimen_57,50,270,0.5,0.4571911593278249,1.5748279375815566
omitted,transfer,forward,encoder_wrong_support,single,0.5,57,specimen_57,50,270,1.0,0.51381516456604,1.3011644859205675
omitted,transfer,forward,encoder_wrong_support,single,0.5,57,specimen_57,50,315,0.5,0.5876272916793823,0.9712205453896434
omitted,transfer,forward,encoder_wrong_support,single,0.5,57,specimen_57,50,315,1.0,0.5805948774019877,0.8730110025728323
omitted,transfer,forward,fixed_features,direction,0.5,10,specimen_10,30,45,0.5,0.22220789598942603,0.3449595455956961
omitted,transfer,forward,fixed_features,direction,0.5,10,specimen_10,30,45,1.0,0.2567057946234281,0.4024192574250326
omitted,transfer,forward,fixed_features,direction,0.5,10,specimen_10,30,90,1.0,0.34473734820234075,0.8471742122305468
omitted,transfer,forward,fixed_features,direction,0.5,10,specimen_10,30,135,0.5,0.20953044396894108,0.3618239916406253
omitted,transfer,forward,fixed_features,direction,0.5,10,specimen_10,30,135,1.0,0.21353381512279634,0.3677089226613305
omitted,transfer,forward,fixed_features,direction,0.5,10,specimen_10,30,180,0.5,0.33415084578011306,0.05143426080674457
omitted,transfer,forward,fixed_features,direction,0.5,10,specimen_10,30,180,1.0,0.35292625465595145,0.03860818262237675
omitted,transfer,forward,fixed_features,direction,0.5,10,specimen_10,30,225,0.5,0.21952375045639375,0.25298129994998825
omitted,transfer,forward,fixed_features,direction,0.5,10,specimen_10,30,225,1.0,0.19829788965811843,0.11586513369456375
omitted,transfer,forward,fixed_features,direction,0.5,10,specimen_10,30,270,0.5,0.3936009480090776,0.8654997974900913
omitted,transfer,forward,fixed_features,direction,0.5,10,specimen_10,30,270,1.0,0.3060906825257754,0.430965864950575
omitted,transfer,forward,fixed_features,direction,0.5,10,specimen_10,30,315,0.5,0.22740799038598034,0.2700692868572492
omitted,transfer,forward,fixed_features,direction,0.5,10,specimen_10,30,315,1.0,0.22696143881444772,0.18832210508698088
omitted,transfer,forward,fixed_features,direction,0.5,10,specimen_10,50,45,0.5,0.3177146682992153,1.0569532343241683
omitted,transfer,forward,fixed_features,direction,0.5,10,specimen_10,50,45,1.0,0.2937386466889618,0.9303609203709664
omitted,transfer,forward,fixed_features,direction,0.5,10,specimen_10,50,90,1.0,0.36828239718234784,1.3121759152458394
omitted,transfer,forward,fixed_features,direction,0.5,10,specimen_10,50,135,0.5,0.35537185693233875,1.667705594120715
omitted,transfer,forward,fixed_features,direction,0.5,10,specimen_10,50,135,1.0,0.3007820732913738,0.8771659274609722
omitted,transfer,forward,fixed_features,direction,0.5,10,specimen_10,50,180,0.5,0.4555259490099665,0.2518075796150714
omitted,transfer,forward,fixed_features,direction,0.5,10,specimen_10,50,180,1.0,0.4640049530175281,0.3123147339204254
omitted,transfer,forward,fixed_features,direction,0.5,10,specimen_10,50,225,0.5,0.2985097351939879,0.9812099511892401
omitted,transfer,forward,fixed_features,direction,0.5,10,specimen_10,50,225,1.0,0.30039309879690745,0.865031230212773
omitted,transfer,forward,fixed_features,direction,0.5,10,specimen_10,50,270,0.5,0.344584502735843,1.1057476371788664
omitted,transfer,forward,fixed_features,direction,0.5,10,specimen_10,50,270,1.0,0.3475687619692191,0.9003513345537225
omitted,transfer,forward,fixed_features,direction,0.5,10,specimen_10,50,315,0.5,0.3170445911865773,0.5899744255919126
omitted,transfer,forward,fixed_features,direction,0.5,10,specimen_10,50,315,1.0,0.3120629756680576,0.4387337403166869
omitted,transfer,forward,fixed_features,direction,0.5,57,specimen_57,30,45,0.5,0.2561992234879089,0.2719793606862192
omitted,transfer,forward,fixed_features,direction,0.5,57,specimen_57,30,45,1.0,0.24139335404936527,0.23449020111371344
omitted,transfer,forward,fixed_features,direction,0.5,57,specimen_57,30,90,1.0,0.30885969894087156,1.1483231042441546
omitted,transfer,forward,fixed_features,direction,0.5,57,specimen_57,30,135,0.5,0.2649596879787351,0.31619769156852695
omitted,transfer,forward,fixed_features,direction,0.5,57,specimen_57,30,135,1.0,0.2620340703921941,0.30979773632080265
omitted,transfer,forward,fixed_features,direction,0.5,57,specimen_57,30,180,0.5,0.28459613116756904,0.12680807485604276
omitted,transfer,forward,fixed_features,direction,0.5,57,specimen_57,30,180,1.0,0.28860367114362573,0.1177537815616419
omitted,transfer,forward,fixed_features,direction,0.5,57,specimen_57,30,225,0.5,0.2350970294786036,0.44815303825747055
omitted,transfer,forward,fixed_features,direction,0.5,57,specimen_57,30,225,1.0,0.2865948317674523,0.3716369459587738
omitted,transfer,forward,fixed_features,direction,0.5,57,specimen_57,30,270,0.5,0.30008517320826805,2.110758276654298
omitted,transfer,forward,fixed_features,direction,0.5,57,specimen_57,30,270,1.0,0.323033920801119,1.7691576488439784
omitted,transfer,forward,fixed_features,direction,0.5,57,specimen_57,30,315,0.5,0.2763714969356608,0.21790543083965674
omitted,transfer,forward,fixed_features,direction,0.5,57,specimen_57,30,315,1.0,0.30550737991582216,0.21199925696606325
omitted,transfer,forward,fixed_features,direction,0.5,57,specimen_57,50,45,0.5,0.38683721894669,1.769025806310124
omitted,transfer,forward,fixed_features,direction,0.5,57,specimen_57,50,45,1.0,0.3767014032394361,1.5254352262904214
omitted,transfer,forward,fixed_features,direction,0.5,57,specimen_57,50,90,1.0,0.4260280797609175,2.068031506151954
omitted,transfer,forward,fixed_features,direction,0.5,57,specimen_57,50,135,0.5,0.39515731287842476,1.7631305835861286
omitted,transfer,forward,fixed_features,direction,0.5,57,specimen_57,50,135,1.0,0.37742981793165375,1.5513800215145144
omitted,transfer,forward,fixed_features,direction,0.5,57,specimen_57,50,180,0.5,0.4543285355730727,0.1058802010694544
omitted,transfer,forward,fixed_features,direction,0.5,57,specimen_57,50,180,1.0,0.39879673689374123,0.14221984216643435
omitted,transfer,forward,fixed_features,direction,0.5,57,specimen_57,50,225,0.5,0.3748608260452518,1.3818472201579417
omitted,transfer,forward,fixed_features,direction,0.5,57,specimen_57,50,225,1.0,0.37728933424117655,1.164360321916873
omitted,transfer,forward,fixed_features,direction,0.5,57,specimen_57,50,270,0.5,0.42820640558567397,1.7524652747383822
omitted,transfer,forward,fixed_features,direction,0.5,57,specimen_57,50,270,1.0,0.4146371909100142,1.4993029303979681
omitted,transfer,forward,fixed_features,direction,0.5,57,specimen_57,50,315,0.5,0.3307879246967405,1.1054175417248298
omitted,transfer,forward,fixed_features,direction,0.5,57,specimen_57,50,315,1.0,0.3234281225259501,1.0330987980961273
omitted,transfer,forward,fixed_features,repeat,0.5,10,specimen_10,30,45,0.5,0.22320059500517994,0.32771637877402915
omitted,transfer,forward,fixed_features,repeat,0.5,10,specimen_10,30,45,1.0,0.26333448062419074,0.38487513060043854
omitted,transfer,forward,fixed_features,repeat,0.5,10,specimen_10,30,90,1.0,0.3562097890424409,0.8303143862368106
omitted,transfer,forward,fixed_features,repeat,0.5,10,specimen_10,30,135,0.5,0.2034851422982522,0.3472540385916154
omitted,transfer,forward,fixed_features,repeat,0.5,10,specimen_10,30,135,1.0,0.2101851240372282,0.3524327882881797
omitted,transfer,forward,fixed_features,repeat,0.5,10,specimen_10,30,180,0.5,0.32480234693809257,0.06449822640706987
omitted,transfer,forward,fixed_features,repeat,0.5,10,specimen_10,30,180,1.0,0.33977265232583553,0.024944873906076026
omitted,transfer,forward,fixed_features,repeat,0.5,10,specimen_10,30,225,0.5,0.22102682795763107,0.24032448282121888
omitted,transfer,forward,fixed_features,repeat,0.5,10,specimen_10,30,225,1.0,0.21134404768989168,0.10279784086088672
omitted,transfer,forward,fixed_features,repeat,0.5,10,specimen_10,30,270,0.5,0.406401817256609,0.8518354890395459
omitted,transfer,forward,fixed_features,repeat,0.5,10,specimen_10,30,270,1.0,0.31658048324057236,0.41709967081723753
omitted,transfer,forward,fixed_features,repeat,0.5,10,specimen_10,30,315,0.5,0.21284114597188908,0.2545609889920014
omitted,transfer,forward,fixed_features,repeat,0.5,10,specimen_10,30,315,1.0,0.21993648205798585,0.17278671157577974
omitted,transfer,forward,fixed_features,repeat,0.5,10,specimen_10,50,45,0.5,0.3080001515970068,1.0291808128458546
omitted,transfer,forward,fixed_features,repeat,0.5,10,specimen_10,50,45,1.0,0.2762416882570975,0.901925204249723
omitted,transfer,forward,fixed_features,repeat,0.5,10,specimen_10,50,90,1.0,0.37445475520261096,1.284970997457651
omitted,transfer,forward,fixed_features,repeat,0.5,10,specimen_10,50,135,0.5,0.3375840820328245,1.6442754258832375
omitted,transfer,forward,fixed_features,repeat,0.5,10,specimen_10,50,135,1.0,0.2872592608994342,0.8525804104571355
omitted,transfer,forward,fixed_features,repeat,0.5,10,specimen_10,50,180,0.5,0.44731174076508884,0.2306841937486973
omitted,transfer,forward,fixed_features,repeat,0.5,10,specimen_10,50,180,1.0,0.4511763755372155,0.290183011724366
omitted,transfer,forward,fixed_features,repeat,0.5,10,specimen_10,50,225,0.5,0.2875374919196614,0.9605372325287979
omitted,transfer,forward,fixed_features,repeat,0.5,10,specimen_10,50,225,1.0,0.28491541783479524,0.8435817338899801
omitted,transfer,forward,fixed_features,repeat,0.5,10,specimen_10,50,270,0.5,0.3507854410501227,1.0833744583548164
omitted,transfer,forward,fixed_features,repeat,0.5,10,specimen_10,50,270,1.0,0.3510953288281886,0.8774410434617292
omitted,transfer,forward,fixed_features,repeat,0.5,10,specimen_10,50,315,0.5,0.2928686110211666,0.5648076609805874
omitted,transfer,forward,fixed_features,repeat,0.5,10,specimen_10,50,315,1.0,0.28884829104207904,0.4132398438444077
omitted,transfer,forward,fixed_features,repeat,0.5,57,specimen_57,30,45,0.5,0.26772147289711157,0.2997544296479858
omitted,transfer,forward,fixed_features,repeat,0.5,57,specimen_57,30,45,1.0,0.23875827800680124,0.26419473283577066
omitted,transfer,forward,fixed_features,repeat,0.5,57,specimen_57,30,90,1.0,0.30926085838534,1.1781698387638957
omitted,transfer,forward,fixed_features,repeat,0.5,57,specimen_57,30,135,0.5,0.25750512050639424,0.34237549683253055
omitted,transfer,forward,fixed_features,repeat,0.5,57,specimen_57,30,135,1.0,0.2682115051558072,0.3382779351571697
omitted,transfer,forward,fixed_features,repeat,0.5,57,specimen_57,30,180,0.5,0.2705529185860185,0.10258795370484894
omitted,transfer,forward,fixed_features,repeat,0.5,57,specimen_57,30,180,1.0,0.27283431878889103,0.0915011277782179
omitted,transfer,forward,fixed_features,repeat,0.5,57,specimen_57,30,225,0.5,0.2540274630940527,0.4715784344533844
omitted,transfer,forward,fixed_features,repeat,0.5,57,specimen_57,30,225,1.0,0.2817561126650205,0.39682299631772583
omitted,transfer,forward,fixed_features,repeat,0.5,57,specimen_57,30,270,0.5,0.34544806799050515,2.1351964807527883
omitted,transfer,forward,fixed_features,repeat,0.5,57,specimen_57,30,270,1.0,0.328593879663755,1.7951354726819166
omitted,transfer,forward,fixed_features,repeat,0.5,57,specimen_57,30,315,0.5,0.27503408572695154,0.24413705351910703
omitted,transfer,forward,fixed_features,repeat,0.5,57,specimen_57,30,315,1.0,0.3108556510608505,0.23961308797566677
omitted,transfer,forward,fixed_features,repeat,0.5,57,specimen_57,50,45,0.5,0.40086688041619367,1.8150892133341832
omitted,transfer,forward,fixed_features,repeat,0.5,57,specimen_57,50,45,1.0,0.3755765637457307,1.57482823847415
omitted,transfer,forward,fixed_features,repeat,0.5,57,specimen_57,50,90,1.0,0.4706515153907674,2.1179920306211484
omitted,transfer,forward,fixed_features,repeat,0.5,57,specimen_57,50,135,0.5,0.40875766575801115,1.8075621669223974
omitted,transfer,forward,fixed_features,repeat,0.5,57,specimen_57,50,135,1.0,0.3922688905047799,1.5995923988491818
omitted,transfer,forward,fixed_features,repeat,0.5,57,specimen_57,50,180,0.5,0.3958694501274069,0.14758258798498158
omitted,transfer,forward,fixed_features,repeat,0.5,57,specimen_57,50,180,1.0,0.3543897724381199,0.18723698705804193
omitted,transfer,forward,fixed_features,repeat,0.5,57,specimen_57,50,225,0.5,0.3981404227091341,1.4225355877221169
omitted,transfer,forward,fixed_features,repeat,0.5,57,specimen_57,50,225,1.0,0.3794058731589081,1.2079219707329678
omitted,transfer,forward,fixed_features,repeat,0.5,57,specimen_57,50,270,0.5,0.47788549568141664,1.7947162238747596
omitted,transfer,forward,fixed_features,repeat,0.5,57,specimen_57,50,270,1.0,0.4470496701526456,1.544143463452311
omitted,transfer,forward,fixed_features,repeat,0.5,57,specimen_57,50,315,0.5,0.33399955527873715,1.1499002873209205
omitted,transfer,forward,fixed_features,repeat,0.5,57,specimen_57,50,315,1.0,0.31758096957376397,1.0800421301702836
omitted,transfer,forward,fixed_features,single,0.5,10,specimen_10,30,45,0.5,0.23198803211353827,0.34131612052088234
omitted,transfer,forward,fixed_features,single,0.5,10,specimen_10,30,45,1.0,0.27984538608471166,0.39671013760755236
omitted,transfer,forward,fixed_features,single,0.5,10,specimen_10,30,90,1.0,0.36645330752327226,0.8397570903540189
omitted,transfer,forward,fixed_features,single,0.5,10,specimen_10,30,135,0.5,0.2031622447527619,0.3555780170467836
omitted,transfer,forward,fixed_features,single,0.5,10,specimen_10,30,135,1.0,0.2131131302376935,0.3598133738478322
omitted,transfer,forward,fixed_features,single,0.5,10,specimen_10,30,180,0.5,0.31635238175810215,0.05731777266558652
omitted,transfer,forward,fixed_features,single,0.5,10,specimen_10,30,180,1.0,0.3319677289005196,0.031267175555852345
omitted,transfer,forward,fixed_features,single,0.5,10,specimen_10,30,225,0.5,0.2213549745862623,0.24794090043797595
omitted,transfer,forward,fixed_features,single,0.5,10,specimen_10,30,225,1.0,0.2193091069139191,0.10941561711197745
omitted,transfer,forward,fixed_features,single,0.5,10,specimen_10,30,270,0.5,0.4149416892184537,0.8615425405339096
omitted,transfer,forward,fixed_features,single,0.5,10,specimen_10,30,270,1.0,0.32677918046521903,0.4255002221810722
omitted,transfer,forward,fixed_features,single,0.5,10,specimen_10,30,315,0.5,0.20928830049496164,0.26729723230204816
omitted,transfer,forward,fixed_features,single,0.5,10,specimen_10,30,315,1.0,0.21699977113044597,0.1838276769386179
omitted,transfer,forward,fixed_features,single,0.5,10,specimen_10,50,45,0.5,0.3150912759736002,1.0503907240869197
omitted,transfer,forward,fixed_features,single,0.5,10,specimen_10,50,45,1.0,0.2803414819615855,0.9208630539021605
omitted,transfer,forward,fixed_features,single,0.5,10,specimen_10,50,90,1.0,0.3826830963597739,1.3001469188761374
omitted,transfer,forward,fixed_features,single,0.5,10,specimen_10,50,135,0.5,0.3398202820229557,1.6575128417389706
omitted,transfer,forward,fixed_features,single,0.5,10,specimen_10,50,135,1.0,0.2802192521542846,0.8646394735817635
omitted,transfer,forward,fixed_features,single,0.5,10,specimen_10,50,180,0.5,0.44242802258459846,0.24246240724389068
omitted,transfer,forward,fixed_features,single,0.5,10,specimen_10,50,180,1.0,0.44397869604008805,0.300910108082848
omitted,transfer,forward,fixed_features,single,0.5,10,specimen_10,50,225,0.5,0.28960266625024156,0.9733732238383652
omitted,transfer,forward,fixed_features,single,0.5,10,specimen_10,50,225,1.0,0.2827916365031114,0.8552053465345356
omitted,transfer,forward,fixed_features,single,0.5,10,specimen_10,50,270,0.5,0.3548378130737553,1.0995725828506335
omitted,transfer,forward,fixed_features,single,0.5,10,specimen_10,50,270,1.0,0.35537825330717515,0.8920500411286786
omitted,transfer,forward,fixed_features,single,0.5,10,specimen_10,50,315,0.5,0.2829251674385657,0.5853495252050755
omitted,transfer,forward,fixed_features,single,0.5,10,specimen_10,50,315,1.0,0.2823273324279492,0.4316763620575844
omitted,transfer,forward,fixed_features,single,0.5,57,specimen_57,30,45,0.5,0.25716911285999294,0.2863131088959411
omitted,transfer,forward,fixed_features,single,0.5,57,specimen_57,30,45,1.0,0.23692901105917832,0.2502082696074942
omitted,transfer,forward,fixed_features,single,0.5,57,specimen_57,30,90,1.0,0.3108134710541501,1.1643904086781887
omitted,transfer,forward,fixed_features,single,0.5,57,specimen_57,30,135,0.5,0.2581133779382762,0.33023002644743393
omitted,transfer,forward,fixed_features,single,0.5,57,specimen_57,30,135,1.0,0.2599501161146793,0.32531456365950173
omitted,transfer,forward,fixed_features,single,0.5,57,specimen_57,30,180,0.5,0.26795562003507245,0.1137629216910184
omitted,transfer,forward,fixed_features,single,0.5,57,specimen_57,30,180,1.0,0.26993864638921794,0.1033979578244415
omitted,transfer,forward,fixed_features,single,0.5,57,specimen_57,30,225,0.5,0.23877149997464212,0.4607731148859421
omitted,transfer,forward,fixed_features,single,0.5,57,specimen_57,30,225,1.0,0.27869005909561195,0.3854496230352124
omitted,transfer,forward,fixed_features,single,0.5,57,specimen_57,30,270,0.5,0.32112881773084045,2.123785042933681
omitted,transfer,forward,fixed_features,single,0.5,57,specimen_57,30,270,1.0,0.32567987055026265,1.7833214801660295
omitted,transfer,forward,fixed_features,single,0.5,57,specimen_57,30,315,0.5,0.27132618799491853,0.23156743303186167
omitted,transfer,forward,fixed_features,single,0.5,57,specimen_57,30,315,1.0,0.30075636289762314,0.22675932836955448
omitted,transfer,forward,fixed_features,single,0.5,57,specimen_57,50,45,0.5,0.3906111884216714,1.7932847039808015
omitted,transfer,forward,fixed_features,single,0.5,57,specimen_57,50,45,1.0,0.37675812474422443,1.552036909426716
omitted,transfer,forward,fixed_features,single,0.5,57,specimen_57,50,90,1.0,0.4447235909704161,2.095369589958101
omitted,transfer,forward,fixed_features,single,0.5,57,specimen_57,50,135,0.5,0.40133522953542816,1.7874299680326713
omitted,transfer,forward,fixed_features,single,0.5,57,specimen_57,50,135,1.0,0.3863361285995208,1.5781324453961973
omitted,transfer,forward,fixed_features,single,0.5,57,specimen_57,50,180,0.5,0.42747429838032364,0.1288959668085744
omitted,transfer,forward,fixed_features,single,0.5,57,specimen_57,50,180,1.0,0.37600312976551636,0.1673817963489228
omitted,transfer,forward,fixed_features,single,0.5,57,specimen_57,50,225,0.5,0.38537112622410424,1.404437066621091
omitted,transfer,forward,fixed_features,single,0.5,57,specimen_57,50,225,1.0,0.38194930568275137,1.1888791087259003
omitted,transfer,forward,fixed_features,single,0.5,57,specimen_57,50,270,0.5,0.4488932798825444,1.7757986601390443
omitted,transfer,forward,fixed_features,single,0.5,57,specimen_57,50,270,1.0,0.4260658897446497,1.5244964051686862
omitted,transfer,forward,fixed_features,single,0.5,57,specimen_57,50,315,0.5,0.3324515514117357,1.1294131407653336
omitted,transfer,forward,fixed_features,single,0.5,57,specimen_57,50,315,1.0,0.31840915485251503,1.0589609029060352
omitted,transfer,forward,retrieval,direction,0.5,10,specimen_10,30,45,0.5,0.21997858598830797,0.27943769961014364
omitted,transfer,forward,retrieval,direction,0.5,10,specimen_10,30,45,1.0,0.24771677147388424,0.38110044742839
omitted,transfer,forward,retrieval,direction,0.5,10,specimen_10,30,90,1.0,0.30245467553948047,0.43121749862826664
omitted,transfer,forward,retrieval,direction,0.5,10,specimen_10,30,135,0.5,0.22641249741396896,0.12565620181950465
omitted,transfer,forward,retrieval,direction,0.5,10,specimen_10,30,135,1.0,0.18579988279248738,0.12836704227602935
omitted,transfer,forward,retrieval,direction,0.5,10,specimen_10,30,180,0.5,0.19627423914134692,0.11294685875606009
omitted,transfer,forward,retrieval,direction,0.5,10,specimen_10,30,180,1.0,0.21315877953299509,0.046349948954955256
omitted,transfer,forward,retrieval,direction,0.5,10,specimen_10,30,225,0.5,0.23357250166347632,0.01464579794435672
omitted,transfer,forward,retrieval,direction,0.5,10,specimen_10,30,225,1.0,0.23794443241645982,0.11420276696310283
omitted,transfer,forward,retrieval,direction,0.5,10,specimen_10,30,270,0.5,0.42098942603854006,0.5098058047687801
omitted,transfer,forward,retrieval,direction,0.5,10,specimen_10,30,270,1.0,0.2909915693084337,0.1549373681888253
omitted,transfer,forward,retrieval,direction,0.5,10,specimen_10,30,315,0.5,0.27838840054501746,0.11608659574965485
omitted,transfer,forward,retrieval,direction,0.5,10,specimen_10,30,315,1.0,0.2565914100193475,0.009677680250848808
omitted,transfer,forward,retrieval,direction,0.5,10,specimen_10,50,45,0.5,0.3349260222417097,0.9839372930081351
omitted,transfer,forward,retrieval,direction,0.5,10,specimen_10,50,45,1.0,0.29859343091837215,0.9130374945189978
omitted,transfer,forward,retrieval,direction,0.5,10,specimen_10,50,90,1.0,0.2678490798469125,0.6258354709941603
omitted,transfer,forward,retrieval,direction,0.5,10,specimen_10,50,135,0.5,0.3074502423481003,1.3535653274663264
omitted,transfer,forward,retrieval,direction,0.5,10,specimen_10,50,135,1.0,0.28840626932541785,0.5282853987624261
omitted,transfer,forward,retrieval,direction,0.5,10,specimen_10,50,180,0.5,0.23368940864434432,0.44565124950883694
omitted,transfer,forward,retrieval,direction,0.5,10,specimen_10,50,180,1.0,0.25063470200962984,0.4435873068983782
omitted,transfer,forward,retrieval,direction,0.5,10,specimen_10,50,225,0.5,0.297116816070299,0.8552183339167099
omitted,transfer,forward,retrieval,direction,0.5,10,specimen_10,50,225,1.0,0.277507764231608,0.8256725520420187
omitted,transfer,forward,retrieval,direction,0.5,10,specimen_10,50,270,0.5,0.35212917954076367,0.5474756249905199
omitted,transfer,forward,retrieval,direction,0.5,10,specimen_10,50,270,1.0,0.2871866083753769,0.5161307244912356
omitted,transfer,forward,retrieval,direction,0.5,10,specimen_10,50,315,0.5,0.2924859466273939,0.5240850011710976
omitted,transfer,forward,retrieval,direction,0.5,10,specimen_10,50,315,1.0,0.2956380363105456,0.4356771593547717
omitted,transfer,forward,retrieval,direction,0.5,57,specimen_57,30,45,0.5,0.31448053443530544,0.14795368620511673
omitted,transfer,forward,retrieval,direction,0.5,57,specimen_57,30,45,1.0,0.3079472297894063,0.11134462199964357
omitted,transfer,forward,retrieval,direction,0.5,57,specimen_57,30,90,1.0,0.4208523309117385,0.672696789780944
omitted,transfer,forward,retrieval,direction,0.5,57,specimen_57,30,135,0.5,0.32091011757353277,0.1022406228133037
omitted,transfer,forward,retrieval,direction,0.5,57,specimen_57,30,135,1.0,0.32719130171625876,0.12560815328911257
omitted,transfer,forward,retrieval,direction,0.5,57,specimen_57,30,180,0.5,0.21817181150462797,0.006375777011837752
omitted,transfer,forward,retrieval,direction,0.5,57,specimen_57,30,180,1.0,0.2636894107633672,0.00519639041529274
omitted,transfer,forward,retrieval,direction,0.5,57,specimen_57,30,225,0.5,0.29980298553152396,0.197873113495164
omitted,transfer,forward,retrieval,direction,0.5,57,specimen_57,30,225,1.0,0.3144635657419656,0.15934814772217554
omitted,transfer,forward,retrieval,direction,0.5,57,specimen_57,30,270,0.5,0.38407282808216553,1.6464164047003091
omitted,transfer,forward,retrieval,direction,0.5,57,specimen_57,30,270,1.0,0.4410194364929165,1.2959161181579522
omitted,transfer,forward,retrieval,direction,0.5,57,specimen_57,30,315,0.5,0.34388131904431996,0.14423278917711635
omitted,transfer,forward,retrieval,direction,0.5,57,specimen_57,30,315,1.0,0.3454357691574234,0.07496549991511114
omitted,transfer,forward,retrieval,direction,0.5,57,specimen_57,50,45,0.5,0.3969453217470435,1.688734554743942
omitted,transfer,forward,retrieval,direction,0.5,57,specimen_57,50,45,1.0,0.40934013383541035,1.509307419009834
omitted,transfer,forward,retrieval,direction,0.5,57,specimen_57,50,90,1.0,0.3848533631692607,1.4339297864631804
omitted,transfer,forward,retrieval,direction,0.5,57,specimen_57,50,135,0.5,0.3951417772709081,1.4122168344884658
omitted,transfer,forward,retrieval,direction,0.5,57,specimen_57,50,135,1.0,0.379509424203647,1.3192656362325683
omitted,transfer,forward,retrieval,direction,0.5,57,specimen_57,50,180,0.5,0.309972069458841,0.42635276798235955
omitted,transfer,forward,retrieval,direction,0.5,57,specimen_57,50,180,1.0,0.2724942719176403,0.4479096187623525
omitted,transfer,forward,retrieval,direction,0.5,57,specimen_57,50,225,0.5,0.3944720047477177,1.0594681168599553
omitted,transfer,forward,retrieval,direction,0.5,57,specimen_57,50,225,1.0,0.3896043048258433,0.8991481281968918
omitted,transfer,forward,retrieval,direction,0.5,57,specimen_57,50,270,0.5,0.3734134092640798,1.1176949657542359
omitted,transfer,forward,retrieval,direction,0.5,57,specimen_57,50,270,1.0,0.39761742696392705,0.9131069970712191
omitted,transfer,forward,retrieval,direction,0.5,57,specimen_57,50,315,0.5,0.3713021022371164,0.8598520418458311
omitted,transfer,forward,retrieval,direction,0.5,57,specimen_57,50,315,1.0,0.34833410794590763,0.7617905358356349
omitted,transfer,forward,retrieval,repeat,0.5,10,specimen_10,30,45,0.5,0.21997858598830797,0.27943769961014364
omitted,transfer,forward,retrieval,repeat,0.5,10,specimen_10,30,45,1.0,0.24771677147388424,0.38110044742839
omitted,transfer,forward,retrieval,repeat,0.5,10,specimen_10,30,90,1.0,0.30245467553948047,0.43121749862826664
omitted,transfer,forward,retrieval,repeat,0.5,10,specimen_10,30,135,0.5,0.22641249741396896,0.12565620181950465
omitted,transfer,forward,retrieval,repeat,0.5,10,specimen_10,30,135,1.0,0.18579988279248738,0.12836704227602935
omitted,transfer,forward,retrieval,repeat,0.5,10,specimen_10,30,180,0.5,0.19627423914134692,0.11294685875606009
omitted,transfer,forward,retrieval,repeat,0.5,10,specimen_10,30,180,1.0,0.21315877953299509,0.046349948954955256
omitted,transfer,forward,retrieval,repeat,0.5,10,specimen_10,30,225,0.5,0.23357250166347632,0.01464579794435672
omitted,transfer,forward,retrieval,repeat,0.5,10,specimen_10,30,225,1.0,0.23794443241645982,0.11420276696310283
omitted,transfer,forward,retrieval,repeat,0.5,10,specimen_10,30,270,0.5,0.42098942603854006,0.5098058047687801
omitted,transfer,forward,retrieval,repeat,0.5,10,specimen_10,30,270,1.0,0.2909915693084337,0.1549373681888253
omitted,transfer,forward,retrieval,repeat,0.5,10,specimen_10,30,315,0.5,0.27838840054501746,0.11608659574965485
omitted,transfer,forward,retrieval,repeat,0.5,10,specimen_10,30,315,1.0,0.2565914100193475,0.009677680250848808
omitted,transfer,forward,retrieval,repeat,0.5,10,specimen_10,50,45,0.5,0.3349260222417097,0.9839372930081351
omitted,transfer,forward,retrieval,repeat,0.5,10,specimen_10,50,45,1.0,0.29859343091837215,0.9130374945189978
omitted,transfer,forward,retrieval,repeat,0.5,10,specimen_10,50,90,1.0,0.2678490798469125,0.6258354709941603
omitted,transfer,forward,retrieval,repeat,0.5,10,specimen_10,50,135,0.5,0.3074502423481003,1.3535653274663264
omitted,transfer,forward,retrieval,repeat,0.5,10,specimen_10,50,135,1.0,0.28840626932541785,0.5282853987624261
omitted,transfer,forward,retrieval,repeat,0.5,10,specimen_10,50,180,0.5,0.23368940864434432,0.44565124950883694
omitted,transfer,forward,retrieval,repeat,0.5,10,specimen_10,50,180,1.0,0.25063470200962984,0.4435873068983782
omitted,transfer,forward,retrieval,repeat,0.5,10,specimen_10,50,225,0.5,0.297116816070299,0.8552183339167099
omitted,transfer,forward,retrieval,repeat,0.5,10,specimen_10,50,225,1.0,0.277507764231608,0.8256725520420187
omitted,transfer,forward,retrieval,repeat,0.5,10,specimen_10,50,270,0.5,0.35212917954076367,0.5474756249905199
omitted,transfer,forward,retrieval,repeat,0.5,10,specimen_10,50,270,1.0,0.2871866083753769,0.5161307244912356
omitted,transfer,forward,retrieval,repeat,0.5,10,specimen_10,50,315,0.5,0.2924859466273939,0.5240850011710976
omitted,transfer,forward,retrieval,repeat,0.5,10,specimen_10,50,315,1.0,0.2956380363105456,0.4356771593547717
omitted,transfer,forward,retrieval,repeat,0.5,57,specimen_57,30,45,0.5,0.31448053443530544,0.14795368620511673
omitted,transfer,forward,retrieval,repeat,0.5,57,specimen_57,30,45,1.0,0.3079472297894063,0.11134462199964357
omitted,transfer,forward,retrieval,repeat,0.5,57,specimen_57,30,90,1.0,0.4208523309117385,0.672696789780944
omitted,transfer,forward,retrieval,repeat,0.5,57,specimen_57,30,135,0.5,0.32091011757353277,0.1022406228133037
omitted,transfer,forward,retrieval,repeat,0.5,57,specimen_57,30,135,1.0,0.32719130171625876,0.12560815328911257
omitted,transfer,forward,retrieval,repeat,0.5,57,specimen_57,30,180,0.5,0.21817181150462797,0.006375777011837752
omitted,transfer,forward,retrieval,repeat,0.5,57,specimen_57,30,180,1.0,0.2636894107633672,0.00519639041529274
omitted,transfer,forward,retrieval,repeat,0.5,57,specimen_57,30,225,0.5,0.29980298553152396,0.197873113495164
omitted,transfer,forward,retrieval,repeat,0.5,57,specimen_57,30,225,1.0,0.3144635657419656,0.15934814772217554
omitted,transfer,forward,retrieval,repeat,0.5,57,specimen_57,30,270,0.5,0.38407282808216553,1.6464164047003091
omitted,transfer,forward,retrieval,repeat,0.5,57,specimen_57,30,270,1.0,0.4410194364929165,1.2959161181579522
omitted,transfer,forward,retrieval,repeat,0.5,57,specimen_57,30,315,0.5,0.34388131904431996,0.14423278917711635
omitted,transfer,forward,retrieval,repeat,0.5,57,specimen_57,30,315,1.0,0.3454357691574234,0.07496549991511114
omitted,transfer,forward,retrieval,repeat,0.5,57,specimen_57,50,45,0.5,0.3969453217470435,1.688734554743942
omitted,transfer,forward,retrieval,repeat,0.5,57,specimen_57,50,45,1.0,0.40934013383541035,1.509307419009834
omitted,transfer,forward,retrieval,repeat,0.5,57,specimen_57,50,90,1.0,0.3848533631692607,1.4339297864631804
omitted,transfer,forward,retrieval,repeat,0.5,57,specimen_57,50,135,0.5,0.3951417772709081,1.4122168344884658
omitted,transfer,forward,retrieval,repeat,0.5,57,specimen_57,50,135,1.0,0.379509424203647,1.3192656362325683
omitted,transfer,forward,retrieval,repeat,0.5,57,specimen_57,50,180,0.5,0.309972069458841,0.42635276798235955
omitted,transfer,forward,retrieval,repeat,0.5,57,specimen_57,50,180,1.0,0.2724942719176403,0.4479096187623525
omitted,transfer,forward,retrieval,repeat,0.5,57,specimen_57,50,225,0.5,0.3944720047477177,1.0594681168599553
omitted,transfer,forward,retrieval,repeat,0.5,57,specimen_57,50,225,1.0,0.3896043048258433,0.8991481281968918
omitted,transfer,forward,retrieval,repeat,0.5,57,specimen_57,50,270,0.5,0.3734134092640798,1.1176949657542359
omitted,transfer,forward,retrieval,repeat,0.5,57,specimen_57,50,270,1.0,0.39761742696392705,0.9131069970712191
omitted,transfer,forward,retrieval,repeat,0.5,57,specimen_57,50,315,0.5,0.3713021022371164,0.8598520418458311
omitted,transfer,forward,retrieval,repeat,0.5,57,specimen_57,50,315,1.0,0.34833410794590763,0.7617905358356349
omitted,transfer,forward,retrieval,single,0.5,10,specimen_10,30,45,0.5,0.21997858598830797,0.27943769961014364
omitted,transfer,forward,retrieval,single,0.5,10,specimen_10,30,45,1.0,0.24771677147388424,0.38110044742839
omitted,transfer,forward,retrieval,single,0.5,10,specimen_10,30,90,1.0,0.30245467553948047,0.43121749862826664
omitted,transfer,forward,retrieval,single,0.5,10,specimen_10,30,135,0.5,0.22641249741396896,0.12565620181950465
omitted,transfer,forward,retrieval,single,0.5,10,specimen_10,30,135,1.0,0.18579988279248738,0.12836704227602935
omitted,transfer,forward,retrieval,single,0.5,10,specimen_10,30,180,0.5,0.19627423914134692,0.11294685875606009
omitted,transfer,forward,retrieval,single,0.5,10,specimen_10,30,180,1.0,0.21315877953299509,0.046349948954955256
omitted,transfer,forward,retrieval,single,0.5,10,specimen_10,30,225,0.5,0.23357250166347632,0.01464579794435672
omitted,transfer,forward,retrieval,single,0.5,10,specimen_10,30,225,1.0,0.23794443241645982,0.11420276696310283
omitted,transfer,forward,retrieval,single,0.5,10,specimen_10,30,270,0.5,0.42098942603854006,0.5098058047687801
omitted,transfer,forward,retrieval,single,0.5,10,specimen_10,30,270,1.0,0.2909915693084337,0.1549373681888253
omitted,transfer,forward,retrieval,single,0.5,10,specimen_10,30,315,0.5,0.27838840054501746,0.11608659574965485
omitted,transfer,forward,retrieval,single,0.5,10,specimen_10,30,315,1.0,0.2565914100193475,0.009677680250848808
omitted,transfer,forward,retrieval,single,0.5,10,specimen_10,50,45,0.5,0.3349260222417097,0.9839372930081351
omitted,transfer,forward,retrieval,single,0.5,10,specimen_10,50,45,1.0,0.29859343091837215,0.9130374945189978
omitted,transfer,forward,retrieval,single,0.5,10,specimen_10,50,90,1.0,0.2678490798469125,0.6258354709941603
omitted,transfer,forward,retrieval,single,0.5,10,specimen_10,50,135,0.5,0.3074502423481003,1.3535653274663264
omitted,transfer,forward,retrieval,single,0.5,10,specimen_10,50,135,1.0,0.28840626932541785,0.5282853987624261
omitted,transfer,forward,retrieval,single,0.5,10,specimen_10,50,180,0.5,0.23368940864434432,0.44565124950883694
omitted,transfer,forward,retrieval,single,0.5,10,specimen_10,50,180,1.0,0.25063470200962984,0.4435873068983782
omitted,transfer,forward,retrieval,single,0.5,10,specimen_10,50,225,0.5,0.297116816070299,0.8552183339167099
omitted,transfer,forward,retrieval,single,0.5,10,specimen_10,50,225,1.0,0.277507764231608,0.8256725520420187
omitted,transfer,forward,retrieval,single,0.5,10,specimen_10,50,270,0.5,0.35212917954076367,0.5474756249905199
omitted,transfer,forward,retrieval,single,0.5,10,specimen_10,50,270,1.0,0.2871866083753769,0.5161307244912356
omitted,transfer,forward,retrieval,single,0.5,10,specimen_10,50,315,0.5,0.2924859466273939,0.5240850011710976
omitted,transfer,forward,retrieval,single,0.5,10,specimen_10,50,315,1.0,0.2956380363105456,0.4356771593547717
omitted,transfer,forward,retrieval,single,0.5,57,specimen_57,30,45,0.5,0.31448053443530544,0.14795368620511673
omitted,transfer,forward,retrieval,single,0.5,57,specimen_57,30,45,1.0,0.3079472297894063,0.11134462199964357
omitted,transfer,forward,retrieval,single,0.5,57,specimen_57,30,90,1.0,0.4208523309117385,0.672696789780944
omitted,transfer,forward,retrieval,single,0.5,57,specimen_57,30,135,0.5,0.32091011757353277,0.1022406228133037
omitted,transfer,forward,retrieval,single,0.5,57,specimen_57,30,135,1.0,0.32719130171625876,0.12560815328911257
omitted,transfer,forward,retrieval,single,0.5,57,specimen_57,30,180,0.5,0.21817181150462797,0.006375777011837752
omitted,transfer,forward,retrieval,single,0.5,57,specimen_57,30,180,1.0,0.2636894107633672,0.00519639041529274
omitted,transfer,forward,retrieval,single,0.5,57,specimen_57,30,225,0.5,0.29980298553152396,0.197873113495164
omitted,transfer,forward,retrieval,single,0.5,57,specimen_57,30,225,1.0,0.3144635657419656,0.15934814772217554
omitted,transfer,forward,retrieval,single,0.5,57,specimen_57,30,270,0.5,0.38407282808216553,1.6464164047003091
omitted,transfer,forward,retrieval,single,0.5,57,specimen_57,30,270,1.0,0.4410194364929165,1.2959161181579522
omitted,transfer,forward,retrieval,single,0.5,57,specimen_57,30,315,0.5,0.34388131904431996,0.14423278917711635
omitted,transfer,forward,retrieval,single,0.5,57,specimen_57,30,315,1.0,0.3454357691574234,0.07496549991511114
omitted,transfer,forward,retrieval,single,0.5,57,specimen_57,50,45,0.5,0.3969453217470435,1.688734554743942
omitted,transfer,forward,retrieval,single,0.5,57,specimen_57,50,45,1.0,0.40934013383541035,1.509307419009834
omitted,transfer,forward,retrieval,single,0.5,57,specimen_57,50,90,1.0,0.3848533631692607,1.4339297864631804
omitted,transfer,forward,retrieval,single,0.5,57,specimen_57,50,135,0.5,0.3951417772709081,1.4122168344884658
omitted,transfer,forward,retrieval,single,0.5,57,specimen_57,50,135,1.0,0.379509424203647,1.3192656362325683
omitted,transfer,forward,retrieval,single,0.5,57,specimen_57,50,180,0.5,0.309972069458841,0.42635276798235955
omitted,transfer,forward,retrieval,single,0.5,57,specimen_57,50,180,1.0,0.2724942719176403,0.4479096187623525
omitted,transfer,forward,retrieval,single,0.5,57,specimen_57,50,225,0.5,0.3944720047477177,1.0594681168599553
omitted,transfer,forward,retrieval,single,0.5,57,specimen_57,50,225,1.0,0.3896043048258433,0.8991481281968918
omitted,transfer,forward,retrieval,single,0.5,57,specimen_57,50,270,0.5,0.3734134092640798,1.1176949657542359
omitted,transfer,forward,retrieval,single,0.5,57,specimen_57,50,270,1.0,0.39761742696392705,0.9131069970712191
omitted,transfer,forward,retrieval,single,0.5,57,specimen_57,50,315,0.5,0.3713021022371164,0.8598520418458311
omitted,transfer,forward,retrieval,single,0.5,57,specimen_57,50,315,1.0,0.34833410794590763,0.7617905358356349
omitted,transfer,forward,speed_rescaling,direction,0.5,10,specimen_10,30,45,0.5,0.4594381693417126,0.3867562815171163
omitted,transfer,forward,speed_rescaling,direction,0.5,10,specimen_10,30,45,1.0,0.5021955450190144,0.31444021607645045
omitted,transfer,forward,speed_rescaling,direction,0.5,10,specimen_10,30,90,1.0,0.4227898044575325,0.876577332452225
omitted,transfer,forward,speed_rescaling,direction,0.5,10,specimen_10,30,135,0.5,0.5118713253304669,1.03938865360178
omitted,transfer,forward,speed_rescaling,direction,0.5,10,specimen_10,30,135,1.0,0.5025586587233476,1.4224056214185654
omitted,transfer,forward,speed_rescaling,direction,0.5,10,specimen_10,30,180,0.5,0.7662812381141348,1.5059797942567503
omitted,transfer,forward,speed_rescaling,direction,0.5,10,specimen_10,30,180,1.0,0.7584106779207799,1.8055129308755549
omitted,transfer,forward,speed_rescaling,direction,0.5,10,specimen_10,30,225,0.5,0.4453382383686786,0.1040745682877472
omitted,transfer,forward,speed_rescaling,direction,0.5,10,specimen_10,30,225,1.0,0.49192214078003543,0.152144923042148
omitted,transfer,forward,speed_rescaling,direction,0.5,10,specimen_10,30,270,0.5,0.7179376174858585,0.7601712898611853
omitted,transfer,forward,speed_rescaling,direction,0.5,10,specimen_10,30,270,1.0,0.680271310412533,0.20066699207732952
omitted,transfer,forward,speed_rescaling,direction,0.5,10,specimen_10,30,315,0.5,0.4466102026774686,0.24441111587523479
omitted,transfer,forward,speed_rescaling,direction,0.5,10,specimen_10,30,315,1.0,0.47736554117133684,0.030277290398947
omitted,transfer,forward,speed_rescaling,direction,0.5,10,specimen_10,50,45,0.5,0.646487138392925,1.360244105803551
omitted,transfer,forward,speed_rescaling,direction,0.5,10,specimen_10,50,45,1.0,0.6588433659397381,1.0928468482514477
omitted,transfer,forward,speed_rescaling,direction,0.5,10,specimen_10,50,90,1.0,0.4476184627370472,0.4585655024796256
omitted,transfer,forward,speed_rescaling,direction,0.5,10,specimen_10,50,135,0.5,0.6576463331556192,0.24892516095374306
omitted,transfer,forward,speed_rescaling,direction,0.5,10,specimen_10,50,135,1.0,0.6441370315405265,0.9834475408477461
omitted,transfer,forward,speed_rescaling,direction,0.5,10,specimen_10,50,180,0.5,0.8351325175571521,1.2395745402531542
omitted,transfer,forward,speed_rescaling,direction,0.5,10,specimen_10,50,180,1.0,0.8007427549107424,1.622305828224934
omitted,transfer,forward,speed_rescaling,direction,0.5,10,specimen_10,50,225,0.5,0.6066556049813963,1.0287701983598079
omitted,transfer,forward,speed_rescaling,direction,0.5,10,specimen_10,50,225,1.0,0.579513227377253,0.7866065233679345
omitted,transfer,forward,speed_rescaling,direction,0.5,10,specimen_10,50,270,0.5,0.7630786362118239,1.2174449767800515
omitted,transfer,forward,speed_rescaling,direction,0.5,10,specimen_10,50,270,1.0,0.8074429431272193,0.8779557114878895
omitted,transfer,forward,speed_rescaling,direction,0.5,10,specimen_10,50,315,0.5,0.6013187616403131,0.8091407377231253
omitted,transfer,forward,speed_rescaling,direction,0.5,10,specimen_10,50,315,1.0,0.594962316242047,0.5135263715359866
omitted,transfer,forward,speed_rescaling,direction,0.5,57,specimen_57,30,45,0.5,0.5001348626390104,0.5315328347429884
omitted,transfer,forward,speed_rescaling,direction,0.5,57,specimen_57,30,45,1.0,0.45279378734989967,0.426049140673726
omitted,transfer,forward,speed_rescaling,direction,0.5,57,specimen_57,30,90,1.0,0.48684818606706487,0.6266489724150441
omitted,transfer,forward,speed_rescaling,direction,0.5,57,specimen_57,30,135,0.5,0.5423971573729045,1.131474418186789
omitted,transfer,forward,speed_rescaling,direction,0.5,57,specimen_57,30,135,1.0,0.5928097008740999,1.5223773528487734
omitted,transfer,forward,speed_rescaling,direction,0.5,57,specimen_57,30,180,0.5,0.7110060034564483,1.6137820416502844
omitted,transfer,forward,speed_rescaling,direction,0.5,57,specimen_57,30,180,1.0,0.7886111656898391,1.988063960559795
omitted,transfer,forward,speed_rescaling,direction,0.5,57,specimen_57,30,225,0.5,0.4734360448903259,0.5457745704656167
omitted,transfer,forward,speed_rescaling,direction,0.5,57,specimen_57,30,225,1.0,0.4489712064337428,0.41421478703385617
omitted,transfer,forward,speed_rescaling,direction,0.5,57,specimen_57,30,270,0.5,0.592552233793887,2.2501758341071048
omitted,transfer,forward,speed_rescaling,direction,0.5,57,specimen_57,30,270,1.0,0.506192873683488,1.8483025453955197
omitted,transfer,forward,speed_rescaling,direction,0.5,57,specimen_57,30,315,0.5,0.4542071561214202,0.4285236665911027
omitted,transfer,forward,speed_rescaling,direction,0.5,57,specimen_57,30,315,1.0,0.418402926863644,0.3551281379205715
omitted,transfer,forward,speed_rescaling,direction,0.5,57,specimen_57,50,45,0.5,0.7825082320292663,2.2643534374575647
omitted,transfer,forward,speed_rescaling,direction,0.5,57,specimen_57,50,45,1.0,0.7175864397467079,1.9469883200091673
omitted,transfer,forward,speed_rescaling,direction,0.5,57,specimen_57,50,90,1.0,0.4524672759635336,0.1765416803786093
omitted,transfer,forward,speed_rescaling,direction,0.5,57,specimen_57,50,135,0.5,0.6759185489270827,0.2354148683686108
omitted,transfer,forward,speed_rescaling,direction,0.5,57,specimen_57,50,135,1.0,0.7319924834491705,0.41680947954914904
omitted,transfer,forward,speed_rescaling,direction,0.5,57,specimen_57,50,180,0.5,0.9639312397276744,1.4739864303079484
omitted,transfer,forward,speed_rescaling,direction,0.5,57,specimen_57,50,180,1.0,0.9976275932714147,1.8765953137736444
omitted,transfer,forward,speed_rescaling,direction,0.5,57,specimen_57,50,225,0.5,0.7059180171861299,1.6613430494136006
omitted,transfer,forward,speed_rescaling,direction,0.5,57,specimen_57,50,225,1.0,0.6748415261148913,1.3889049480982036
omitted,transfer,forward,speed_rescaling,direction,0.5,57,specimen_57,50,270,0.5,0.8282952044279668,2.092458690254534
omitted,transfer,forward,speed_rescaling,direction,0.5,57,specimen_57,50,270,1.0,0.6755894673074975,1.7771971186530315
omitted,transfer,forward,speed_rescaling,direction,0.5,57,specimen_57,50,315,0.5,0.7330315297381121,1.5413438749098074
omitted,transfer,forward,speed_rescaling,direction,0.5,57,specimen_57,50,315,1.0,0.6443956759374488,1.3966474443577614
omitted,transfer,forward,speed_rescaling,repeat,0.5,10,specimen_10,30,45,0.5,0.4594381693417126,0.3867562815171163
omitted,transfer,forward,speed_rescaling,repeat,0.5,10,specimen_10,30,45,1.0,0.5021955450190144,0.31444021607645045
omitted,transfer,forward,speed_rescaling,repeat,0.5,10,specimen_10,30,90,1.0,0.6396699067487518,0.712688247272823
omitted,transfer,forward,speed_rescaling,repeat,0.5,10,specimen_10,30,135,0.5,0.4692304568492746,0.27578084003323067
omitted,transfer,forward,speed_rescaling,repeat,0.5,10,specimen_10,30,135,1.0,0.47836413797268146,0.1668599583064826
omitted,transfer,forward,speed_rescaling,repeat,0.5,10,specimen_10,30,180,0.5,0.3109712623230858,0.19081030062173948
omitted,transfer,forward,speed_rescaling,repeat,0.5,10,specimen_10,30,180,1.0,0.32508884270683963,0.21624735115050686
omitted,transfer,forward,speed_rescaling,repeat,0.5,10,specimen_10,30,225,0.5,0.4453382383686786,0.1040745682877472
omitted,transfer,forward,speed_rescaling,repeat,0.5,10,specimen_10,30,225,1.0,0.49192214078003543,0.152144923042148
omitted,transfer,forward,speed_rescaling,repeat,0.5,10,specimen_10,30,270,0.5,0.7179376174858585,0.7601712898611853
omitted,transfer,forward,speed_rescaling,repeat,0.5,10,specimen_10,30,270,1.0,0.680271310412533,0.20066699207732952
omitted,transfer,forward,speed_rescaling,repeat,0.5,10,specimen_10,30,315,0.5,0.4466102026774686,0.24441111587523479
omitted,transfer,forward,speed_rescaling,repeat,0.5,10,specimen_10,30,315,1.0,0.47736554117133684,0.030277290398947
omitted,transfer,forward,speed_rescaling,repeat,0.5,10,specimen_10,50,45,0.5,0.646487138392925,1.360244105803551
omitted,transfer,forward,speed_rescaling,repeat,0.5,10,specimen_10,50,45,1.0,0.6588433659397381,1.0928468482514477
omitted,transfer,forward,speed_rescaling,repeat,0.5,10,specimen_10,50,90,1.0,0.8189788105938911,1.4128853182509744
omitted,transfer,forward,speed_rescaling,repeat,0.5,10,specimen_10,50,135,0.5,0.700236299716456,1.7976122146863882
omitted,transfer,forward,speed_rescaling,repeat,0.5,10,specimen_10,50,135,1.0,0.6160505264503944,0.8880032798828539
omitted,transfer,forward,speed_rescaling,repeat,0.5,10,specimen_10,50,180,0.5,0.40585670621664355,0.3091125134794911
omitted,transfer,forward,speed_rescaling,repeat,0.5,10,specimen_10,50,180,1.0,0.3324749628380828,0.2491449925056659
omitted,transfer,forward,speed_rescaling,repeat,0.5,10,specimen_10,50,225,0.5,0.6066556049813963,1.0287701983598079
omitted,transfer,forward,speed_rescaling,repeat,0.5,10,specimen_10,50,225,1.0,0.579513227377253,0.7866065233679345
omitted,transfer,forward,speed_rescaling,repeat,0.5,10,specimen_10,50,270,0.5,0.7630786362118239,1.2174449767800515
omitted,transfer,forward,speed_rescaling,repeat,0.5,10,specimen_10,50,270,1.0,0.8074429431272193,0.8779557114878895
omitted,transfer,forward,speed_rescaling,repeat,0.5,10,specimen_10,50,315,0.5,0.6013187616403131,0.8091407377231253
omitted,transfer,forward,speed_rescaling,repeat,0.5,10,specimen_10,50,315,1.0,0.594962316242047,0.5135263715359866
omitted,transfer,forward,speed_rescaling,repeat,0.5,57,specimen_57,30,45,0.5,0.5001348626390104,0.5315328347429884
omitted,transfer,forward,speed_rescaling,repeat,0.5,57,specimen_57,30,45,1.0,0.45279378734989967,0.426049140673726
omitted,transfer,forward,speed_rescaling,repeat,0.5,57,specimen_57,30,90,1.0,0.5908211309532633,1.2898154312489627
omitted,transfer,forward,speed_rescaling,repeat,0.5,57,specimen_57,30,135,0.5,0.47106589943342647,0.45446285465867936
omitted,transfer,forward,speed_rescaling,repeat,0.5,57,specimen_57,30,135,1.0,0.45315547628041397,0.3940870508152333
omitted,transfer,forward,speed_rescaling,repeat,0.5,57,specimen_57,30,180,0.5,0.32769609566693314,0.027844768804815873
omitted,transfer,forward,speed_rescaling,repeat,0.5,57,specimen_57,30,180,1.0,0.3182063291845108,0.07159955689578829
omitted,transfer,forward,speed_rescaling,repeat,0.5,57,specimen_57,30,225,0.5,0.4734360448903259,0.5457745704656167
omitted,transfer,forward,speed_rescaling,repeat,0.5,57,specimen_57,30,225,1.0,0.4489712064337428,0.41421478703385617
omitted,transfer,forward,speed_rescaling,repeat,0.5,57,specimen_57,30,270,0.5,0.592552233793887,2.2501758341071048
omitted,transfer,forward,speed_rescaling,repeat,0.5,57,specimen_57,30,270,1.0,0.506192873683488,1.8483025453955197
omitted,transfer,forward,speed_rescaling,repeat,0.5,57,specimen_57,30,315,0.5,0.4542071561214202,0.4285236665911027
omitted,transfer,forward,speed_rescaling,repeat,0.5,57,specimen_57,30,315,1.0,0.418402926863644,0.3551281379205715
omitted,transfer,forward,speed_rescaling,repeat,0.5,57,specimen_57,50,45,0.5,0.7825082320292663,2.2643534374575647
omitted,transfer,forward,speed_rescaling,repeat,0.5,57,specimen_57,50,45,1.0,0.7175864397467079,1.9469883200091673
omitted,transfer,forward,speed_rescaling,repeat,0.5,57,specimen_57,50,90,1.0,0.7969769575431557,2.421670640431729
omitted,transfer,forward,speed_rescaling,repeat,0.5,57,specimen_57,50,135,0.5,0.7716553682617304,2.093332862193909
omitted,transfer,forward,speed_rescaling,repeat,0.5,57,specimen_57,50,135,1.0,0.7144357898071553,1.8283194805039709
omitted,transfer,forward,speed_rescaling,repeat,0.5,57,specimen_57,50,180,0.5,0.37366352238762346,0.3839315635173497
omitted,transfer,forward,speed_rescaling,repeat,0.5,57,specimen_57,50,180,1.0,0.3912972924044462,0.3685336462794755
omitted,transfer,forward,speed_rescaling,repeat,0.5,57,specimen_57,50,225,0.5,0.7059180171861299,1.6613430494136006
omitted,transfer,forward,speed_rescaling,repeat,0.5,57,specimen_57,50,225,1.0,0.6748415261148913,1.3889049480982036
omitted,transfer,forward,speed_rescaling,repeat,0.5,57,specimen_57,50,270,0.5,0.8282952044279668,2.092458690254534
omitted,transfer,forward,speed_rescaling,repeat,0.5,57,specimen_57,50,270,1.0,0.6755894673074975,1.7771971186530315
omitted,transfer,forward,speed_rescaling,repeat,0.5,57,specimen_57,50,315,0.5,0.7330315297381121,1.5413438749098074
omitted,transfer,forward,speed_rescaling,repeat,0.5,57,specimen_57,50,315,1.0,0.6443956759374488,1.3966474443577614
omitted,transfer,forward,speed_rescaling,single,0.5,10,specimen_10,30,45,0.5,0.4594381693417126,0.3867562815171163
omitted,transfer,forward,speed_rescaling,single,0.5,10,specimen_10,30,45,1.0,0.5021955450190144,0.31444021607645045
omitted,transfer,forward,speed_rescaling,single,0.5,10,specimen_10,30,90,1.0,0.6396699067487518,0.712688247272823
omitted,transfer,forward,speed_rescaling,single,0.5,10,specimen_10,30,135,0.5,0.4692304568492746,0.27578084003323067
omitted,transfer,forward,speed_rescaling,single,0.5,10,specimen_10,30,135,1.0,0.47836413797268146,0.1668599583064826
omitted,transfer,forward,speed_rescaling,single,0.5,10,specimen_10,30,180,0.5,0.3109712623230858,0.19081030062173948
omitted,transfer,forward,speed_rescaling,single,0.5,10,specimen_10,30,180,1.0,0.32508884270683963,0.21624735115050686
omitted,transfer,forward,speed_rescaling,single,0.5,10,specimen_10,30,225,0.5,0.4453382383686786,0.1040745682877472
omitted,transfer,forward,speed_rescaling,single,0.5,10,specimen_10,30,225,1.0,0.49192214078003543,0.152144923042148
omitted,transfer,forward,speed_rescaling,single,0.5,10,specimen_10,30,270,0.5,0.7179376174858585,0.7601712898611853
omitted,transfer,forward,speed_rescaling,single,0.5,10,specimen_10,30,270,1.0,0.680271310412533,0.20066699207732952
omitted,transfer,forward,speed_rescaling,single,0.5,10,specimen_10,30,315,0.5,0.4466102026774686,0.24441111587523479
omitted,transfer,forward,speed_rescaling,single,0.5,10,specimen_10,30,315,1.0,0.47736554117133684,0.030277290398947
omitted,transfer,forward,speed_rescaling,single,0.5,10,specimen_10,50,45,0.5,0.646487138392925,1.360244105803551
omitted,transfer,forward,speed_rescaling,single,0.5,10,specimen_10,50,45,1.0,0.6588433659397381,1.0928468482514477
omitted,transfer,forward,speed_rescaling,single,0.5,10,specimen_10,50,90,1.0,0.8189788105938911,1.4128853182509744
omitted,transfer,forward,speed_rescaling,single,0.5,10,specimen_10,50,135,0.5,0.700236299716456,1.7976122146863882
omitted,transfer,forward,speed_rescaling,single,0.5,10,specimen_10,50,135,1.0,0.6160505264503944,0.8880032798828539
omitted,transfer,forward,speed_rescaling,single,0.5,10,specimen_10,50,180,0.5,0.40585670621664355,0.3091125134794911
omitted,transfer,forward,speed_rescaling,single,0.5,10,specimen_10,50,180,1.0,0.3324749628380828,0.2491449925056659
omitted,transfer,forward,speed_rescaling,single,0.5,10,specimen_10,50,225,0.5,0.6066556049813963,1.0287701983598079
omitted,transfer,forward,speed_rescaling,single,0.5,10,specimen_10,50,225,1.0,0.579513227377253,0.7866065233679345
omitted,transfer,forward,speed_rescaling,single,0.5,10,specimen_10,50,270,0.5,0.7630786362118239,1.2174449767800515
omitted,transfer,forward,speed_rescaling,single,0.5,10,specimen_10,50,270,1.0,0.8074429431272193,0.8779557114878895
omitted,transfer,forward,speed_rescaling,single,0.5,10,specimen_10,50,315,0.5,0.6013187616403131,0.8091407377231253
omitted,transfer,forward,speed_rescaling,single,0.5,10,specimen_10,50,315,1.0,0.594962316242047,0.5135263715359866
omitted,transfer,forward,speed_rescaling,single,0.5,57,specimen_57,30,45,0.5,0.5001348626390104,0.5315328347429884
omitted,transfer,forward,speed_rescaling,single,0.5,57,specimen_57,30,45,1.0,0.45279378734989967,0.426049140673726
omitted,transfer,forward,speed_rescaling,single,0.5,57,specimen_57,30,90,1.0,0.5908211309532633,1.2898154312489627
omitted,transfer,forward,speed_rescaling,single,0.5,57,specimen_57,30,135,0.5,0.47106589943342647,0.45446285465867936
omitted,transfer,forward,speed_rescaling,single,0.5,57,specimen_57,30,135,1.0,0.45315547628041397,0.3940870508152333
omitted,transfer,forward,speed_rescaling,single,0.5,57,specimen_57,30,180,0.5,0.32769609566693314,0.027844768804815873
omitted,transfer,forward,speed_rescaling,single,0.5,57,specimen_57,30,180,1.0,0.3182063291845108,0.07159955689578829
omitted,transfer,forward,speed_rescaling,single,0.5,57,specimen_57,30,225,0.5,0.4734360448903259,0.5457745704656167
omitted,transfer,forward,speed_rescaling,single,0.5,57,specimen_57,30,225,1.0,0.4489712064337428,0.41421478703385617
omitted,transfer,forward,speed_rescaling,single,0.5,57,specimen_57,30,270,0.5,0.592552233793887,2.2501758341071048
omitted,transfer,forward,speed_rescaling,single,0.5,57,specimen_57,30,270,1.0,0.506192873683488,1.8483025453955197
omitted,transfer,forward,speed_rescaling,single,0.5,57,specimen_57,30,315,0.5,0.4542071561214202,0.4285236665911027
omitted,transfer,forward,speed_rescaling,single,0.5,57,specimen_57,30,315,1.0,0.418402926863644,0.3551281379205715
omitted,transfer,forward,speed_rescaling,single,0.5,57,specimen_57,50,45,0.5,0.7825082320292663,2.2643534374575647
omitted,transfer,forward,speed_rescaling,single,0.5,57,specimen_57,50,45,1.0,0.7175864397467079,1.9469883200091673
omitted,transfer,forward,speed_rescaling,single,0.5,57,specimen_57,50,90,1.0,0.7969769575431557,2.421670640431729
omitted,transfer,forward,speed_rescaling,single,0.5,57,specimen_57,50,135,0.5,0.7716553682617304,2.093332862193909
omitted,transfer,forward,speed_rescaling,single,0.5,57,specimen_57,50,135,1.0,0.7144357898071553,1.8283194805039709
omitted,transfer,forward,speed_rescaling,single,0.5,57,specimen_57,50,180,0.5,0.37366352238762346,0.3839315635173497
omitted,transfer,forward,speed_rescaling,single,0.5,57,specimen_57,50,180,1.0,0.3912972924044462,0.3685336462794755
omitted,transfer,forward,speed_rescaling,single,0.5,57,specimen_57,50,225,0.5,0.7059180171861299,1.6613430494136006
omitted,transfer,forward,speed_rescaling,single,0.5,57,specimen_57,50,225,1.0,0.6748415261148913,1.3889049480982036
omitted,transfer,forward,speed_rescaling,single,0.5,57,specimen_57,50,270,0.5,0.8282952044279668,2.092458690254534
omitted,transfer,forward,speed_rescaling,single,0.5,57,specimen_57,50,270,1.0,0.6755894673074975,1.7771971186530315
omitted,transfer,forward,speed_rescaling,single,0.5,57,specimen_57,50,315,0.5,0.7330315297381121,1.5413438749098074
omitted,transfer,forward,speed_rescaling,single,0.5,57,specimen_57,50,315,1.0,0.6443956759374488,1.3966474443577614
omitted,transfer,reverse,conditions_only,direction,0.5,10,specimen_10,30,45,0.5,0.2015348728856047,0.3229609145281441
omitted,transfer,reverse,conditions_only,direction,0.5,10,specimen_10,30,45,1.0,0.2420858473311881,0.4680709616878703
omitted,transfer,reverse,conditions_only,direction,0.5,10,specimen_10,30,90,1.0,0.3484575367554723,0.7446393467137985
omitted,transfer,reverse,conditions_only,direction,0.5,10,specimen_10,30,135,0.5,0.2646191811475828,0.4029437373238102
omitted,transfer,reverse,conditions_only,direction,0.5,10,specimen_10,30,135,1.0,0.25511071162302695,0.4248861901486004
omitted,transfer,reverse,conditions_only,direction,0.5,10,specimen_10,30,180,0.5,0.36106132885150005,0.03579930514111401
omitted,transfer,reverse,conditions_only,direction,0.5,10,specimen_10,30,180,1.0,0.36388081737813255,0.024910967229576753
omitted,transfer,reverse,conditions_only,direction,0.5,10,specimen_10,30,225,0.5,0.20266762940071534,0.20217206746693434
omitted,transfer,reverse,conditions_only,direction,0.5,10,specimen_10,30,225,1.0,0.2402452116479055,0.25360857607656107
omitted,transfer,reverse,conditions_only,direction,0.5,10,specimen_10,30,270,0.5,0.34617210430365225,0.9676862841408349
omitted,transfer,reverse,conditions_only,direction,0.5,10,specimen_10,30,270,1.0,0.3199131043882861,0.567251540162522
omitted,transfer,reverse,conditions_only,direction,0.5,10,specimen_10,30,315,0.5,0.25223849975275536,0.21726405525669523
omitted,transfer,reverse,conditions_only,direction,0.5,10,specimen_10,30,315,1.0,0.2553476658570904,0.1842327589332351
omitted,transfer,reverse,conditions_only,direction,0.5,10,specimen_10,50,45,0.5,0.3672850123722684,1.1856561870463498
omitted,transfer,reverse,conditions_only,direction,0.5,10,specimen_10,50,45,1.0,0.4002278757996937,1.1479605919498461
omitted,transfer,reverse,conditions_only,direction,0.5,10,specimen_10,50,90,1.0,0.4193914813222446,1.1161035500099707
omitted,transfer,reverse,conditions_only,direction,0.5,10,specimen_10,50,135,0.5,0.4973505600038079,1.804164934784757
omitted,transfer,reverse,conditions_only,direction,0.5,10,specimen_10,50,135,1.0,0.4957362458678034,1.2490496746529725
omitted,transfer,reverse,conditions_only,direction,0.5,10,specimen_10,50,180,0.5,0.4536299230589051,0.2322724442785149
omitted,transfer,reverse,conditions_only,direction,0.5,10,specimen_10,50,180,1.0,0.47517942526784784,0.29787281763511875
omitted,transfer,reverse,conditions_only,direction,0.5,10,specimen_10,50,225,0.5,0.3332433317223791,1.0767123130393836
omitted,transfer,reverse,conditions_only,direction,0.5,10,specimen_10,50,225,1.0,0.38413086472783076,1.0169505654807063
omitted,transfer,reverse,conditions_only,direction,0.5,10,specimen_10,50,270,0.5,0.3795024832722816,1.3396392407888849
omitted,transfer,reverse,conditions_only,direction,0.5,10,specimen_10,50,270,1.0,0.40767400707693907,0.9996969918229205
omitted,transfer,reverse,conditions_only,direction,0.5,10,specimen_10,50,315,0.5,0.42933108781856105,0.6812566413738249
omitted,transfer,reverse,conditions_only,direction,0.5,10,specimen_10,50,315,1.0,0.4462907202093373,0.5722161520373428
omitted,transfer,reverse,conditions_only,direction,0.5,57,specimen_57,30,45,0.5,0.38163208855180675,0.19954620992075056
omitted,transfer,reverse,conditions_only,direction,0.5,57,specimen_57,30,45,1.0,0.42246957411703817,0.13123722895446388
omitted,transfer,reverse,conditions_only,direction,0.5,57,specimen_57,30,90,1.0,0.44587161864815533,0.8729383560247296
omitted,transfer,reverse,conditions_only,direction,0.5,57,specimen_57,30,135,0.5,0.4148530491842433,0.23475023882573937
omitted,transfer,reverse,conditions_only,direction,0.5,57,specimen_57,30,135,1.0,0.34988257544443296,0.24879166164740363
omitted,transfer,reverse,conditions_only,direction,0.5,57,specimen_57,30,180,0.5,0.5164928588387633,0.23406394371442962
omitted,transfer,reverse,conditions_only,direction,0.5,57,specimen_57,30,180,1.0,0.44605891790866137,0.21844107042289182
omitted,transfer,reverse,conditions_only,direction,0.5,57,specimen_57,30,225,0.5,0.35580774664702614,0.26417089537442134
omitted,transfer,reverse,conditions_only,direction,0.5,57,specimen_57,30,225,1.0,0.3962847549882888,0.2689522582390318
omitted,transfer,reverse,conditions_only,direction,0.5,57,specimen_57,30,270,0.5,0.38247262642654295,1.9475504081774893
omitted,transfer,reverse,conditions_only,direction,0.5,57,specimen_57,30,270,1.0,0.4286783198755142,1.6443177600198746
omitted,transfer,reverse,conditions_only,direction,0.5,57,specimen_57,30,315,0.5,0.3882833434338602,0.06367664613795809
omitted,transfer,reverse,conditions_only,direction,0.5,57,specimen_57,30,315,1.0,0.3861712750154432,0.12718559863877188
omitted,transfer,reverse,conditions_only,direction,0.5,57,specimen_57,50,45,0.5,0.4427381421532597,1.783360716319053
omitted,transfer,reverse,conditions_only,direction,0.5,57,specimen_57,50,45,1.0,0.4203674516012983,1.4836500748581225
omitted,transfer,reverse,conditions_only,direction,0.5,57,specimen_57,50,90,1.0,0.40712496517115304,2.0043843954591405
omitted,transfer,reverse,conditions_only,direction,0.5,57,specimen_57,50,135,0.5,0.41877505819391286,1.760817362172521
omitted,transfer,reverse,conditions_only,direction,0.5,57,specimen_57,50,135,1.0,0.43960611205291644,1.4945691240728978
omitted,transfer,reverse,conditions_only,direction,0.5,57,specimen_57,50,180,0.5,0.603824671292286,0.07739373324877818
omitted,transfer,reverse,conditions_only,direction,0.5,57,specimen_57,50,180,1.0,0.5341328573463866,0.11623787990367562
omitted,transfer,reverse,conditions_only,direction,0.5,57,specimen_57,50,225,0.5,0.4379865867900266,1.2205925595340374
omitted,transfer,reverse,conditions_only,direction,0.5,57,specimen_57,50,225,1.0,0.5060861836726495,1.0800497855832885
omitted,transfer,reverse,conditions_only,direction,0.5,57,specimen_57,50,270,0.5,0.38319770338502135,1.7178946381643403
omitted,transfer,reverse,conditions_only,direction,0.5,57,specimen_57,50,270,1.0,0.3417459842688046,1.3567975175628035
omitted,transfer,reverse,conditions_only,direction,0.5,57,specimen_57,50,315,0.5,0.39817251447439306,1.0970040193911887
omitted,transfer,reverse,conditions_only,direction,0.5,57,specimen_57,50,315,1.0,0.42028846785681934,1.03707141680893
omitted,transfer,reverse,conditions_only,repeat,0.5,10,specimen_10,30,45,0.5,0.2015348728856047,0.3229609145281441
omitted,transfer,reverse,conditions_only,repeat,0.5,10,specimen_10,30,45,1.0,0.2420858473311881,0.4680709616878703
omitted,transfer,reverse,conditions_only,repeat,0.5,10,specimen_10,30,90,1.0,0.3484575367554723,0.7446393467137985
omitted,transfer,reverse,conditions_only,repeat,0.5,10,specimen_10,30,135,0.5,0.2646191811475828,0.4029437373238102
omitted,transfer,reverse,conditions_only,repeat,0.5,10,specimen_10,30,135,1.0,0.25511071162302695,0.4248861901486004
omitted,transfer,reverse,conditions_only,repeat,0.5,10,specimen_10,30,180,0.5,0.36106132885150005,0.03579930514111401
omitted,transfer,reverse,conditions_only,repeat,0.5,10,specimen_10,30,180,1.0,0.36388081737813255,0.024910967229576753
omitted,transfer,reverse,conditions_only,repeat,0.5,10,specimen_10,30,225,0.5,0.20266762940071534,0.20217206746693434
omitted,transfer,reverse,conditions_only,repeat,0.5,10,specimen_10,30,225,1.0,0.2402452116479055,0.25360857607656107
omitted,transfer,reverse,conditions_only,repeat,0.5,10,specimen_10,30,270,0.5,0.34617210430365225,0.9676862841408349
omitted,transfer,reverse,conditions_only,repeat,0.5,10,specimen_10,30,270,1.0,0.3199131043882861,0.567251540162522
omitted,transfer,reverse,conditions_only,repeat,0.5,10,specimen_10,30,315,0.5,0.25223849975275536,0.21726405525669523
omitted,transfer,reverse,conditions_only,repeat,0.5,10,specimen_10,30,315,1.0,0.2553476658570904,0.1842327589332351
omitted,transfer,reverse,conditions_only,repeat,0.5,10,specimen_10,50,45,0.5,0.3672850123722684,1.1856561870463498
omitted,transfer,reverse,conditions_only,repeat,0.5,10,specimen_10,50,45,1.0,0.4002278757996937,1.1479605919498461
omitted,transfer,reverse,conditions_only,repeat,0.5,10,specimen_10,50,90,1.0,0.4193914813222446,1.1161035500099707
omitted,transfer,reverse,conditions_only,repeat,0.5,10,specimen_10,50,135,0.5,0.4973505600038079,1.804164934784757
omitted,transfer,reverse,conditions_only,repeat,0.5,10,specimen_10,50,135,1.0,0.4957362458678034,1.2490496746529725
omitted,transfer,reverse,conditions_only,repeat,0.5,10,specimen_10,50,180,0.5,0.4536299230589051,0.2322724442785149
omitted,transfer,reverse,conditions_only,repeat,0.5,10,specimen_10,50,180,1.0,0.47517942526784784,0.29787281763511875
omitted,transfer,reverse,conditions_only,repeat,0.5,10,specimen_10,50,225,0.5,0.3332433317223791,1.0767123130393836
omitted,transfer,reverse,conditions_only,repeat,0.5,10,specimen_10,50,225,1.0,0.38413086472783076,1.0169505654807063
omitted,transfer,reverse,conditions_only,repeat,0.5,10,specimen_10,50,270,0.5,0.3795024832722816,1.3396392407888849
omitted,transfer,reverse,conditions_only,repeat,0.5,10,specimen_10,50,270,1.0,0.40767400707693907,0.9996969918229205
omitted,transfer,reverse,conditions_only,repeat,0.5,10,specimen_10,50,315,0.5,0.42933108781856105,0.6812566413738249
omitted,transfer,reverse,conditions_only,repeat,0.5,10,specimen_10,50,315,1.0,0.4462907202093373,0.5722161520373428
omitted,transfer,reverse,conditions_only,repeat,0.5,57,specimen_57,30,45,0.5,0.38163208855180675,0.19954620992075056
omitted,transfer,reverse,conditions_only,repeat,0.5,57,specimen_57,30,45,1.0,0.42246957411703817,0.13123722895446388
omitted,transfer,reverse,conditions_only,repeat,0.5,57,specimen_57,30,90,1.0,0.44587161864815533,0.8729383560247296
omitted,transfer,reverse,conditions_only,repeat,0.5,57,specimen_57,30,135,0.5,0.4148530491842433,0.23475023882573937
omitted,transfer,reverse,conditions_only,repeat,0.5,57,specimen_57,30,135,1.0,0.34988257544443296,0.24879166164740363
omitted,transfer,reverse,conditions_only,repeat,0.5,57,specimen_57,30,180,0.5,0.5164928588387633,0.23406394371442962
omitted,transfer,reverse,conditions_only,repeat,0.5,57,specimen_57,30,180,1.0,0.44605891790866137,0.21844107042289182
omitted,transfer,reverse,conditions_only,repeat,0.5,57,specimen_57,30,225,0.5,0.35580774664702614,0.26417089537442134
omitted,transfer,reverse,conditions_only,repeat,0.5,57,specimen_57,30,225,1.0,0.3962847549882888,0.2689522582390318
omitted,transfer,reverse,conditions_only,repeat,0.5,57,specimen_57,30,270,0.5,0.38247262642654295,1.9475504081774893
omitted,transfer,reverse,conditions_only,repeat,0.5,57,specimen_57,30,270,1.0,0.4286783198755142,1.6443177600198746
omitted,transfer,reverse,conditions_only,repeat,0.5,57,specimen_57,30,315,0.5,0.3882833434338602,0.06367664613795809
omitted,transfer,reverse,conditions_only,repeat,0.5,57,specimen_57,30,315,1.0,0.3861712750154432,0.12718559863877188
omitted,transfer,reverse,conditions_only,repeat,0.5,57,specimen_57,50,45,0.5,0.4427381421532597,1.783360716319053
omitted,transfer,reverse,conditions_only,repeat,0.5,57,specimen_57,50,45,1.0,0.4203674516012983,1.4836500748581225
omitted,transfer,reverse,conditions_only,repeat,0.5,57,specimen_57,50,90,1.0,0.40712496517115304,2.0043843954591405
omitted,transfer,reverse,conditions_only,repeat,0.5,57,specimen_57,50,135,0.5,0.41877505819391286,1.760817362172521
omitted,transfer,reverse,conditions_only,repeat,0.5,57,specimen_57,50,135,1.0,0.43960611205291644,1.4945691240728978
omitted,transfer,reverse,conditions_only,repeat,0.5,57,specimen_57,50,180,0.5,0.603824671292286,0.07739373324877818
omitted,transfer,reverse,conditions_only,repeat,0.5,57,specimen_57,50,180,1.0,0.5341328573463866,0.11623787990367562
omitted,transfer,reverse,conditions_only,repeat,0.5,57,specimen_57,50,225,0.5,0.4379865867900266,1.2205925595340374
omitted,transfer,reverse,conditions_only,repeat,0.5,57,specimen_57,50,225,1.0,0.5060861836726495,1.0800497855832885
omitted,transfer,reverse,conditions_only,repeat,0.5,57,specimen_57,50,270,0.5,0.38319770338502135,1.7178946381643403
omitted,transfer,reverse,conditions_only,repeat,0.5,57,specimen_57,50,270,1.0,0.3417459842688046,1.3567975175628035
omitted,transfer,reverse,conditions_only,repeat,0.5,57,specimen_57,50,315,0.5,0.39817251447439306,1.0970040193911887
omitted,transfer,reverse,conditions_only,repeat,0.5,57,specimen_57,50,315,1.0,0.42028846785681934,1.03707141680893
omitted,transfer,reverse,conditions_only,single,0.5,10,specimen_10,30,45,0.5,0.2015348728856047,0.3229609145281441
omitted,transfer,reverse,conditions_only,single,0.5,10,specimen_10,30,45,1.0,0.2420858473311881,0.4680709616878703
omitted,transfer,reverse,conditions_only,single,0.5,10,specimen_10,30,90,1.0,0.3484575367554723,0.7446393467137985
omitted,transfer,reverse,conditions_only,single,0.5,10,specimen_10,30,135,0.5,0.2646191811475828,0.4029437373238102
omitted,transfer,reverse,conditions_only,single,0.5,10,specimen_10,30,135,1.0,0.25511071162302695,0.4248861901486004
omitted,transfer,reverse,conditions_only,single,0.5,10,specimen_10,30,180,0.5,0.36106132885150005,0.03579930514111401
omitted,transfer,reverse,conditions_only,single,0.5,10,specimen_10,30,180,1.0,0.36388081737813255,0.024910967229576753
omitted,transfer,reverse,conditions_only,single,0.5,10,specimen_10,30,225,0.5,0.20266762940071534,0.20217206746693434
omitted,transfer,reverse,conditions_only,single,0.5,10,specimen_10,30,225,1.0,0.2402452116479055,0.25360857607656107
omitted,transfer,reverse,conditions_only,single,0.5,10,specimen_10,30,270,0.5,0.34617210430365225,0.9676862841408349
omitted,transfer,reverse,conditions_only,single,0.5,10,specimen_10,30,270,1.0,0.3199131043882861,0.567251540162522
omitted,transfer,reverse,conditions_only,single,0.5,10,specimen_10,30,315,0.5,0.25223849975275536,0.21726405525669523
omitted,transfer,reverse,conditions_only,single,0.5,10,specimen_10,30,315,1.0,0.2553476658570904,0.1842327589332351
omitted,transfer,reverse,conditions_only,single,0.5,10,specimen_10,50,45,0.5,0.3672850123722684,1.1856561870463498
omitted,transfer,reverse,conditions_only,single,0.5,10,specimen_10,50,45,1.0,0.4002278757996937,1.1479605919498461
omitted,transfer,reverse,conditions_only,single,0.5,10,specimen_10,50,90,1.0,0.4193914813222446,1.1161035500099707
omitted,transfer,reverse,conditions_only,single,0.5,10,specimen_10,50,135,0.5,0.4973505600038079,1.804164934784757
omitted,transfer,reverse,conditions_only,single,0.5,10,specimen_10,50,135,1.0,0.4957362458678034,1.2490496746529725
omitted,transfer,reverse,conditions_only,single,0.5,10,specimen_10,50,180,0.5,0.4536299230589051,0.2322724442785149
omitted,transfer,reverse,conditions_only,single,0.5,10,specimen_10,50,180,1.0,0.47517942526784784,0.29787281763511875
omitted,transfer,reverse,conditions_only,single,0.5,10,specimen_10,50,225,0.5,0.3332433317223791,1.0767123130393836
omitted,transfer,reverse,conditions_only,single,0.5,10,specimen_10,50,225,1.0,0.38413086472783076,1.0169505654807063
omitted,transfer,reverse,conditions_only,single,0.5,10,specimen_10,50,270,0.5,0.3795024832722816,1.3396392407888849
omitted,transfer,reverse,conditions_only,single,0.5,10,specimen_10,50,270,1.0,0.40767400707693907,0.9996969918229205
omitted,transfer,reverse,conditions_only,single,0.5,10,specimen_10,50,315,0.5,0.42933108781856105,0.6812566413738249
omitted,transfer,reverse,conditions_only,single,0.5,10,specimen_10,50,315,1.0,0.4462907202093373,0.5722161520373428
omitted,transfer,reverse,conditions_only,single,0.5,57,specimen_57,30,45,0.5,0.38163208855180675,0.19954620992075056
omitted,transfer,reverse,conditions_only,single,0.5,57,specimen_57,30,45,1.0,0.42246957411703817,0.13123722895446388
omitted,transfer,reverse,conditions_only,single,0.5,57,specimen_57,30,90,1.0,0.44587161864815533,0.8729383560247296
omitted,transfer,reverse,conditions_only,single,0.5,57,specimen_57,30,135,0.5,0.4148530491842433,0.23475023882573937
omitted,transfer,reverse,conditions_only,single,0.5,57,specimen_57,30,135,1.0,0.34988257544443296,0.24879166164740363
omitted,transfer,reverse,conditions_only,single,0.5,57,specimen_57,30,180,0.5,0.5164928588387633,0.23406394371442962
omitted,transfer,reverse,conditions_only,single,0.5,57,specimen_57,30,180,1.0,0.44605891790866137,0.21844107042289182
omitted,transfer,reverse,conditions_only,single,0.5,57,specimen_57,30,225,0.5,0.35580774664702614,0.26417089537442134
omitted,transfer,reverse,conditions_only,single,0.5,57,specimen_57,30,225,1.0,0.3962847549882888,0.2689522582390318
omitted,transfer,reverse,conditions_only,single,0.5,57,specimen_57,30,270,0.5,0.38247262642654295,1.9475504081774893
omitted,transfer,reverse,conditions_only,single,0.5,57,specimen_57,30,270,1.0,0.4286783198755142,1.6443177600198746
omitted,transfer,reverse,conditions_only,single,0.5,57,specimen_57,30,315,0.5,0.3882833434338602,0.06367664613795809
omitted,transfer,reverse,conditions_only,single,0.5,57,specimen_57,30,315,1.0,0.3861712750154432,0.12718559863877188
omitted,transfer,reverse,conditions_only,single,0.5,57,specimen_57,50,45,0.5,0.4427381421532597,1.783360716319053
omitted,transfer,reverse,conditions_only,single,0.5,57,specimen_57,50,45,1.0,0.4203674516012983,1.4836500748581225
omitted,transfer,reverse,conditions_only,single,0.5,57,specimen_57,50,90,1.0,0.40712496517115304,2.0043843954591405
omitted,transfer,reverse,conditions_only,single,0.5,57,specimen_57,50,135,0.5,0.41877505819391286,1.760817362172521
omitted,transfer,reverse,conditions_only,single,0.5,57,specimen_57,50,135,1.0,0.43960611205291644,1.4945691240728978
omitted,transfer,reverse,conditions_only,single,0.5,57,specimen_57,50,180,0.5,0.603824671292286,0.07739373324877818
omitted,transfer,reverse,conditions_only,single,0.5,57,specimen_57,50,180,1.0,0.5341328573463866,0.11623787990367562
omitted,transfer,reverse,conditions_only,single,0.5,57,specimen_57,50,225,0.5,0.4379865867900266,1.2205925595340374
omitted,transfer,reverse,conditions_only,single,0.5,57,specimen_57,50,225,1.0,0.5060861836726495,1.0800497855832885
omitted,transfer,reverse,conditions_only,single,0.5,57,specimen_57,50,270,0.5,0.38319770338502135,1.7178946381643403
omitted,transfer,reverse,conditions_only,single,0.5,57,specimen_57,50,270,1.0,0.3417459842688046,1.3567975175628035
omitted,transfer,reverse,conditions_only,single,0.5,57,specimen_57,50,315,0.5,0.39817251447439306,1.0970040193911887
omitted,transfer,reverse,conditions_only,single,0.5,57,specimen_57,50,315,1.0,0.42028846785681934,1.03707141680893
omitted,transfer,reverse,copy,direction,0.5,10,specimen_10,30,45,0.5,0.5447076223124163,0.6410183504733994
omitted,transfer,reverse,copy,direction,0.5,10,specimen_10,30,45,1.0,0.4448723098218155,0.5012659907718313
omitted,transfer,reverse,copy,direction,0.5,10,specimen_10,30,90,1.0,0.5240708176691175,0.26948796396439145
omitted,transfer,reverse,copy,direction,0.5,10,specimen_10,30,135,0.5,0.4040493844077416,0.6706056453899715
omitted,transfer,reverse,copy,direction,0.5,10,specimen_10,30,135,1.0,0.38347561452171613,0.6450786640019357
omitted,transfer,reverse,copy,direction,0.5,10,specimen_10,30,180,0.5,0.6380650760127897,1.1488882417785415
omitted,transfer,reverse,copy,direction,0.5,10,specimen_10,30,180,1.0,0.611102457853698,1.1339609477158539
omitted,transfer,reverse,copy,direction,0.5,10,specimen_10,30,225,0.5,0.6499977713552573,0.9127750286372084
omitted,transfer,reverse,copy,direction,0.5,10,specimen_10,30,225,1.0,0.5224572630383166,0.8590927308885656
omitted,transfer,reverse,copy,direction,0.5,10,specimen_10,30,270,0.5,0.6785801278097517,0.10716648369397941
omitted,transfer,reverse,copy,direction,0.5,10,specimen_10,30,270,1.0,0.5774270070002928,0.5089723225474332
omitted,transfer,reverse,copy,direction,0.5,10,specimen_10,30,315,0.5,0.45509191910033303,0.7923682288753705
omitted,transfer,reverse,copy,direction,0.5,10,specimen_10,30,315,1.0,0.44094362729737896,0.83131616335178
omitted,transfer,reverse,copy,direction,0.5,10,specimen_10,50,45,0.5,0.2942018535172927,0.412654019690736
omitted,transfer,reverse,copy,direction,0.5,10,specimen_10,50,45,1.0,0.2670862978960268,0.37040877931028726
omitted,transfer,reverse,copy,direction,0.5,10,specimen_10,50,90,1.0,0.45037171832184847,0.2829407445201626
omitted,transfer,reverse,copy,direction,0.5,10,specimen_10,50,135,0.5,0.31674619635075857,0.8955030272353
omitted,transfer,reverse,copy,direction,0.5,10,specimen_10,50,135,1.0,0.34119677090929384,0.3470731253058592
omitted,transfer,reverse,copy,direction,0.5,10,specimen_10,50,180,0.5,0.5669091025850954,0.7244407298531599
omitted,transfer,reverse,copy,direction,0.5,10,specimen_10,50,180,1.0,0.5193398150232772,0.65168615201672
omitted,transfer,reverse,copy,direction,0.5,10,specimen_10,50,225,0.5,0.41500837318998673,0.11996102612411064
omitted,transfer,reverse,copy,direction,0.5,10,specimen_10,50,225,1.0,0.3821892573635683,0.06506843626692294
omitted,transfer,reverse,copy,direction,0.5,10,specimen_10,50,270,0.5,0.5101236933332198,0.4348450837280895
omitted,transfer,reverse,copy,direction,0.5,10,specimen_10,50,270,1.0,0.4529229494150624,0.09535665154563766
omitted,transfer,reverse,copy,direction,0.5,10,specimen_10,50,315,0.5,0.3213372871050306,0.14346473039425112
omitted,transfer,reverse,copy,direction,0.5,10,specimen_10,50,315,1.0,0.3305037071736692,0.25765331849553674
omitted,transfer,reverse,copy,direction,0.5,57,specimen_57,30,45,0.5,0.49866522945218233,0.6558051861284899
omitted,transfer,reverse,copy,direction,0.5,57,specimen_57,30,45,1.0,0.533378086747847,0.7294718545529347
omitted,transfer,reverse,copy,direction,0.5,57,specimen_57,30,90,1.0,0.5393232217956453,0.032561085701157344
omitted,transfer,reverse,copy,direction,0.5,57,specimen_57,30,135,0.5,0.5749979601036916,0.7301712749357393
omitted,transfer,reverse,copy,direction,0.5,57,specimen_57,30,135,1.0,0.4842089894483645,0.7125453235508294
omitted,transfer,reverse,copy,direction,0.5,57,specimen_57,30,180,0.5,0.7822096712094876,1.238525011399554
omitted,transfer,reverse,copy,direction,0.5,57,specimen_57,30,180,1.0,0.7016993538573871,1.2188631819568658
omitted,transfer,reverse,copy,direction,0.5,57,specimen_57,30,225,0.5,0.5878235765536374,0.7421483317774183
omitted,transfer,reverse,copy,direction,0.5,57,specimen_57,30,225,1.0,0.5865469130717026,0.7351211797737919
omitted,transfer,reverse,copy,direction,0.5,57,specimen_57,30,270,0.5,0.576773023150789,0.981325509294978
omitted,transfer,reverse,copy,direction,0.5,57,specimen_57,30,270,1.0,0.608636337492221,0.6767217662622225
omitted,transfer,reverse,copy,direction,0.5,57,specimen_57,30,315,0.5,0.5826147588490519,0.8373277690418046
omitted,transfer,reverse,copy,direction,0.5,57,specimen_57,30,315,1.0,0.5577075396074894,0.7797354546939402
omitted,transfer,reverse,copy,direction,0.5,57,specimen_57,50,45,0.5,0.33347891711134797,1.1189864179157423
omitted,transfer,reverse,copy,direction,0.5,57,specimen_57,50,45,1.0,0.3153653094775386,0.8147261311708667
omitted,transfer,reverse,copy,direction,0.5,57,specimen_57,50,90,1.0,0.4725151396348373,1.2798494589216352
omitted,transfer,reverse,copy,direction,0.5,57,specimen_57,50,135,0.5,0.3262342536918437,0.9607833235753669
omitted,transfer,reverse,copy,direction,0.5,57,specimen_57,50,135,1.0,0.3514369869079556,0.7012204436780876
omitted,transfer,reverse,copy,direction,0.5,57,specimen_57,50,180,0.5,0.7232822828730576,0.7706915719305936
omitted,transfer,reverse,copy,direction,0.5,57,specimen_57,50,180,1.0,0.6380825990584257,0.7246932207958601
omitted,transfer,reverse,copy,direction,0.5,57,specimen_57,50,225,0.5,0.40877211336854186,0.3724691415710675
omitted,transfer,reverse,copy,direction,0.5,57,specimen_57,50,225,1.0,0.48054861184641084,0.23679552532180814
omitted,transfer,reverse,copy,direction,0.5,57,specimen_57,50,270,0.5,0.4867891288158546,0.921728350055848
omitted,transfer,reverse,copy,direction,0.5,57,specimen_57,50,270,1.0,0.4349434933104066,0.5610850462378238
omitted,transfer,reverse,copy,direction,0.5,57,specimen_57,50,315,0.5,0.3395761860694099,0.38091051657541586
omitted,transfer,reverse,copy,direction,0.5,57,specimen_57,50,315,1.0,0.3326135711489717,0.3158298152283534
omitted,transfer,reverse,copy,repeat,0.5,10,specimen_10,30,45,0.5,0.6281066683962564,0.18631282408495276
omitted,transfer,reverse,copy,repeat,0.5,10,specimen_10,30,45,1.0,0.5684747526571564,0.32606518378652083
omitted,transfer,reverse,copy,repeat,0.5,10,specimen_10,30,90,1.0,0.713530385660642,0.5578432105939607
omitted,transfer,reverse,copy,repeat,0.5,10,specimen_10,30,135,0.5,0.5434929036846773,0.15672552916838067
omitted,transfer,reverse,copy,repeat,0.5,10,specimen_10,30,135,1.0,0.5131981520323018,0.18225251055641645
omitted,transfer,reverse,copy,repeat,0.5,10,specimen_10,30,180,0.5,0.3800878852583069,0.3215570672201893
omitted,transfer,reverse,copy,repeat,0.5,10,specimen_10,30,180,1.0,0.3527732190052821,0.3066297731575016
omitted,transfer,reverse,copy,repeat,0.5,10,specimen_10,30,225,0.5,0.6128190907980748,0.08544385407885624
omitted,transfer,reverse,copy,repeat,0.5,10,specimen_10,30,225,1.0,0.512800898360814,0.03176155633021349
omitted,transfer,reverse,copy,repeat,0.5,10,specimen_10,30,270,0.5,0.8309707171404335,0.7201646908643727
omitted,transfer,reverse,copy,repeat,0.5,10,specimen_10,30,270,1.0,0.7579420972424876,0.31835885201091896
omitted,transfer,reverse,copy,repeat,0.5,10,specimen_10,30,315,0.5,0.5376994449911853,0.03496294568298164
omitted,transfer,reverse,copy,repeat,0.5,10,specimen_10,30,315,1.0,0.5220048625216922,0.003984988793427902
omitted,transfer,reverse,copy,repeat,0.5,10,specimen_10,50,45,0.5,0.5127683465405845,1.2399851942490883
omitted,transfer,reverse,copy,repeat,0.5,10,specimen_10,50,45,1.0,0.4898356929621994,1.1977399538686395
omitted,transfer,reverse,copy,repeat,0.5,10,specimen_10,50,90,1.0,0.7273883196422205,1.1102719190785146
omitted,transfer,reverse,copy,repeat,0.5,10,specimen_10,50,135,0.5,0.5610326941194491,1.7228342017936522
omitted,transfer,reverse,copy,repeat,0.5,10,specimen_10,50,135,1.0,0.559263773858823,1.1744042998642112
omitted,transfer,reverse,copy,repeat,0.5,10,specimen_10,50,180,0.5,0.36176643055086205,0.10289044470519226
omitted,transfer,reverse,copy,repeat,0.5,10,specimen_10,50,180,1.0,0.32744381137781603,0.17564502254163217
omitted,transfer,reverse,copy,repeat,0.5,10,specimen_10,50,225,0.5,0.5207584606493528,0.9472922006824628
omitted,transfer,reverse,copy,repeat,0.5,10,specimen_10,50,225,1.0,0.4621079044494223,0.8923996108252751
omitted,transfer,reverse,copy,repeat,0.5,10,specimen_10,50,270,0.5,0.7354217799291298,1.2621762582864418
omitted,transfer,reverse,copy,repeat,0.5,10,specimen_10,50,270,1.0,0.6932453446158141,0.9226878261039898
omitted,transfer,reverse,copy,repeat,0.5,10,specimen_10,50,315,0.5,0.49146425154023654,0.683866444164101
omitted,transfer,reverse,copy,repeat,0.5,10,specimen_10,50,315,1.0,0.5124284197874038,0.5696778560628154
omitted,transfer,reverse,copy,repeat,0.5,57,specimen_57,30,45,0.5,0.4386889023988034,0.5100270450048094
omitted,transfer,reverse,copy,repeat,0.5,57,specimen_57,30,45,1.0,0.41381795456385273,0.4363603765803647
omitted,transfer,reverse,copy,repeat,0.5,57,specimen_57,30,90,1.0,0.6233755666621152,1.133271145432142
omitted,transfer,reverse,copy,repeat,0.5,57,specimen_57,30,135,0.5,0.43847644379537815,0.4356609561975601
omitted,transfer,reverse,copy,repeat,0.5,57,specimen_57,30,135,1.0,0.47581160655380456,0.45328690758247
omitted,transfer,reverse,copy,repeat,0.5,57,specimen_57,30,180,0.5,0.2851778979733448,0.07269278026625459
omitted,transfer,reverse,copy,repeat,0.5,57,specimen_57,30,180,1.0,0.27626235398673743,0.053030950823566375
omitted,transfer,reverse,copy,repeat,0.5,57,specimen_57,30,225,0.5,0.4189177794893433,0.4236838993558811
omitted,transfer,reverse,copy,repeat,0.5,57,specimen_57,30,225,1.0,0.4008240141943659,0.43071105135950755
omitted,transfer,reverse,copy,repeat,0.5,57,specimen_57,30,270,0.5,0.6131227019255208,2.1471577404282773
omitted,transfer,reverse,copy,repeat,0.5,57,specimen_57,30,270,1.0,0.6160025919877308,1.8425539973955218
omitted,transfer,reverse,copy,repeat,0.5,57,specimen_57,30,315,0.5,0.368812197549659,0.3285044620914948
omitted,transfer,reverse,copy,repeat,0.5,57,specimen_57,30,315,1.0,0.41142503608355097,0.3860967764393592
omitted,transfer,reverse,copy,repeat,0.5,57,specimen_57,50,45,0.5,0.7434876474343791,2.2848186490490416
omitted,transfer,reverse,copy,repeat,0.5,57,specimen_57,50,45,1.0,0.7628295929266283,1.980558362304166
omitted,transfer,reverse,copy,repeat,0.5,57,specimen_57,50,90,1.0,0.902917903611069,2.4456816900549345
omitted,transfer,reverse,copy,repeat,0.5,57,specimen_57,50,135,0.5,0.7714938532001449,2.1266155547086663
omitted,transfer,reverse,copy,repeat,0.5,57,specimen_57,50,135,1.0,0.7486923525881236,1.867052674811387
omitted,transfer,reverse,copy,repeat,0.5,57,specimen_57,50,180,0.5,0.366161940261082,0.39514065920270586
omitted,transfer,reverse,copy,repeat,0.5,57,specimen_57,50,180,1.0,0.38252876047957846,0.44113901033743935
omitted,transfer,reverse,copy,repeat,0.5,57,specimen_57,50,225,0.5,0.6182017659479886,1.5383013727043668
omitted,transfer,reverse,copy,repeat,0.5,57,specimen_57,50,225,1.0,0.5734058933583307,1.4026277564551075
omitted,transfer,reverse,copy,repeat,0.5,57,specimen_57,50,270,0.5,0.8212517156705834,2.0875605811891473
omitted,transfer,reverse,copy,repeat,0.5,57,specimen_57,50,270,1.0,0.7585951437733615,1.7269172773711232
omitted,transfer,reverse,copy,repeat,0.5,57,specimen_57,50,315,0.5,0.6470128734157491,1.5467427477087152
omitted,transfer,reverse,copy,repeat,0.5,57,specimen_57,50,315,1.0,0.6340237912616214,1.4816620463616528
omitted,transfer,reverse,copy,single,0.5,10,specimen_10,30,45,0.5,0.6390409676894849,0.13792320576238748
omitted,transfer,reverse,copy,single,0.5,10,specimen_10,30,45,1.0,0.5864927570443204,0.27767556546395555
omitted,transfer,reverse,copy,single,0.5,10,specimen_10,30,90,1.0,0.7333417831698812,0.5094535922713954
omitted,transfer,reverse,copy,single,0.5,10,specimen_10,30,135,0.5,0.5547830393212615,0.1083359108458154
omitted,transfer,reverse,copy,single,0.5,10,specimen_10,30,135,1.0,0.5322777746475101,0.13386289223385117
omitted,transfer,reverse,copy,single,0.5,10,specimen_10,30,180,0.5,0.40326569225698644,0.36994668554275456
omitted,transfer,reverse,copy,single,0.5,10,specimen_10,30,180,1.0,0.3810593873024409,0.3550193914800669
omitted,transfer,reverse,copy,single,0.5,10,specimen_10,30,225,0.5,0.6308393734895845,0.13383347240142152
omitted,transfer,reverse,copy,single,0.5,10,specimen_10,30,225,1.0,0.5285007828203211,0.08015117465277877
omitted,transfer,reverse,copy,single,0.5,10,specimen_10,30,270,0.5,0.8518417678112659,0.6717750725418075
omitted,transfer,reverse,copy,single,0.5,10,specimen_10,30,270,1.0,0.7807821194760148,0.2699692336883537
omitted,transfer,reverse,copy,single,0.5,10,specimen_10,30,315,0.5,0.552627922890559,0.013426672639583637
omitted,transfer,reverse,copy,single,0.5,10,specimen_10,30,315,1.0,0.5395031611816185,0.05237460711599318
omitted,transfer,reverse,copy,single,0.5,10,specimen_10,50,45,0.5,0.5210753557634958,1.1915955759265229
omitted,transfer,reverse,copy,single,0.5,10,specimen_10,50,45,1.0,0.4916962824853714,1.1493503355460741
omitted,transfer,reverse,copy,single,0.5,10,specimen_10,50,90,1.0,0.7487680899113922,1.0618823007559495
omitted,transfer,reverse,copy,single,0.5,10,specimen_10,50,135,0.5,0.5569045578715409,1.6744445834710868
omitted,transfer,reverse,copy,single,0.5,10,specimen_10,50,135,1.0,0.5620776404593731,1.126014681541646
omitted,transfer,reverse,copy,single,0.5,10,specimen_10,50,180,0.5,0.3717863186280274,0.05450082638262699
omitted,transfer,reverse,copy,single,0.5,10,specimen_10,50,180,1.0,0.3288258624200238,0.1272554042190669
omitted,transfer,reverse,copy,single,0.5,10,specimen_10,50,225,0.5,0.5348050198532207,0.8989025823598975
omitted,transfer,reverse,copy,single,0.5,10,specimen_10,50,225,1.0,0.4761130045873809,0.8440099925027098
omitted,transfer,reverse,copy,single,0.5,10,specimen_10,50,270,0.5,0.7562788997253417,1.2137866399638764
omitted,transfer,reverse,copy,single,0.5,10,specimen_10,50,270,1.0,0.7142037115454074,0.8742982077814245
omitted,transfer,reverse,copy,single,0.5,10,specimen_10,50,315,0.5,0.4990910552530736,0.6354768258415358
omitted,transfer,reverse,copy,single,0.5,10,specimen_10,50,315,1.0,0.5104220499315216,0.5212882377402501
omitted,transfer,reverse,copy,single,0.5,57,specimen_57,30,45,0.5,0.4474419461852883,0.5026434817214644
omitted,transfer,reverse,copy,single,0.5,57,specimen_57,30,45,1.0,0.4109527898713062,0.42897681329701964
omitted,transfer,reverse,copy,single,0.5,57,specimen_57,30,90,1.0,0.6218385556618454,1.125887582148797
omitted,transfer,reverse,copy,single,0.5,57,specimen_57,30,135,0.5,0.4306525164139028,0.42827739291421507
omitted,transfer,reverse,copy,single,0.5,57,specimen_57,30,135,1.0,0.469930777795545,0.4459033442991249
omitted,transfer,reverse,copy,single,0.5,57,specimen_57,30,180,0.5,0.2928489835325829,0.08007634354959964
omitted,transfer,reverse,copy,single,0.5,57,specimen_57,30,180,1.0,0.2861769998494183,0.06041451410691143
omitted,transfer,reverse,copy,single,0.5,57,specimen_57,30,225,0.5,0.41958877350107815,0.416300336072536
omitted,transfer,reverse,copy,single,0.5,57,specimen_57,30,225,1.0,0.3939847984271891,0.4233274880761625
omitted,transfer,reverse,copy,single,0.5,57,specimen_57,30,270,0.5,0.6092285607528164,2.1397741771449326
omitted,transfer,reverse,copy,single,0.5,57,specimen_57,30,270,1.0,0.6164653722864214,1.8351704341121768
omitted,transfer,reverse,copy,single,0.5,57,specimen_57,30,315,0.5,0.36695744532515856,0.32112089880814976
omitted,transfer,reverse,copy,single,0.5,57,specimen_57,30,315,1.0,0.4175250570090372,0.37871321315601414
omitted,transfer,reverse,copy,single,0.5,57,specimen_57,50,45,0.5,0.7373200799485947,2.2774350857656964
omitted,transfer,reverse,copy,single,0.5,57,specimen_57,50,45,1.0,0.7594737527558947,1.973174799020821
omitted,transfer,reverse,copy,single,0.5,57,specimen_57,50,90,1.0,0.9007666267739373,2.4382981267715893
omitted,transfer,reverse,copy,single,0.5,57,specimen_57,50,135,0.5,0.772864573750498,2.1192319914253215
omitted,transfer,reverse,copy,single,0.5,57,specimen_57,50,135,1.0,0.7489666769185294,1.859669111528042
omitted,transfer,reverse,copy,single,0.5,57,specimen_57,50,180,0.5,0.37506492828253973,0.3877570959193608
omitted,transfer,reverse,copy,single,0.5,57,specimen_57,50,180,1.0,0.402090823750288,0.4337554470540943
omitted,transfer,reverse,copy,single,0.5,57,specimen_57,50,225,0.5,0.6184835707673019,1.5309178094210218
omitted,transfer,reverse,copy,single,0.5,57,specimen_57,50,225,1.0,0.5720819893287279,1.3952441931717625
omitted,transfer,reverse,copy,single,0.5,57,specimen_57,50,270,0.5,0.8243013444203918,2.080177017905802
omitted,transfer,reverse,copy,single,0.5,57,specimen_57,50,270,1.0,0.7628611119206773,1.7195337140877782
omitted,transfer,reverse,copy,single,0.5,57,specimen_57,50,315,0.5,0.6481787838325482,1.5393591844253702
omitted,transfer,reverse,copy,single,0.5,57,specimen_57,50,315,1.0,0.6280515930185575,1.4742784830783078
omitted,transfer,reverse,encoder,direction,0.5,10,specimen_10,30,45,0.5,0.2693297912677129,0.23805305957656378
omitted,transfer,reverse,encoder,direction,0.5,10,specimen_10,30,45,1.0,0.2485818862915039,0.37323701871839465
omitted,transfer,reverse,encoder,direction,0.5,10,specimen_10,30,90,1.0,0.3662761449813843,0.6091645829211053
omitted,transfer,reverse,encoder,direction,0.5,10,specimen_10,30,135,0.5,0.19778258601824442,0.2600958609308683
omitted,transfer,reverse,encoder,direction,0.5,10,specimen_10,30,135,1.0,0.20560289422671,0.27905762260865236
omitted,transfer,reverse,encoder,direction,0.5,10,specimen_10,30,180,0.5,0.3573671480019887,0.1596854148198917
omitted,transfer,reverse,encoder,direction,0.5,10,specimen_10,30,180,1.0,0.3360513647397359,0.14707452556642528
omitted,transfer,reverse,encoder,direction,0.5,10,specimen_10,30,225,0.5,0.27874768773714703,0.07899665180398041
omitted,transfer,reverse,encoder,direction,0.5,10,specimen_10,30,225,1.0,0.21986931065718332,0.1307151483292822
omitted,transfer,reverse,encoder,direction,0.5,10,specimen_10,30,270,0.5,0.4178321858247121,0.84714680785906
omitted,transfer,reverse,encoder,direction,0.5,10,specimen_10,30,270,1.0,0.35148735841115314,0.44815025395952873
omitted,transfer,reverse,encoder,direction,0.5,10,specimen_10,30,315,0.5,0.22702201207478842,0.1343230027883053
omitted,transfer,reverse,encoder,direction,0.5,10,specimen_10,30,315,1.0,0.23523048063119253,0.09401291165878345
omitted,transfer,reverse,encoder,direction,0.5,10,specimen_10,50,45,0.5,0.3473142087459564,1.0416226807074158
omitted,transfer,reverse,encoder,direction,0.5,10,specimen_10,50,45,1.0,0.3419029613335927,0.9818190591218455
omitted,transfer,reverse,encoder,direction,0.5,10,specimen_10,50,90,1.0,0.4397859076658885,0.8602482168466515
omitted,transfer,reverse,encoder,direction,0.5,10,specimen_10,50,135,0.5,0.3283858895301819,1.5641342088235917
omitted,transfer,reverse,encoder,direction,0.5,10,specimen_10,50,135,1.0,0.31950268149375916,0.9965651207838274
omitted,transfer,reverse,encoder,direction,0.5,10,specimen_10,50,180,0.5,0.4210171600182851,0.07531629572657143
omitted,transfer,reverse,encoder,direction,0.5,10,specimen_10,50,180,1.0,0.4318845570087433,0.12752560428670445
omitted,transfer,reverse,encoder,direction,0.5,10,specimen_10,50,225,0.5,0.31638739506403607,0.9065402369139964
omitted,transfer,reverse,encoder,direction,0.5,10,specimen_10,50,225,1.0,0.2958063880602519,0.8428673516251878
omitted,transfer,reverse,encoder,direction,0.5,10,specimen_10,50,270,0.5,0.3872867226600647,1.161009295269894
omitted,transfer,reverse,encoder,direction,0.5,10,specimen_10,50,270,1.0,0.35962478319803876,0.8011089604126175
omitted,transfer,reverse,encoder,direction,0.5,10,specimen_10,50,315,0.5,0.28266746799151105,0.5697731713767128
omitted,transfer,reverse,encoder,direction,0.5,10,specimen_10,50,315,1.0,0.27694836258888245,0.44236894149302436
omitted,transfer,reverse,encoder,direction,0.5,57,specimen_57,30,45,0.5,0.2768179476261139,0.27663739948595834
omitted,transfer,reverse,encoder,direction,0.5,57,specimen_57,30,45,1.0,0.299712340037028,0.19719904890840922
omitted,transfer,reverse,encoder,direction,0.5,57,specimen_57,30,90,1.0,0.3604093591372172,0.8958928442598687
omitted,transfer,reverse,encoder,direction,0.5,57,specimen_57,30,135,0.5,0.33134042223294574,0.24476334314582826
omitted,transfer,reverse,encoder,direction,0.5,57,specimen_57,30,135,1.0,0.27360231677691144,0.2577438665290617
omitted,transfer,reverse,encoder,direction,0.5,57,specimen_57,30,180,0.5,0.40924418965975445,0.22232825576217718
omitted,transfer,reverse,encoder,direction,0.5,57,specimen_57,30,180,1.0,0.34659358859062195,0.20595448075229786
omitted,transfer,reverse,encoder,direction,0.5,57,specimen_57,30,225,0.5,0.29726863900820416,0.2708408024334172
omitted,transfer,reverse,encoder,direction,0.5,57,specimen_57,30,225,1.0,0.31614312529563904,0.2759146043245011
omitted,transfer,reverse,encoder,direction,0.5,57,specimen_57,30,270,0.5,0.3579327464103699,1.9678348714182057
omitted,transfer,reverse,encoder,direction,0.5,57,specimen_57,30,270,1.0,0.3745396633942922,1.662352935986527
omitted,transfer,reverse,encoder,direction,0.5,57,specimen_57,30,315,0.5,0.32001859943072003,0.13043393660701338
omitted,transfer,reverse,encoder,direction,0.5,57,specimen_57,30,315,1.0,0.2963010569413503,0.18584672538888272
omitted,transfer,reverse,encoder,direction,0.5,57,specimen_57,50,45,0.5,0.4274243315060933,1.9097635606912242
omitted,transfer,reverse,encoder,direction,0.5,57,specimen_57,50,45,1.0,0.40241072575251263,1.5859927266382368
omitted,transfer,reverse,encoder,direction,0.5,57,specimen_57,50,90,1.0,0.424097220102946,2.0227362688283925
omitted,transfer,reverse,encoder,direction,0.5,57,specimen_57,50,135,0.5,0.419964462518692,1.7771206314467072
omitted,transfer,reverse,encoder,direction,0.5,57,specimen_57,50,135,1.0,0.4249218702316284,1.5115409811880103
omitted,transfer,reverse,encoder,direction,0.5,57,specimen_57,50,180,0.5,0.5480620662371317,0.1250978170977116
omitted,transfer,reverse,encoder,direction,0.5,57,specimen_57,50,180,1.0,0.46562058726946515,0.16044557419202313
omitted,transfer,reverse,encoder,direction,0.5,57,specimen_57,50,225,0.5,0.43562745054562885,1.2599204117164262
omitted,transfer,reverse,encoder,direction,0.5,57,specimen_57,50,225,1.0,0.4702403247356415,1.1163773187402788
omitted,transfer,reverse,encoder,direction,0.5,57,specimen_57,50,270,0.5,0.4044861098130544,1.758655929294599
omitted,transfer,reverse,encoder,direction,0.5,57,specimen_57,50,270,1.0,0.3540741999944051,1.3929532860377902
omitted,transfer,reverse,encoder,direction,0.5,57,specimen_57,50,315,0.5,0.405033141374588,1.2235158279103395
omitted,transfer,reverse,encoder,direction,0.5,57,specimen_57,50,315,1.0,0.41972847779591876,1.1434369864262044
omitted,transfer,reverse,encoder,repeat,0.5,10,specimen_10,30,45,0.5,0.3113402823607127,0.20620375269883365
omitted,transfer,reverse,encoder,repeat,0.5,10,specimen_10,30,45,1.0,0.27166031797726947,0.3360900168110678
omitted,transfer,reverse,encoder,repeat,0.5,10,specimen_10,30,90,1.0,0.3856659730275472,0.5763682559472448
omitted,transfer,reverse,encoder,repeat,0.5,10,specimen_10,30,135,0.5,0.21281360586484274,0.23699131874269375
omitted,transfer,reverse,encoder,repeat,0.5,10,specimen_10,30,135,1.0,0.21845154960950217,0.24975614454022654
omitted,transfer,reverse,encoder,repeat,0.5,10,specimen_10,30,180,0.5,0.36888258655865985,0.1835254410006373
omitted,transfer,reverse,encoder,repeat,0.5,10,specimen_10,30,180,1.0,0.3391726315021515,0.17518233275738926
omitted,transfer,reverse,encoder,repeat,0.5,10,specimen_10,30,225,0.5,0.31733350952466327,0.055497506013820565
omitted,transfer,reverse,encoder,repeat,0.5,10,specimen_10,30,225,1.0,0.2376257727543513,0.10388992859418052
omitted,transfer,reverse,encoder,repeat,0.5,10,specimen_10,30,270,0.5,0.4404986600081126,0.8205298452400366
omitted,transfer,reverse,encoder,repeat,0.5,10,specimen_10,30,270,1.0,0.3677774469057719,0.41430135293995995
omitted,transfer,reverse,encoder,repeat,0.5,10,specimen_10,30,315,0.5,0.23589649299780527,0.1023713169944281
omitted,transfer,reverse,encoder,repeat,0.5,10,specimen_10,30,315,1.0,0.2426628122727076,0.05593590733512469
omitted,transfer,reverse,encoder,repeat,0.5,10,specimen_10,50,45,0.5,0.3664701183636983,0.9976169003689569
omitted,transfer,reverse,encoder,repeat,0.5,10,specimen_10,50,45,1.0,0.3468921482563019,0.9289913039757446
omitted,transfer,reverse,encoder,repeat,0.5,10,specimen_10,50,90,1.0,0.4592524766921997,0.8164142247575805
omitted,transfer,reverse,encoder,repeat,0.5,10,specimen_10,50,135,0.5,0.32694680492083233,1.5391729823555391
omitted,transfer,reverse,encoder,repeat,0.5,10,specimen_10,50,135,1.0,0.30795668562253314,0.9599149434820428
omitted,transfer,reverse,encoder,repeat,0.5,10,specimen_10,50,180,0.5,0.4259633819262187,0.05216615348355572
omitted,transfer,reverse,encoder,repeat,0.5,10,specimen_10,50,180,1.0,0.4252490699291229,0.08997306771287535
omitted,transfer,reverse,encoder,repeat,0.5,10,specimen_10,50,225,0.5,0.3369206686814626,0.8862827561068616
omitted,transfer,reverse,encoder,repeat,0.5,10,specimen_10,50,225,1.0,0.30732731024424237,0.8063486650205561
omitted,transfer,reverse,encoder,repeat,0.5,10,specimen_10,50,270,0.5,0.39476245641708374,1.1421291401626474
omitted,transfer,reverse,encoder,repeat,0.5,10,specimen_10,50,270,1.0,0.36527090271313983,0.7780423862374742
omitted,transfer,reverse,encoder,repeat,0.5,10,specimen_10,50,315,0.5,0.2777903576691945,0.5246278943243275
omitted,transfer,reverse,encoder,repeat,0.5,10,specimen_10,50,315,1.0,0.25745539863904315,0.3983414777430255
omitted,transfer,reverse,encoder,repeat,0.5,57,specimen_57,30,45,0.5,0.25759173929691315,0.3568923333703085
omitted,transfer,reverse,encoder,repeat,0.5,57,specimen_57,30,45,1.0,0.27715861797332764,0.27735569943742994
omitted,transfer,reverse,encoder,repeat,0.5,57,specimen_57,30,90,1.0,0.28481703996658325,0.9744703838886896
omitted,transfer,reverse,encoder,repeat,0.5,57,specimen_57,30,135,0.5,0.2714344759782155,0.3206063716633863
omitted,transfer,reverse,encoder,repeat,0.5,57,specimen_57,30,135,1.0,0.26680683096249896,0.33347031941510413
omitted,transfer,reverse,encoder,repeat,0.5,57,specimen_57,30,180,0.5,0.3135903726021449,0.14921605452663275
omitted,transfer,reverse,encoder,repeat,0.5,57,specimen_57,30,180,1.0,0.294893537958463,0.1342521140119796
omitted,transfer,reverse,encoder,repeat,0.5,57,specimen_57,30,225,0.5,0.2920081516106923,0.34405470771045893
omitted,transfer,reverse,encoder,repeat,0.5,57,specimen_57,30,225,1.0,0.29889996846516925,0.3470863989166852
omitted,transfer,reverse,encoder,repeat,0.5,57,specimen_57,30,270,0.5,0.33688544233640033,2.0377227759346948
omitted,transfer,reverse,encoder,repeat,0.5,57,specimen_57,30,270,1.0,0.31857872009277344,1.7300697813094945
omitted,transfer,reverse,encoder,repeat,0.5,57,specimen_57,30,315,0.5,0.33356331785519916,0.2050900200145168
omitted,transfer,reverse,encoder,repeat,0.5,57,specimen_57,30,315,1.0,0.27558013796806335,0.25723247608777117
omitted,transfer,reverse,encoder,repeat,0.5,57,specimen_57,50,45,0.5,0.44951464732487995,2.0211994546020597
omitted,transfer,reverse,encoder,repeat,0.5,57,specimen_57,50,45,1.0,0.4338517983754476,1.6999080518789278
omitted,transfer,reverse,encoder,repeat,0.5,57,specimen_57,50,90,1.0,0.49841153621673584,2.1450262015822794
omitted,transfer,reverse,encoder,repeat,0.5,57,specimen_57,50,135,0.5,0.44774864117304486,1.8892910788305712
omitted,transfer,reverse,encoder,repeat,0.5,57,specimen_57,50,135,1.0,0.4089661240577698,1.6261016751496096
omitted,transfer,reverse,encoder,repeat,0.5,57,specimen_57,50,180,0.5,0.4098028937975566,0.22424521190820249
omitted,transfer,reverse,encoder,repeat,0.5,57,specimen_57,50,180,1.0,0.33122262358665466,0.2649829781580743
omitted,transfer,reverse,encoder,repeat,0.5,57,specimen_57,50,225,0.5,0.42707522710164386,1.3608911368096976
omitted,transfer,reverse,encoder,repeat,0.5,57,specimen_57,50,225,1.0,0.3903750975926717,1.2183560797485864
omitted,transfer,reverse,encoder,repeat,0.5,57,specimen_57,50,270,0.5,0.487517108519872,1.8613603183088439
omitted,transfer,reverse,encoder,repeat,0.5,57,specimen_57,50,270,1.0,0.4073341985543569,1.4958971713093412
omitted,transfer,reverse,encoder,repeat,0.5,57,specimen_57,50,315,0.5,0.385540246963501,1.3243150464931641
omitted,transfer,reverse,encoder,repeat,0.5,57,specimen_57,50,315,1.0,0.3771453897158305,1.247322661564868
omitted,transfer,reverse,encoder,single,0.5,10,specimen_10,30,45,0.5,0.46943477789560956,0.08040776433188553
omitted,transfer,reverse,encoder,single,0.5,10,specimen_10,30,45,1.0,0.39215060075124103,0.2069738001278237
omitted,transfer,reverse,encoder,single,0.5,10,specimen_10,30,90,1.0,0.4985930224259694,0.44467166826378524
omitted,transfer,reverse,encoder,single,0.5,10,specimen_10,30,135,0.5,0.3195774058500926,0.12254908269522813
omitted,transfer,reverse,encoder,single,0.5,10,specimen_10,30,135,1.0,0.32654274503389996,0.13325386033380193
omitted,transfer,reverse,encoder,single,0.5,10,specimen_10,30,180,0.5,0.4500155846277873,0.2799996658945213
omitted,transfer,reverse,encoder,single,0.5,10,specimen_10,30,180,1.0,0.4211905101935069,0.275513658241794
omitted,transfer,reverse,encoder,single,0.5,10,specimen_10,30,225,0.5,0.4716804226239522,0.05194429566575576
omitted,transfer,reverse,encoder,single,0.5,10,specimen_10,30,225,1.0,0.36271876096725464,0.03850322784410076
omitted,transfer,reverse,encoder,single,0.5,10,specimen_10,30,270,0.5,0.5644079645474752,0.7163866117838044
omitted,transfer,reverse,encoder,single,0.5,10,specimen_10,30,270,1.0,0.47272732853889465,0.31102163144490647
omitted,transfer,reverse,encoder,single,0.5,10,specimen_10,30,315,0.5,0.3448225061098735,0.03563753887693566
omitted,transfer,reverse,encoder,single,0.5,10,specimen_10,30,315,1.0,0.35006849964459735,0.05937557182040665
omitted,transfer,reverse,encoder,single,0.5,10,specimen_10,50,45,0.5,0.47377730409304303,0.8230418643449479
omitted,transfer,reverse,encoder,single,0.5,10,specimen_10,50,45,1.0,0.41184454162915546,0.7657634250413642
omitted,transfer,reverse,encoder,single,0.5,10,specimen_10,50,90,1.0,0.5655111074447632,0.6224567474094741
omitted,transfer,reverse,encoder,single,0.5,10,specimen_10,50,135,0.5,0.3955073157946269,1.3752124552341474
omitted,transfer,reverse,encoder,single,0.5,10,specimen_10,50,135,1.0,0.3492364784081777,0.7945406229622402
omitted,transfer,reverse,encoder,single,0.5,10,specimen_10,50,180,0.5,0.4782649874687195,0.09784647498355858
omitted,transfer,reverse,encoder,single,0.5,10,specimen_10,50,180,1.0,0.4266778727372487,0.10235750398003436
omitted,transfer,reverse,encoder,single,0.5,10,specimen_10,50,225,0.5,0.46147627631823224,0.7528317945837962
omitted,transfer,reverse,encoder,single,0.5,10,specimen_10,50,225,1.0,0.3992382089296977,0.6769301121963421
omitted,transfer,reverse,encoder,single,0.5,10,specimen_10,50,270,0.5,0.48667381207148236,0.9982577128641603
omitted,transfer,reverse,encoder,single,0.5,10,specimen_10,50,270,1.0,0.44525686899820965,0.6341023373634661
omitted,transfer,reverse,encoder,single,0.5,10,specimen_10,50,315,0.5,0.3370668391386668,0.3743108249120381
omitted,transfer,reverse,encoder,single,0.5,10,specimen_10,50,315,1.0,0.27885984381039935,0.24948861012153423
omitted,transfer,reverse,encoder,single,0.5,57,specimen_57,30,45,0.5,0.2642226815223694,0.28845326616237754
omitted,transfer,reverse,encoder,single,0.5,57,specimen_57,30,45,1.0,0.29090221722920734,0.20885260086841909
omitted,transfer,reverse,encoder,single,0.5,57,specimen_57,30,90,1.0,0.3558422128359477,0.9028353595606765
omitted,transfer,reverse,encoder,single,0.5,57,specimen_57,30,135,0.5,0.3175387481848399,0.25730343073001244
omitted,transfer,reverse,encoder,single,0.5,57,specimen_57,30,135,1.0,0.26634569962819415,0.2652071507121583
omitted,transfer,reverse,encoder,single,0.5,57,specimen_57,30,180,0.5,0.37797937790552777,0.20628706058181231
omitted,transfer,reverse,encoder,single,0.5,57,specimen_57,30,180,1.0,0.32335372765858966,0.19109582968221137
omitted,transfer,reverse,encoder,single,0.5,57,specimen_57,30,225,0.5,0.2824805676937103,0.28768650557035597
omitted,transfer,reverse,encoder,single,0.5,57,specimen_57,30,225,1.0,0.3021555344263713,0.2894837827264105
omitted,transfer,reverse,encoder,single,0.5,57,specimen_57,30,270,0.5,0.3499648372332255,1.9780200983854694
omitted,transfer,reverse,encoder,single,0.5,57,specimen_57,30,270,1.0,0.37234969933827716,1.667179506489113
omitted,transfer,reverse,encoder,single,0.5,57,specimen_57,30,315,0.5,0.30562586585680646,0.14521735470593983
omitted,transfer,reverse,encoder,single,0.5,57,specimen_57,30,315,1.0,0.28986237446467084,0.1952937035406134
omitted,transfer,reverse,encoder,single,0.5,57,specimen_57,50,45,0.5,0.4221818645795186,1.9321735564756566
omitted,transfer,reverse,encoder,single,0.5,57,specimen_57,50,45,1.0,0.4003143807252248,1.6074349110568706
omitted,transfer,reverse,encoder,single,0.5,57,specimen_57,50,90,1.0,0.4316399892171224,2.0487975535767613
omitted,transfer,reverse,encoder,single,0.5,57,specimen_57,50,135,0.5,0.41722722848256427,1.8044484219924513
omitted,transfer,reverse,encoder,single,0.5,57,specimen_57,50,135,1.0,0.42046160499254864,1.5316015213881187
omitted,transfer,reverse,encoder,single,0.5,57,specimen_57,50,180,0.5,0.5171990791956583,0.14984021488174423
omitted,transfer,reverse,encoder,single,0.5,57,specimen_57,50,180,1.0,0.43218658367792767,0.1892217961606382
omitted,transfer,reverse,encoder,single,0.5,57,specimen_57,50,225,0.5,0.4260644018650055,1.2863096601273305
omitted,transfer,reverse,encoder,single,0.5,57,specimen_57,50,225,1.0,0.45079535245895386,1.143406553079427
omitted,transfer,reverse,encoder,single,0.5,57,specimen_57,50,270,0.5,0.4116912583510081,1.78433253688644
omitted,transfer,reverse,encoder,single,0.5,57,specimen_57,50,270,1.0,0.35846014817555744,1.410513518142175
omitted,transfer,reverse,encoder,single,0.5,57,specimen_57,50,315,0.5,0.39882759253184,1.2454843227749464
omitted,transfer,reverse,encoder,single,0.5,57,specimen_57,50,315,1.0,0.4140130976835887,1.1649504269998283
omitted,transfer,reverse,encoder_wrong_support,direction,0.5,10,specimen_10,30,45,0.5,0.2628881484270096,0.40005210409335196
omitted,transfer,reverse,encoder_wrong_support,direction,0.5,10,specimen_10,30,45,1.0,0.35201846559842426,0.5340327816418157
omitted,transfer,reverse,encoder_wrong_support,direction,0.5,10,specimen_10,30,90,1.0,0.37680978576342267,0.7675938349489376
omitted,transfer,reverse,encoder_wrong_support,direction,0.5,10,specimen_10,30,135,0.5,0.3617550532023112,0.4129568416438991
omitted,transfer,reverse,encoder_wrong_support,direction,0.5,10,specimen_10,30,135,1.0,0.35766520102818805,0.4338383950302585
omitted,transfer,reverse,encoder_wrong_support,direction,0.5,10,specimen_10,30,180,0.5,0.4073059856891632,0.048509804853017945
omitted,transfer,reverse,encoder_wrong_support,direction,0.5,10,specimen_10,30,180,1.0,0.42675236860911053,0.041481888721124315
omitted,transfer,reverse,encoder_wrong_support,direction,0.5,10,specimen_10,30,225,0.5,0.24074468513329825,0.2088419745259302
omitted,transfer,reverse,encoder_wrong_support,direction,0.5,10,specimen_10,30,225,1.0,0.31528491775194806,0.26057092216203037
omitted,transfer,reverse,encoder_wrong_support,direction,0.5,10,specimen_10,30,270,0.5,0.3603365123271942,0.9879707473815514
omitted,transfer,reverse,encoder_wrong_support,direction,0.5,10,specimen_10,30,270,1.0,0.35506366689999896,0.5852867161291744
omitted,transfer,reverse,encoder_wrong_support,direction,0.5,10,specimen_10,30,315,0.5,0.3581067423025767,0.28402134572575055
omitted,transfer,reverse,encoder_wrong_support,direction,0.5,10,specimen_10,30,315,1.0,0.3631616036097209,0.24289388568334594
omitted,transfer,reverse,encoder_wrong_support,direction,0.5,10,specimen_10,50,45,0.5,0.4458211461702983,1.312059031418521
omitted,transfer,reverse,encoder_wrong_support,direction,0.5,10,specimen_10,50,45,1.0,0.4961940348148346,1.2503032437299604
omitted,transfer,reverse,encoder_wrong_support,direction,0.5,10,specimen_10,50,90,1.0,0.4407891829808553,1.1344554233792234
omitted,transfer,reverse,encoder_wrong_support,direction,0.5,10,specimen_10,50,135,0.5,0.547360877195994,1.820468204058943
omitted,transfer,reverse,encoder_wrong_support,direction,0.5,10,specimen_10,50,135,1.0,0.5667368769645691,1.266021531768085
omitted,transfer,reverse,encoder_wrong_support,direction,0.5,10,specimen_10,50,180,0.5,0.48748881618181866,0.2799765281274483
omitted,transfer,reverse,encoder_wrong_support,direction,0.5,10,specimen_10,50,180,1.0,0.5343250234921774,0.3420805119234663
omitted,transfer,reverse,encoder_wrong_support,direction,0.5,10,specimen_10,50,225,0.5,0.3799883226553599,1.1160401652217724
omitted,transfer,reverse,encoder_wrong_support,direction,0.5,10,specimen_10,50,225,1.0,0.4387603998184204,1.0532780986376966
omitted,transfer,reverse,encoder_wrong_support,direction,0.5,10,specimen_10,50,270,0.5,0.3978993395964305,1.3804005319191432
omitted,transfer,reverse,encoder_wrong_support,direction,0.5,10,specimen_10,50,270,1.0,0.4339579939842224,1.035852760297907
omitted,transfer,reverse,encoder_wrong_support,direction,0.5,10,specimen_10,50,315,0.5,0.5049268205960592,0.8077684498929756
omitted,transfer,reverse,encoder_wrong_support,direction,0.5,10,specimen_10,50,315,1.0,0.5261989533901215,0.6785817216546173
omitted,transfer,reverse,encoder_wrong_support,direction,0.5,57,specimen_57,30,45,0.5,0.5198143819967905,0.11463835496917023
omitted,transfer,reverse,encoder_wrong_support,direction,0.5,57,specimen_57,30,45,1.0,0.5436785817146301,0.03640328598498821
omitted,transfer,reverse,encoder_wrong_support,direction,0.5,57,specimen_57,30,90,1.0,0.5751272638638815,0.7374635922320364
omitted,transfer,reverse,encoder_wrong_support,direction,0.5,57,specimen_57,30,135,0.5,0.5799334645271301,0.09190236243279744
omitted,transfer,reverse,encoder_wrong_support,direction,0.5,57,specimen_57,30,135,1.0,0.4945806662241618,0.10296309410745556
omitted,transfer,reverse,encoder_wrong_support,direction,0.5,57,specimen_57,30,180,0.5,0.7130135695139567,0.35795005339320735
omitted,transfer,reverse,encoder_wrong_support,direction,0.5,57,specimen_57,30,180,1.0,0.620165228843689,0.34060462875974035
omitted,transfer,reverse,encoder_wrong_support,direction,0.5,57,specimen_57,30,225,0.5,0.5150834619998932,0.14099547971146742
omitted,transfer,reverse,encoder_wrong_support,direction,0.5,57,specimen_57,30,225,1.0,0.5328424076239268,0.14605883049175292
omitted,transfer,reverse,encoder_wrong_support,direction,0.5,57,specimen_57,30,270,0.5,0.5483168363571167,1.8270109318957146
omitted,transfer,reverse,encoder_wrong_support,direction,0.5,57,specimen_57,30,270,1.0,0.5799453655878702,1.5252164738168812
omitted,transfer,reverse,encoder_wrong_support,direction,0.5,57,specimen_57,30,315,0.5,0.5385160545508066,0.019264406330431843
omitted,transfer,reverse,encoder_wrong_support,direction,0.5,57,specimen_57,30,315,1.0,0.5276407400767008,0.03696575136432023
omitted,transfer,reverse,encoder_wrong_support,direction,0.5,57,specimen_57,50,45,0.5,0.591762125492096,1.639327209980119
omitted,transfer,reverse,encoder_wrong_support,direction,0.5,57,specimen_57,50,45,1.0,0.5566361546516418,1.317508542030122
omitted,transfer,reverse,encoder_wrong_support,direction,0.5,57,specimen_57,50,90,1.0,0.5271536111831665,1.7485290622958207
omitted,transfer,reverse,encoder_wrong_support,direction,0.5,57,specimen_57,50,135,0.5,0.5802235007286072,1.5207866362113556
omitted,transfer,reverse,encoder_wrong_support,direction,0.5,57,specimen_57,50,135,1.0,0.6106052796045939,1.2420845702037528
omitted,transfer,reverse,encoder_wrong_support,direction,0.5,57,specimen_57,50,180,0.5,0.8606572945912679,0.09272829222092223
omitted,transfer,reverse,encoder_wrong_support,direction,0.5,57,specimen_57,50,180,1.0,0.7665400902430216,0.05410933344473867
omitted,transfer,reverse,encoder_wrong_support,direction,0.5,57,specimen_57,50,225,0.5,0.6022985180219015,1.0504204834086504
omitted,transfer,reverse,encoder_wrong_support,direction,0.5,57,specimen_57,50,225,1.0,0.6914493242899576,0.90596657172777
omitted,transfer,reverse,encoder_wrong_support,direction,0.5,57,specimen_57,50,270,0.5,0.4880295693874359,1.5392646926453495
omitted,transfer,reverse,encoder_wrong_support,direction,0.5,57,specimen_57,50,270,1.0,0.4907868107159932,1.1582094861525005
omitted,transfer,reverse,encoder_wrong_support,direction,0.5,57,specimen_57,50,315,0.5,0.5830029249191284,0.9855205493940767
omitted,transfer,reverse,encoder_wrong_support,direction,0.5,57,specimen_57,50,315,1.0,0.6002542575200399,0.9072242062646115
omitted,transfer,reverse,encoder_wrong_support,repeat,0.5,10,specimen_10,30,45,0.5,0.44161953528722125,0.48030703797770213
omitted,transfer,reverse,encoder_wrong_support,repeat,0.5,10,specimen_10,30,45,1.0,0.5415206352869669,0.6141894321708364
omitted,transfer,reverse,encoder_wrong_support,repeat,0.5,10,specimen_10,30,90,1.0,0.49006738265355426,0.8461713745777585
omitted,transfer,reverse,encoder_wrong_support,repeat,0.5,10,specimen_10,30,135,0.5,0.5661529103914896,0.48879987016145715
omitted,transfer,reverse,encoder_wrong_support,repeat,0.5,10,specimen_10,30,135,1.0,0.5619844992955526,0.5095648479163009
omitted,transfer,reverse,encoder_wrong_support,repeat,0.5,10,specimen_10,30,180,0.5,0.5447019934654236,0.04948302592829601
omitted,transfer,reverse,encoder_wrong_support,repeat,0.5,10,specimen_10,30,180,1.0,0.5604527791341146,0.05927798918133548
omitted,transfer,reverse,encoder_wrong_support,repeat,0.5,10,specimen_10,30,225,0.5,0.4079272250334422,0.2820558798029719
omitted,transfer,reverse,encoder_wrong_support,repeat,0.5,10,specimen_10,30,225,1.0,0.4988725582758586,0.33174271675421446
omitted,transfer,reverse,encoder_wrong_support,repeat,0.5,10,specimen_10,30,270,0.5,0.44973857204119366,1.0578586518980404
omitted,transfer,reverse,encoder_wrong_support,repeat,0.5,10,specimen_10,30,270,1.0,0.47261996070543927,0.6530035614521418
omitted,transfer,reverse,encoder_wrong_support,repeat,0.5,10,specimen_10,30,315,0.5,0.561165471871694,0.3586774291332539
omitted,transfer,reverse,encoder_wrong_support,repeat,0.5,10,specimen_10,30,315,1.0,0.5507469773292542,0.3142796363822344
omitted,transfer,reverse,encoder_wrong_support,repeat,0.5,10,specimen_10,50,45,0.5,0.633279542128245,1.4234949253293563
omitted,transfer,reverse,encoder_wrong_support,repeat,0.5,10,specimen_10,50,45,1.0,0.6976186831792196,1.3642185689706512
omitted,transfer,reverse,encoder_wrong_support,repeat,0.5,10,specimen_10,50,90,1.0,0.5469908714294434,1.25674535613311
omitted,transfer,reverse,encoder_wrong_support,repeat,0.5,10,specimen_10,50,135,0.5,0.762714684009552,1.9326386514428073
omitted,transfer,reverse,encoder_wrong_support,repeat,0.5,10,specimen_10,50,135,1.0,0.7820258935292562,1.3805822257296843
omitted,transfer,reverse,encoder_wrong_support,repeat,0.5,10,specimen_10,50,180,0.5,0.6067401568094889,0.37912392293793923
omitted,transfer,reverse,encoder_wrong_support,repeat,0.5,10,specimen_10,50,180,1.0,0.681751012802124,0.44661791588951744
omitted,transfer,reverse,encoder_wrong_support,repeat,0.5,10,specimen_10,50,225,0.5,0.575008749961853,1.2170108903150438
omitted,transfer,reverse,encoder_wrong_support,repeat,0.5,10,specimen_10,50,225,1.0,0.6387601296106974,1.1552568596460044
omitted,transfer,reverse,encoder_wrong_support,repeat,0.5,10,specimen_10,50,270,0.5,0.5398722986380259,1.4831049209333884
omitted,transfer,reverse,encoder_wrong_support,repeat,0.5,10,specimen_10,50,270,1.0,0.5971693992614746,1.1387966455694583
omitted,transfer,reverse,encoder_wrong_support,repeat,0.5,10,specimen_10,50,315,0.5,0.7074917356173197,0.9085676684758001
omitted,transfer,reverse,encoder_wrong_support,repeat,0.5,10,specimen_10,50,315,1.0,0.7362985014915466,0.7824673967932808
omitted,transfer,reverse,encoder_wrong_support,repeat,0.5,57,specimen_57,30,45,0.5,0.5689529577891032,0.0827890480914401
omitted,transfer,reverse,encoder_wrong_support,repeat,0.5,57,specimen_57,30,45,1.0,0.5997203787167867,0.032461294033340526
omitted,transfer,reverse,encoder_wrong_support,repeat,0.5,57,specimen_57,30,90,1.0,0.620314339796702,0.7046672652581759
omitted,transfer,reverse,encoder_wrong_support,repeat,0.5,57,specimen_57,30,135,0.5,0.6259084741274515,0.06879782024462289
omitted,transfer,reverse,encoder_wrong_support,repeat,0.5,57,specimen_57,30,135,1.0,0.5454935828844706,0.07366161603902976
omitted,transfer,reverse,encoder_wrong_support,repeat,0.5,57,specimen_57,30,180,0.5,0.7607068419456482,0.3817900795739529
omitted,transfer,reverse,encoder_wrong_support,repeat,0.5,57,specimen_57,30,180,1.0,0.6742729743321737,0.36871243595070435
omitted,transfer,reverse,encoder_wrong_support,repeat,0.5,57,specimen_57,30,225,0.5,0.560548722743988,0.11728612742642064
omitted,transfer,reverse,encoder_wrong_support,repeat,0.5,57,specimen_57,30,225,1.0,0.5805985927581787,0.11923361075665125
omitted,transfer,reverse,encoder_wrong_support,repeat,0.5,57,specimen_57,30,270,0.5,0.588287889957428,1.8003939692766908
omitted,transfer,reverse,encoder_wrong_support,repeat,0.5,57,specimen_57,30,270,1.0,0.6277925372123718,1.4913675727973128
omitted,transfer,reverse,encoder_wrong_support,repeat,0.5,57,specimen_57,30,315,0.5,0.587343434492747,0.05121609212430903
omitted,transfer,reverse,encoder_wrong_support,repeat,0.5,57,specimen_57,30,315,1.0,0.5841192404429117,0.025935003610497054
omitted,transfer,reverse,encoder_wrong_support,repeat,0.5,57,specimen_57,50,45,0.5,0.6255212624867758,1.59532142964166
omitted,transfer,reverse,encoder_wrong_support,repeat,0.5,57,specimen_57,50,45,1.0,0.5933453838030497,1.264680786884021
omitted,transfer,reverse,encoder_wrong_support,repeat,0.5,57,specimen_57,50,90,1.0,0.5597042044003805,1.7046950702067498
omitted,transfer,reverse,encoder_wrong_support,repeat,0.5,57,specimen_57,50,135,0.5,0.6110530893007914,1.495825409743303
omitted,transfer,reverse,encoder_wrong_support,repeat,0.5,57,specimen_57,50,135,1.0,0.6473158200581869,1.2054343929019682
omitted,transfer,reverse,encoder_wrong_support,repeat,0.5,57,specimen_57,50,180,0.5,0.9008227388064066,0.12031913515766328
omitted,transfer,reverse,encoder_wrong_support,repeat,0.5,57,specimen_57,50,180,1.0,0.8147677580515543,0.09948148734882419
omitted,transfer,reverse,encoder_wrong_support,repeat,0.5,57,specimen_57,50,225,0.5,0.630574643611908,1.0301630026015154
omitted,transfer,reverse,encoder_wrong_support,repeat,0.5,57,specimen_57,50,225,1.0,0.7311187982559204,0.8694478851231383
omitted,transfer,reverse,encoder_wrong_support,repeat,0.5,57,specimen_57,50,270,0.5,0.5080651243527731,1.5203845375381029
omitted,transfer,reverse,encoder_wrong_support,repeat,0.5,57,specimen_57,50,270,1.0,0.517587145169576,1.1351429119773575
omitted,transfer,reverse,encoder_wrong_support,repeat,0.5,57,specimen_57,50,315,0.5,0.6149415373802185,0.9403752723416914
omitted,transfer,reverse,encoder_wrong_support,repeat,0.5,57,specimen_57,50,315,1.0,0.6357762614885966,0.8631967425146126
omitted,transfer,reverse,encoder_wrong_support,single,0.5,10,specimen_10,30,45,0.5,0.2723986158768336,0.41186797076977105
omitted,transfer,reverse,encoder_wrong_support,single,0.5,10,specimen_10,30,45,1.0,0.3643721640110016,0.5456863336018255
omitted,transfer,reverse,encoder_wrong_support,single,0.5,10,specimen_10,30,90,1.0,0.37993605931599933,0.7745363502497455
omitted,transfer,reverse,encoder_wrong_support,single,0.5,10,specimen_10,30,135,0.5,0.3820490737756093,0.4254969292280833
omitted,transfer,reverse,encoder_wrong_support,single,0.5,10,specimen_10,30,135,1.0,0.3677232563495636,0.44130167921335506
omitted,transfer,reverse,encoder_wrong_support,single,0.5,10,specimen_10,30,180,0.5,0.42142266035079956,0.056722624380731224
omitted,transfer,reverse,encoder_wrong_support,single,0.5,10,specimen_10,30,180,1.0,0.440256804227829,0.050579805357887496
omitted,transfer,reverse,encoder_wrong_support,single,0.5,10,specimen_10,30,225,0.5,0.257949764529864,0.22568767766286899
omitted,transfer,reverse,encoder_wrong_support,single,0.5,10,specimen_10,30,225,1.0,0.33200106024742126,0.2741401005639398
omitted,transfer,reverse,encoder_wrong_support,single,0.5,10,specimen_10,30,270,0.5,0.3596334556738536,0.998155974348815
omitted,transfer,reverse,encoder_wrong_support,single,0.5,10,specimen_10,30,270,1.0,0.3574095865090688,0.5901132866317605
omitted,transfer,reverse,encoder_wrong_support,single,0.5,10,specimen_10,30,315,0.5,0.37772703170776367,0.29880476382467697
omitted,transfer,reverse,encoder_wrong_support,single,0.5,10,specimen_10,30,315,1.0,0.37229954202969867,0.25234086383507665
omitted,transfer,reverse,encoder_wrong_support,single,0.5,10,specimen_10,50,45,0.5,0.4641604920228322,1.3344690272029534
omitted,transfer,reverse,encoder_wrong_support,single,0.5,10,specimen_10,50,45,1.0,0.5167854428291321,1.2717454281485943
omitted,transfer,reverse,encoder_wrong_support,single,0.5,10,specimen_10,50,90,1.0,0.4506178597609202,1.1605167081275916
omitted,transfer,reverse,encoder_wrong_support,single,0.5,10,specimen_10,50,135,0.5,0.5762087901433309,1.8477959946046874
omitted,transfer,reverse,encoder_wrong_support,single,0.5,10,specimen_10,50,135,1.0,0.5880051652590433,1.2860820719681934
omitted,transfer,reverse,encoder_wrong_support,single,0.5,10,specimen_10,50,180,0.5,0.5020035008589426,0.3047189259114809
omitted,transfer,reverse,encoder_wrong_support,single,0.5,10,specimen_10,50,180,1.0,0.5577964385350546,0.37085673389208135
omitted,transfer,reverse,encoder_wrong_support,single,0.5,10,specimen_10,50,225,0.5,0.40446053942044574,1.1424294136326765
omitted,transfer,reverse,encoder_wrong_support,single,0.5,10,specimen_10,50,225,1.0,0.4677882393201192,1.080307332976845
omitted,transfer,reverse,encoder_wrong_support,single,0.5,10,specimen_10,50,270,0.5,0.4108802179495494,1.4060771395109846
omitted,transfer,reverse,encoder_wrong_support,single,0.5,10,specimen_10,50,270,1.0,0.4484374225139618,1.053412992402292
omitted,transfer,reverse,encoder_wrong_support,single,0.5,10,specimen_10,50,315,0.5,0.5296523074309031,0.8297369447575823
omitted,transfer,reverse,encoder_wrong_support,single,0.5,10,specimen_10,50,315,1.0,0.5492169260978699,0.7000951622282412
omitted,transfer,reverse,encoder_wrong_support,single,0.5,57,specimen_57,30,45,0.5,0.7466472585995992,0.06148748795786688
omitted,transfer,reverse,encoder_wrong_support,single,0.5,57,specimen_57,30,45,1.0,0.780120054880778,0.12985993260558273
omitted,transfer,reverse,encoder_wrong_support,single,0.5,57,specimen_57,30,90,1.0,0.7883074680964152,0.5729706775747164
omitted,transfer,reverse,encoder_wrong_support,single,0.5,57,specimen_57,30,135,0.5,0.803457776705424,0.04564441580284273
omitted,transfer,reverse,encoder_wrong_support,single,0.5,57,specimen_57,30,135,1.0,0.7183690071105957,0.04794899219081631
omitted,transfer,reverse,encoder_wrong_support,single,0.5,57,specimen_57,30,180,0.5,0.945830225944519,0.4782643044678369
omitted,transfer,reverse,encoder_wrong_support,single,0.5,57,specimen_57,30,180,1.0,0.860287626584371,0.4690437614351091
omitted,transfer,reverse,encoder_wrong_support,single,0.5,57,specimen_57,30,225,0.5,0.7256340781847636,0.043443194427692254
omitted,transfer,reverse,encoder_wrong_support,single,0.5,57,specimen_57,30,225,1.0,0.7470896045366923,0.04361778856492434
omitted,transfer,reverse,encoder_wrong_support,single,0.5,57,specimen_57,30,270,0.5,0.7504039406776428,1.6962507358204588
omitted,transfer,reverse,encoder_wrong_support,single,0.5,57,specimen_57,30,270,1.0,0.7890801032384237,1.3880878513022592
omitted,transfer,reverse,encoder_wrong_support,single,0.5,57,specimen_57,30,315,0.5,0.7737486561139425,0.1679492857277095
omitted,transfer,reverse,encoder_wrong_support,single,0.5,57,specimen_57,30,315,1.0,0.766019364198049,0.11642273211486986
omitted,transfer,reverse,encoder_wrong_support,single,0.5,57,specimen_57,50,45,0.5,0.7573314309120178,1.420746393617651
omitted,transfer,reverse,encoder_wrong_support,single,0.5,57,specimen_57,50,45,1.0,0.717411478360494,1.1014529079496407
omitted,transfer,reverse,encoder_wrong_support,single,0.5,57,specimen_57,50,90,1.0,0.6861439148585001,1.5107375928586435
omitted,transfer,reverse,encoder_wrong_support,single,0.5,57,specimen_57,50,135,0.5,0.735581656297048,1.3318648826219113
omitted,transfer,reverse,encoder_wrong_support,single,0.5,57,specimen_57,50,135,1.0,0.7726996342341105,1.0400600723821654
omitted,transfer,reverse,encoder_wrong_support,single,0.5,57,specimen_57,50,180,0.5,1.0673312743504841,0.2491912932846132
omitted,transfer,reverse,encoder_wrong_support,single,0.5,57,specimen_57,50,180,1.0,0.9798770745595297,0.2252394012191993
omitted,transfer,reverse,encoder_wrong_support,single,0.5,57,specimen_57,50,225,0.5,0.763494630654653,0.8967120410784499
omitted,transfer,reverse,encoder_wrong_support,single,0.5,57,specimen_57,50,225,1.0,0.8707548379898071,0.7400293322989243
omitted,transfer,reverse,encoder_wrong_support,single,0.5,57,specimen_57,50,270,0.5,0.6290733218193054,1.3765131102396158
omitted,transfer,reverse,encoder_wrong_support,single,0.5,57,specimen_57,50,270,1.0,0.6465609272321066,0.9912028631033493
omitted,transfer,reverse,encoder_wrong_support,single,0.5,57,specimen_57,50,315,0.5,0.7450796167055765,0.790058202929402
omitted,transfer,reverse,encoder_wrong_support,single,0.5,57,specimen_57,50,315,1.0,0.7667505343755087,0.7143438748931213
omitted,transfer,reverse,fixed_features,direction,0.5,10,specimen_10,30,45,0.5,0.25764555896077973,0.22641519360852025
omitted,transfer,reverse,fixed_features,direction,0.5,10,specimen_10,30,45,1.0,0.2578976325386771,0.3635668693801132
omitted,transfer,reverse,fixed_features,direction,0.5,10,specimen_10,30,90,1.0,0.3549934291488521,0.6431779373550292
omitted,transfer,reverse,fixed_features,direction,0.5,10,specimen_10,30,135,0.5,0.20492582628165745,0.3289853819500874
omitted,transfer,reverse,fixed_features,direction,0.5,10,specimen_10,30,135,1.0,0.1963516639682498,0.336158571310737
omitted,transfer,reverse,fixed_features,direction,0.5,10,specimen_10,30,180,0.5,0.34216047950215617,0.09380622326728194
omitted,transfer,reverse,fixed_features,direction,0.5,10,specimen_10,30,180,1.0,0.3303543914685501,0.09641871174913796
omitted,transfer,reverse,fixed_features,direction,0.5,10,specimen_10,30,225,0.5,0.2242000597998491,0.15246819783067767
omitted,transfer,reverse,fixed_features,direction,0.5,10,specimen_10,30,225,1.0,0.2058961739480685,0.19258512364251157
omitted,transfer,reverse,fixed_features,direction,0.5,10,specimen_10,30,270,0.5,0.3704896500439136,0.9127990161276787
omitted,transfer,reverse,fixed_features,direction,0.5,10,specimen_10,30,270,1.0,0.3299334251567392,0.5037182039146331
omitted,transfer,reverse,fixed_features,direction,0.5,10,specimen_10,30,315,0.5,0.2155015549677618,0.1446595608634309
omitted,transfer,reverse,fixed_features,direction,0.5,10,specimen_10,30,315,1.0,0.2204474204056719,0.1061824307269984
omitted,transfer,reverse,fixed_features,direction,0.5,10,specimen_10,50,45,0.5,0.3010567433060321,0.9118189013849454
omitted,transfer,reverse,fixed_features,direction,0.5,10,specimen_10,50,45,1.0,0.29535922095207556,0.8582692019297629
omitted,transfer,reverse,fixed_features,direction,0.5,10,specimen_10,50,90,1.0,0.3948753733271881,0.8342851746360433
omitted,transfer,reverse,fixed_features,direction,0.5,10,specimen_10,50,135,0.5,0.34047920917939045,1.5738313174252112
omitted,transfer,reverse,fixed_features,direction,0.5,10,specimen_10,50,135,1.0,0.31160654980244473,0.9912823504409761
omitted,transfer,reverse,fixed_features,direction,0.5,10,specimen_10,50,180,0.5,0.42893021412236126,0.02947175248845202
omitted,transfer,reverse,fixed_features,direction,0.5,10,specimen_10,50,180,1.0,0.39728509103626664,0.0697329276195987
omitted,transfer,reverse,fixed_features,direction,0.5,10,specimen_10,50,225,0.5,0.3211680214321418,0.8845159686156918
omitted,transfer,reverse,fixed_features,direction,0.5,10,specimen_10,50,225,1.0,0.2979400480272449,0.8031466702596812
omitted,transfer,reverse,fixed_features,direction,0.5,10,specimen_10,50,270,0.5,0.3583103361674727,1.1329598151058984
omitted,transfer,reverse,fixed_features,direction,0.5,10,specimen_10,50,270,1.0,0.3257493425035635,0.7756824463442437
omitted,transfer,reverse,fixed_features,direction,0.5,10,specimen_10,50,315,0.5,0.2821597417547776,0.4427647584515352
omitted,transfer,reverse,fixed_features,direction,0.5,10,specimen_10,50,315,1.0,0.2754842639101383,0.32150549756430824
omitted,transfer,reverse,fixed_features,direction,0.5,57,specimen_57,30,45,0.5,0.27494504305107353,0.2813531123849514
omitted,transfer,reverse,fixed_features,direction,0.5,57,specimen_57,30,45,1.0,0.30638660815329505,0.21679872332273808
omitted,transfer,reverse,fixed_features,direction,0.5,57,specimen_57,30,90,1.0,0.3692314983181542,0.9611382090053284
omitted,transfer,reverse,fixed_features,direction,0.5,57,specimen_57,30,135,0.5,0.30621986058221234,0.3233289746614794
omitted,transfer,reverse,fixed_features,direction,0.5,57,specimen_57,30,135,1.0,0.27015392021532275,0.33669461530790895
omitted,transfer,reverse,fixed_features,direction,0.5,57,specimen_57,30,180,0.5,0.347492038590953,0.14615564532796443
omitted,transfer,reverse,fixed_features,direction,0.5,57,specimen_57,30,180,1.0,0.30725445077667995,0.13170713913598023
omitted,transfer,reverse,fixed_features,direction,0.5,57,specimen_57,30,225,0.5,0.26890325608036103,0.35237239059987935
omitted,transfer,reverse,fixed_features,direction,0.5,57,specimen_57,30,225,1.0,0.2944997740114262,0.3564143892651579
omitted,transfer,reverse,fixed_features,direction,0.5,57,specimen_57,30,270,0.5,0.3117870447060607,2.0359182992377525
omitted,transfer,reverse,fixed_features,direction,0.5,57,specimen_57,30,270,1.0,0.34490291117960753,1.733355506700125
omitted,transfer,reverse,fixed_features,direction,0.5,57,specimen_57,30,315,0.5,0.2989634936142736,0.14856690535529193
omitted,transfer,reverse,fixed_features,direction,0.5,57,specimen_57,30,315,1.0,0.2845720167326672,0.2150896681493325
omitted,transfer,reverse,fixed_features,direction,0.5,57,specimen_57,50,45,0.5,0.42138608001615885,1.7899420786735112
omitted,transfer,reverse,fixed_features,direction,0.5,57,specimen_57,50,45,1.0,0.3955269329915569,1.4927548651839164
omitted,transfer,reverse,fixed_features,direction,0.5,57,specimen_57,50,90,1.0,0.41041041509341775,2.021846931928075
omitted,transfer,reverse,fixed_features,direction,0.5,57,specimen_57,50,135,0.5,0.4066594650742858,1.7897001487720732
omitted,transfer,reverse,fixed_features,direction,0.5,57,specimen_57,50,135,1.0,0.41899253882940757,1.5176164030178907
omitted,transfer,reverse,fixed_features,direction,0.5,57,specimen_57,50,180,0.5,0.5300305714811263,0.11002879048484471
omitted,transfer,reverse,fixed_features,direction,0.5,57,specimen_57,50,180,1.0,0.4722013010810726,0.14231715496938746
omitted,transfer,reverse,fixed_features,direction,0.5,57,specimen_57,50,225,0.5,0.4053063694797472,1.2531788033428164
omitted,transfer,reverse,fixed_features,direction,0.5,57,specimen_57,50,225,1.0,0.4590533984456718,1.1070407554230082
omitted,transfer,reverse,fixed_features,direction,0.5,57,specimen_57,50,270,0.5,0.4087607619461007,1.7447082423737812
omitted,transfer,reverse,fixed_features,direction,0.5,57,specimen_57,50,270,1.0,0.3486600748590378,1.380487273278353
omitted,transfer,reverse,fixed_features,direction,0.5,57,specimen_57,50,315,0.5,0.3611177258747141,1.11142880623985
omitted,transfer,reverse,fixed_features,direction,0.5,57,specimen_57,50,315,1.0,0.38697153456878514,1.0525686708464002
omitted,transfer,reverse,fixed_features,repeat,0.5,10,specimen_10,30,45,0.5,0.26840025042163074,0.2332866914611026
omitted,transfer,reverse,fixed_features,repeat,0.5,10,specimen_10,30,45,1.0,0.262301428602801,0.36991091035849677
omitted,transfer,reverse,fixed_features,repeat,0.5,10,specimen_10,30,90,1.0,0.36334742560353034,0.6488801616059362
omitted,transfer,reverse,fixed_features,repeat,0.5,10,specimen_10,30,135,0.5,0.19175929199396527,0.3342124978460024
omitted,transfer,reverse,fixed_features,repeat,0.5,10,specimen_10,30,135,1.0,0.19503138406403508,0.3412361525861014
omitted,transfer,reverse,fixed_features,repeat,0.5,10,specimen_10,30,180,0.5,0.32766320878253524,0.08923122288628271
omitted,transfer,reverse,fixed_features,repeat,0.5,10,specimen_10,30,180,1.0,0.31644195445068307,0.09202673605293088
omitted,transfer,reverse,fixed_features,repeat,0.5,10,specimen_10,30,225,0.5,0.2276195062081139,0.1568198305738524
omitted,transfer,reverse,fixed_features,repeat,0.5,10,specimen_10,30,225,1.0,0.20308436212503658,0.19659201962080908
omitted,transfer,reverse,fixed_features,repeat,0.5,10,specimen_10,30,270,0.5,0.3784741929861952,0.9178426601619702
omitted,transfer,reverse,fixed_features,repeat,0.5,10,specimen_10,30,270,1.0,0.3417299366950082,0.5082023427988148
omitted,transfer,reverse,fixed_features,repeat,0.5,10,specimen_10,30,315,0.5,0.20769195729231718,0.15112658891898523
omitted,transfer,reverse,fixed_features,repeat,0.5,10,specimen_10,30,315,1.0,0.21432776416986574,0.11193524443139269
omitted,transfer,reverse,fixed_features,repeat,0.5,10,specimen_10,50,45,0.5,0.29556619392076816,0.9216606341777294
omitted,transfer,reverse,fixed_features,repeat,0.5,10,specimen_10,50,45,1.0,0.28521119672623896,0.8675145198508749
omitted,transfer,reverse,fixed_features,repeat,0.5,10,specimen_10,50,90,1.0,0.40188382440568243,0.8430538082691517
omitted,transfer,reverse,fixed_features,repeat,0.5,10,specimen_10,50,135,0.5,0.3232357843137305,1.582236145876839
omitted,transfer,reverse,fixed_features,repeat,0.5,10,specimen_10,50,135,1.0,0.2991884249933061,0.9996776404224532
omitted,transfer,reverse,fixed_features,repeat,0.5,10,specimen_10,50,180,0.5,0.41405562561764325,0.037200857860736236
omitted,transfer,reverse,fixed_features,repeat,0.5,10,specimen_10,50,180,1.0,0.3847380726079328,0.0773792517442925
omitted,transfer,reverse,fixed_features,repeat,0.5,10,specimen_10,50,225,0.5,0.309928913307582,0.8917979677377904
omitted,transfer,reverse,fixed_features,repeat,0.5,10,specimen_10,50,225,1.0,0.2849783025380459,0.810071031331281
omitted,transfer,reverse,fixed_features,repeat,0.5,10,specimen_10,50,270,0.5,0.3651680624398008,1.1408444727475442
omitted,transfer,reverse,fixed_features,repeat,0.5,10,specimen_10,50,270,1.0,0.33127412149675156,0.7828693680617897
omitted,transfer,reverse,fixed_features,repeat,0.5,10,specimen_10,50,315,0.5,0.2609346640106267,0.4522721003079009
omitted,transfer,reverse,fixed_features,repeat,0.5,10,specimen_10,50,315,1.0,0.260140326724097,0.3300875383551968
omitted,transfer,reverse,fixed_features,repeat,0.5,57,specimen_57,30,45,0.5,0.2227435840252644,0.30275212976869725
omitted,transfer,reverse,fixed_features,repeat,0.5,57,specimen_57,30,45,1.0,0.26388814449692904,0.24260553050619116
omitted,transfer,reverse,fixed_features,repeat,0.5,57,specimen_57,30,90,1.0,0.3009327755199457,0.9897251147108569
omitted,transfer,reverse,fixed_features,repeat,0.5,57,specimen_57,30,135,0.5,0.26633683124335006,0.3480770882303016
omitted,transfer,reverse,fixed_features,repeat,0.5,57,specimen_57,30,135,1.0,0.2512753183189705,0.36557735368818817
omitted,transfer,reverse,fixed_features,repeat,0.5,57,specimen_57,30,180,0.5,0.29404129610518787,0.12293247530739737
omitted,transfer,reverse,fixed_features,repeat,0.5,57,specimen_57,30,180,1.0,0.27595483067186394,0.10483295994221417
omitted,transfer,reverse,fixed_features,repeat,0.5,57,specimen_57,30,225,0.5,0.2817848954024167,0.37399125320253906
omitted,transfer,reverse,fixed_features,repeat,0.5,57,specimen_57,30,225,1.0,0.2729328394085405,0.381418822407159
omitted,transfer,reverse,fixed_features,repeat,0.5,57,specimen_57,30,270,0.5,0.3239081186190154,2.0566818769328514
omitted,transfer,reverse,fixed_features,repeat,0.5,57,specimen_57,30,270,1.0,0.3202295492525062,1.7574864864457005
omitted,transfer,reverse,fixed_features,repeat,0.5,57,specimen_57,30,315,0.5,0.3133553735851868,0.16862133887838943
omitted,transfer,reverse,fixed_features,repeat,0.5,57,specimen_57,30,315,1.0,0.2603097136755788,0.23868128825823626
omitted,transfer,reverse,fixed_features,repeat,0.5,57,specimen_57,50,45,0.5,0.40390146630863794,1.8266109429982564
omitted,transfer,reverse,fixed_features,repeat,0.5,57,specimen_57,50,45,1.0,0.3766317529083925,1.5360801463627791
omitted,transfer,reverse,fixed_features,repeat,0.5,57,specimen_57,50,90,1.0,0.45477397068642084,2.0696849458379836
omitted,transfer,reverse,fixed_features,repeat,0.5,57,specimen_57,50,135,0.5,0.43298900598450324,1.831901377509751
omitted,transfer,reverse,fixed_features,repeat,0.5,57,specimen_57,50,135,1.0,0.3873693701260749,1.5660074587502282
omitted,transfer,reverse,fixed_features,repeat,0.5,57,specimen_57,50,180,0.5,0.4243523080028693,0.149848201742934
omitted,transfer,reverse,fixed_features,repeat,0.5,57,specimen_57,50,180,1.0,0.36722741548645105,0.18752421670963615
omitted,transfer,reverse,fixed_features,repeat,0.5,57,specimen_57,50,225,0.5,0.3914373087246062,1.2905504290854795
omitted,transfer,reverse,fixed_features,repeat,0.5,57,specimen_57,50,225,1.0,0.3950285759291532,1.149326644683502
omitted,transfer,reverse,fixed_features,repeat,0.5,57,specimen_57,50,270,0.5,0.4882626002375319,1.7808746328819691
omitted,transfer,reverse,fixed_features,repeat,0.5,57,specimen_57,50,270,1.0,0.39183834982616306,1.421545487764033
omitted,transfer,reverse,fixed_features,repeat,0.5,57,specimen_57,50,315,0.5,0.3389148682252003,1.1463556781924247
omitted,transfer,reverse,fixed_features,repeat,0.5,57,specimen_57,50,315,1.0,0.3337359492160319,1.0927385977678052
omitted,transfer,reverse,fixed_features,single,0.5,10,specimen_10,30,45,0.5,0.25391430388553177,0.23953216285977663
omitted,transfer,reverse,fixed_features,single,0.5,10,specimen_10,30,45,1.0,0.2535988770834811,0.3773589638342303
omitted,transfer,reverse,fixed_features,single,0.5,10,specimen_10,30,90,1.0,0.3576926844373373,0.6566650621522261
omitted,transfer,reverse,fixed_features,single,0.5,10,specimen_10,30,135,0.5,0.19872458201657328,0.34057472070260875
omitted,transfer,reverse,fixed_features,single,0.5,10,specimen_10,30,135,1.0,0.19680217841580813,0.3486423776029789
omitted,transfer,reverse,fixed_features,single,0.5,10,specimen_10,30,180,0.5,0.33111317967485315,0.08346475178051915
omitted,transfer,reverse,fixed_features,single,0.5,10,specimen_10,30,180,1.0,0.321174134001192,0.08531920190843667
omitted,transfer,reverse,fixed_features,single,0.5,10,specimen_10,30,225,0.5,0.2195556156681572,0.16217092370018032
omitted,transfer,reverse,fixed_features,single,0.5,10,specimen_10,30,225,1.0,0.203650389045925,0.2028710534310224
omitted,transfer,reverse,fixed_features,single,0.5,10,specimen_10,30,270,0.5,0.37197532557057666,0.9230438627538733
omitted,transfer,reverse,fixed_features,single,0.5,10,specimen_10,30,270,1.0,0.33369489986414763,0.5144000748262069
omitted,transfer,reverse,fixed_features,single,0.5,10,specimen_10,30,315,0.5,0.2110270648695086,0.1563636074701501
omitted,transfer,reverse,fixed_features,single,0.5,10,specimen_10,30,315,1.0,0.21598065318295823,0.1182550721436132
omitted,transfer,reverse,fixed_features,single,0.5,10,specimen_10,50,45,0.5,0.2950970730974558,0.9313824567593283
omitted,transfer,reverse,fixed_features,single,0.5,10,specimen_10,50,45,1.0,0.2876993672662295,0.8788757015513713
omitted,transfer,reverse,fixed_features,single,0.5,10,specimen_10,50,90,1.0,0.39883312271508586,0.854954722084959
omitted,transfer,reverse,fixed_features,single,0.5,10,specimen_10,50,135,0.5,0.3352146360097974,1.5921539413895722
omitted,transfer,reverse,fixed_features,single,0.5,10,specimen_10,50,135,1.0,0.3114224566369798,1.0110304438576576
omitted,transfer,reverse,fixed_features,single,0.5,10,specimen_10,50,180,0.5,0.41766677464135443,0.046233155858816155
omitted,transfer,reverse,fixed_features,single,0.5,10,specimen_10,50,180,1.0,0.3907605646847448,0.08768878874384511
omitted,transfer,reverse,fixed_features,single,0.5,10,specimen_10,50,225,0.5,0.30917559749919515,0.900278423772273
omitted,transfer,reverse,fixed_features,single,0.5,10,specimen_10,50,225,1.0,0.28876302654968006,0.8197897762120513
omitted,transfer,reverse,fixed_features,single,0.5,10,specimen_10,50,270,0.5,0.36194846804281644,1.1492085599587953
omitted,transfer,reverse,fixed_features,single,0.5,10,specimen_10,50,270,1.0,0.3307641017278134,0.7925530862728062
omitted,transfer,reverse,fixed_features,single,0.5,10,specimen_10,50,315,0.5,0.27412987559062,0.46068136535676507
omitted,transfer,reverse,fixed_features,single,0.5,10,specimen_10,50,315,1.0,0.2722021515366142,0.3399384632112681
omitted,transfer,reverse,fixed_features,single,0.5,57,specimen_57,30,45,0.5,0.22515081471167706,0.29662096464094345
omitted,transfer,reverse,fixed_features,single,0.5,57,specimen_57,30,45,1.0,0.2686668026693266,0.23478099014780796
omitted,transfer,reverse,fixed_features,single,0.5,57,specimen_57,30,90,1.0,0.3179153800467309,0.9806127700575016
omitted,transfer,reverse,fixed_features,single,0.5,57,specimen_57,30,135,0.5,0.26713552056573325,0.3397501411095354
omitted,transfer,reverse,fixed_features,single,0.5,57,specimen_57,30,135,1.0,0.24480249949771993,0.355727746232703
omitted,transfer,reverse,fixed_features,single,0.5,57,specimen_57,30,180,0.5,0.3053711317991345,0.1313162998183275
omitted,transfer,reverse,fixed_features,single,0.5,57,specimen_57,30,180,1.0,0.27809947681192,0.11456331860397481
omitted,transfer,reverse,fixed_features,single,0.5,57,specimen_57,30,225,0.5,0.26494688562607666,0.3657625302378822
omitted,transfer,reverse,fixed_features,single,0.5,57,specimen_57,30,225,1.0,0.2700608204531862,0.3719128274409272
omitted,transfer,reverse,fixed_features,single,0.5,57,specimen_57,30,270,0.5,0.31006678982243546,2.0487253720204817
omitted,transfer,reverse,fixed_features,single,0.5,57,specimen_57,30,270,1.0,0.3157937245176694,1.748229879059489
omitted,transfer,reverse,fixed_features,single,0.5,57,specimen_57,30,315,0.5,0.29569001229722003,0.16153460468074865
omitted,transfer,reverse,fixed_features,single,0.5,57,specimen_57,30,315,1.0,0.2573736943811821,0.23021913470591937
omitted,transfer,reverse,fixed_features,single,0.5,57,specimen_57,50,45,0.5,0.4015480186871662,1.8143010308837453
omitted,transfer,reverse,fixed_features,single,0.5,57,specimen_57,50,45,1.0,0.3708466227544452,1.5209652136087044
omitted,transfer,reverse,fixed_features,single,0.5,57,specimen_57,50,90,1.0,0.4308141247887489,2.052513425388538
omitted,transfer,reverse,fixed_features,single,0.5,57,specimen_57,50,135,0.5,0.41081880229687023,1.816012469503321
omitted,transfer,reverse,fixed_features,single,0.5,57,specimen_57,50,135,1.0,0.3864982807741458,1.547636996654561
omitted,transfer,reverse,fixed_features,single,0.5,57,specimen_57,50,180,0.5,0.4576416674563241,0.13381184380863398
omitted,transfer,reverse,fixed_features,single,0.5,57,specimen_57,50,180,1.0,0.4006834910324817,0.16930625189035364
omitted,transfer,reverse,fixed_features,single,0.5,57,specimen_57,50,225,0.5,0.38371007754213265,1.2746123610449422
omitted,transfer,reverse,fixed_features,single,0.5,57,specimen_57,50,225,1.0,0.41274479087648763,1.1313243907758588
omitted,transfer,reverse,fixed_features,single,0.5,57,specimen_57,50,270,0.5,0.45641253684012023,1.765195031871055
omitted,transfer,reverse,fixed_features,single,0.5,57,specimen_57,50,270,1.0,0.37192601770732353,1.4037280174876696
omitted,transfer,reverse,fixed_features,single,0.5,57,specimen_57,50,315,0.5,0.3342689637456176,1.132138158615644
omitted,transfer,reverse,fixed_features,single,0.5,57,specimen_57,50,315,1.0,0.34426224544727163,1.076200516226131
omitted,transfer,reverse,retrieval,direction,0.5,10,specimen_10,30,45,0.5,0.22924746466372672,0.18500801229721708
omitted,transfer,reverse,retrieval,direction,0.5,10,specimen_10,30,45,1.0,0.26149039048646555,0.3661362271864482
omitted,transfer,reverse,retrieval,direction,0.5,10,specimen_10,30,90,1.0,0.31967955161840367,0.2497832739973922
omitted,transfer,reverse,retrieval,direction,0.5,10,specimen_10,30,135,0.5,0.2124507488004148,0.11261466107389162
omitted,transfer,reverse,retrieval,direction,0.5,10,specimen_10,30,135,1.0,0.17895459770289937,0.11717040657395106
omitted,transfer,reverse,retrieval,direction,0.5,10,specimen_10,30,180,0.5,0.2007610015162141,0.13767985523527293
omitted,transfer,reverse,retrieval,direction,0.5,10,specimen_10,30,180,1.0,0.19441790444703702,0.07062166100405165
omitted,transfer,reverse,retrieval,direction,0.5,10,specimen_10,30,225,0.5,0.2375541623347938,0.0981504501917232
omitted,transfer,reverse,retrieval,direction,0.5,10,specimen_10,30,225,1.0,0.23904528688976137,0.020408588203180478
omitted,transfer,reverse,retrieval,direction,0.5,10,specimen_10,30,270,0.5,0.3769356235029111,0.5758129758912045
omitted,transfer,reverse,retrieval,direction,0.5,10,specimen_10,30,270,1.0,0.3250811855787744,0.2460400401704026
omitted,transfer,reverse,retrieval,direction,0.5,10,specimen_10,30,315,0.5,0.23816940462087585,0.012652195676638667
omitted,transfer,reverse,retrieval,direction,0.5,10,specimen_10,30,315,1.0,0.21732285006862476,0.07052914739523586
omitted,transfer,reverse,retrieval,direction,0.5,10,specimen_10,50,45,0.5,0.313322831494292,0.8764171143400099
omitted,transfer,reverse,retrieval,direction,0.5,10,specimen_10,50,45,1.0,0.3060396133229611,0.8786268101201498
omitted,transfer,reverse,retrieval,direction,0.5,10,specimen_10,50,90,1.0,0.3395251008170102,0.18391828180566083
omitted,transfer,reverse,retrieval,direction,0.5,10,specimen_10,50,135,0.5,0.29977429174399056,1.291526047459928
omitted,transfer,reverse,retrieval,direction,0.5,10,specimen_10,50,135,1.0,0.24827887578323193,0.6753826287277438
omitted,transfer,reverse,retrieval,direction,0.5,10,specimen_10,50,180,0.5,0.20509230773316708,0.25216791362087587
omitted,transfer,reverse,retrieval,direction,0.5,10,specimen_10,50,180,1.0,0.17753180852386083,0.23078354691830472
omitted,transfer,reverse,retrieval,direction,0.5,10,specimen_10,50,225,0.5,0.2746934612723357,0.7864790691257024
omitted,transfer,reverse,retrieval,direction,0.5,10,specimen_10,50,225,1.0,0.27803445414973377,0.7921618494833196
omitted,transfer,reverse,retrieval,direction,0.5,10,specimen_10,50,270,0.5,0.3477087163484452,0.6049456393832477
omitted,transfer,reverse,retrieval,direction,0.5,10,specimen_10,50,270,1.0,0.27016571152223423,0.42155904909129616
omitted,transfer,reverse,retrieval,direction,0.5,10,specimen_10,50,315,0.5,0.25846174332332283,0.411549440498411
omitted,transfer,reverse,retrieval,direction,0.5,10,specimen_10,50,315,1.0,0.25468978631513245,0.35252485386556076
omitted,transfer,reverse,retrieval,direction,0.5,57,specimen_57,30,45,0.5,0.2897130245105684,0.15095138632582816
omitted,transfer,reverse,retrieval,direction,0.5,57,specimen_57,30,45,1.0,0.31292139988402146,0.08975541967006406
omitted,transfer,reverse,retrieval,direction,0.5,57,specimen_57,30,90,1.0,0.44177440810156793,0.48425206572790536
omitted,transfer,reverse,retrieval,direction,0.5,57,specimen_57,30,135,0.5,0.3248473037947331,0.10794221421107475
omitted,transfer,reverse,retrieval,direction,0.5,57,specimen_57,30,135,1.0,0.32001511529288096,0.15290757182013104
omitted,transfer,reverse,retrieval,direction,0.5,57,specimen_57,30,180,0.5,0.24132221635031156,0.01396874459071068
omitted,transfer,reverse,retrieval,direction,0.5,57,specimen_57,30,180,1.0,0.22452765981604353,0.008135441748703537
omitted,transfer,reverse,retrieval,direction,0.5,57,specimen_57,30,225,0.5,0.32951164278499917,0.1002859322443187
omitted,transfer,reverse,retrieval,direction,0.5,57,specimen_57,30,225,1.0,0.31723429931306696,0.14394397381160873
omitted,transfer,reverse,retrieval,direction,0.5,57,specimen_57,30,270,0.5,0.42040854023225877,1.5679018008803722
omitted,transfer,reverse,retrieval,direction,0.5,57,specimen_57,30,270,1.0,0.4417316272707997,1.258267131921736
omitted,transfer,reverse,retrieval,direction,0.5,57,specimen_57,30,315,0.5,0.35729727465211597,0.21974850381783395
omitted,transfer,reverse,retrieval,direction,0.5,57,specimen_57,30,315,1.0,0.3356704279991875,0.07589729963254166
omitted,transfer,reverse,retrieval,direction,0.5,57,specimen_57,50,45,0.5,0.4043401704598068,1.7002562844080154
omitted,transfer,reverse,retrieval,direction,0.5,57,specimen_57,50,45,1.0,0.4010507327765301,1.470559326898463
omitted,transfer,reverse,retrieval,direction,0.5,57,specimen_57,50,90,1.0,0.3868241730832696,1.385622701680016
omitted,transfer,reverse,retrieval,direction,0.5,57,specimen_57,50,135,0.5,0.40442875797834876,1.4365560450758195
omitted,transfer,reverse,retrieval,direction,0.5,57,specimen_57,50,135,1.0,0.38795289714942416,1.2856806961336147
omitted,transfer,reverse,retrieval,direction,0.5,57,specimen_57,50,180,0.5,0.322603345714407,0.42861838174031197
omitted,transfer,reverse,retrieval,direction,0.5,57,specimen_57,50,180,1.0,0.24907978259601285,0.44819684841394675
omitted,transfer,reverse,retrieval,direction,0.5,57,specimen_57,50,225,0.5,0.4174053986992144,0.9274829582233179
omitted,transfer,reverse,retrieval,direction,0.5,57,specimen_57,50,225,1.0,0.4384806720814274,0.840552802147426
omitted,transfer,reverse,retrieval,direction,0.5,57,specimen_57,50,270,0.5,0.3902378510349334,1.1038533747614454
omitted,transfer,reverse,retrieval,direction,0.5,57,specimen_57,50,270,1.0,0.35346288685402966,0.7905090213829411
omitted,transfer,reverse,retrieval,direction,0.5,57,specimen_57,50,315,0.5,0.3826841269412112,0.8563074327173352
omitted,transfer,reverse,retrieval,direction,0.5,57,specimen_57,50,315,1.0,0.36482634839937994,0.7744870034331566
omitted,transfer,reverse,retrieval,repeat,0.5,10,specimen_10,30,45,0.5,0.22924746466372672,0.18500801229721708
omitted,transfer,reverse,retrieval,repeat,0.5,10,specimen_10,30,45,1.0,0.26149039048646555,0.3661362271864482
omitted,transfer,reverse,retrieval,repeat,0.5,10,specimen_10,30,90,1.0,0.31967955161840367,0.2497832739973922
omitted,transfer,reverse,retrieval,repeat,0.5,10,specimen_10,30,135,0.5,0.2124507488004148,0.11261466107389162
omitted,transfer,reverse,retrieval,repeat,0.5,10,specimen_10,30,135,1.0,0.17895459770289937,0.11717040657395106
omitted,transfer,reverse,retrieval,repeat,0.5,10,specimen_10,30,180,0.5,0.2007610015162141,0.13767985523527293
omitted,transfer,reverse,retrieval,repeat,0.5,10,specimen_10,30,180,1.0,0.19441790444703702,0.07062166100405165
omitted,transfer,reverse,retrieval,repeat,0.5,10,specimen_10,30,225,0.5,0.2375541623347938,0.0981504501917232
omitted,transfer,reverse,retrieval,repeat,0.5,10,specimen_10,30,225,1.0,0.23904528688976137,0.020408588203180478
omitted,transfer,reverse,retrieval,repeat,0.5,10,specimen_10,30,270,0.5,0.3769356235029111,0.5758129758912045
omitted,transfer,reverse,retrieval,repeat,0.5,10,specimen_10,30,270,1.0,0.3250811855787744,0.2460400401704026
omitted,transfer,reverse,retrieval,repeat,0.5,10,specimen_10,30,315,0.5,0.23816940462087585,0.012652195676638667
omitted,transfer,reverse,retrieval,repeat,0.5,10,specimen_10,30,315,1.0,0.21732285006862476,0.07052914739523586
omitted,transfer,reverse,retrieval,repeat,0.5,10,specimen_10,50,45,0.5,0.313322831494292,0.8764171143400099
omitted,transfer,reverse,retrieval,repeat,0.5,10,specimen_10,50,45,1.0,0.3060396133229611,0.8786268101201498
omitted,transfer,reverse,retrieval,repeat,0.5,10,specimen_10,50,90,1.0,0.3395251008170102,0.18391828180566083
omitted,transfer,reverse,retrieval,repeat,0.5,10,specimen_10,50,135,0.5,0.29977429174399056,1.291526047459928
omitted,transfer,reverse,retrieval,repeat,0.5,10,specimen_10,50,135,1.0,0.24827887578323193,0.6753826287277438
omitted,transfer,reverse,retrieval,repeat,0.5,10,specimen_10,50,180,0.5,0.20509230773316708,0.25216791362087587
omitted,transfer,reverse,retrieval,repeat,0.5,10,specimen_10,50,180,1.0,0.17753180852386083,0.23078354691830472
omitted,transfer,reverse,retrieval,repeat,0.5,10,specimen_10,50,225,0.5,0.2746934612723357,0.7864790691257024
omitted,transfer,reverse,retrieval,repeat,0.5,10,specimen_10,50,225,1.0,0.27803445414973377,0.7921618494833196
omitted,transfer,reverse,retrieval,repeat,0.5,10,specimen_10,50,270,0.5,0.3477087163484452,0.6049456393832477
omitted,transfer,reverse,retrieval,repeat,0.5,10,specimen_10,50,270,1.0,0.27016571152223423,0.42155904909129616
omitted,transfer,reverse,retrieval,repeat,0.5,10,specimen_10,50,315,0.5,0.25846174332332283,0.411549440498411
omitted,transfer,reverse,retrieval,repeat,0.5,10,specimen_10,50,315,1.0,0.25468978631513245,0.35252485386556076
omitted,transfer,reverse,retrieval,repeat,0.5,57,specimen_57,30,45,0.5,0.2897130245105684,0.15095138632582816
omitted,transfer,reverse,retrieval,repeat,0.5,57,specimen_57,30,45,1.0,0.31292139988402146,0.08975541967006406
omitted,transfer,reverse,retrieval,repeat,0.5,57,specimen_57,30,90,1.0,0.44177440810156793,0.48425206572790536
omitted,transfer,reverse,retrieval,repeat,0.5,57,specimen_57,30,135,0.5,0.3248473037947331,0.10794221421107475
omitted,transfer,reverse,retrieval,repeat,0.5,57,specimen_57,30,135,1.0,0.32001511529288096,0.15290757182013104
omitted,transfer,reverse,retrieval,repeat,0.5,57,specimen_57,30,180,0.5,0.24132221635031156,0.01396874459071068
omitted,transfer,reverse,retrieval,repeat,0.5,57,specimen_57,30,180,1.0,0.22452765981604353,0.008135441748703537
omitted,transfer,reverse,retrieval,repeat,0.5,57,specimen_57,30,225,0.5,0.32951164278499917,0.1002859322443187
omitted,transfer,reverse,retrieval,repeat,0.5,57,specimen_57,30,225,1.0,0.31723429931306696,0.14394397381160873
omitted,transfer,reverse,retrieval,repeat,0.5,57,specimen_57,30,270,0.5,0.42040854023225877,1.5679018008803722
omitted,transfer,reverse,retrieval,repeat,0.5,57,specimen_57,30,270,1.0,0.4417316272707997,1.258267131921736
omitted,transfer,reverse,retrieval,repeat,0.5,57,specimen_57,30,315,0.5,0.35729727465211597,0.21974850381783395
omitted,transfer,reverse,retrieval,repeat,0.5,57,specimen_57,30,315,1.0,0.3356704279991875,0.07589729963254166
omitted,transfer,reverse,retrieval,repeat,0.5,57,specimen_57,50,45,0.5,0.4043401704598068,1.7002562844080154
omitted,transfer,reverse,retrieval,repeat,0.5,57,specimen_57,50,45,1.0,0.4010507327765301,1.470559326898463
omitted,transfer,reverse,retrieval,repeat,0.5,57,specimen_57,50,90,1.0,0.3868241730832696,1.385622701680016
omitted,transfer,reverse,retrieval,repeat,0.5,57,specimen_57,50,135,0.5,0.40442875797834876,1.4365560450758195
omitted,transfer,reverse,retrieval,repeat,0.5,57,specimen_57,50,135,1.0,0.38795289714942416,1.2856806961336147
omitted,transfer,reverse,retrieval,repeat,0.5,57,specimen_57,50,180,0.5,0.322603345714407,0.42861838174031197
omitted,transfer,reverse,retrieval,repeat,0.5,57,specimen_57,50,180,1.0,0.24907978259601285,0.44819684841394675
omitted,transfer,reverse,retrieval,repeat,0.5,57,specimen_57,50,225,0.5,0.4174053986992144,0.9274829582233179
omitted,transfer,reverse,retrieval,repeat,0.5,57,specimen_57,50,225,1.0,0.4384806720814274,0.840552802147426
omitted,transfer,reverse,retrieval,repeat,0.5,57,specimen_57,50,270,0.5,0.3902378510349334,1.1038533747614454
omitted,transfer,reverse,retrieval,repeat,0.5,57,specimen_57,50,270,1.0,0.35346288685402966,0.7905090213829411
omitted,transfer,reverse,retrieval,repeat,0.5,57,specimen_57,50,315,0.5,0.3826841269412112,0.8563074327173352
omitted,transfer,reverse,retrieval,repeat,0.5,57,specimen_57,50,315,1.0,0.36482634839937994,0.7744870034331566
omitted,transfer,reverse,retrieval,single,0.5,10,specimen_10,30,45,0.5,0.22924746466372672,0.18500801229721708
omitted,transfer,reverse,retrieval,single,0.5,10,specimen_10,30,45,1.0,0.26149039048646555,0.3661362271864482
omitted,transfer,reverse,retrieval,single,0.5,10,specimen_10,30,90,1.0,0.31967955161840367,0.2497832739973922
omitted,transfer,reverse,retrieval,single,0.5,10,specimen_10,30,135,0.5,0.2124507488004148,0.11261466107389162
omitted,transfer,reverse,retrieval,single,0.5,10,specimen_10,30,135,1.0,0.17895459770289937,0.11717040657395106
omitted,transfer,reverse,retrieval,single,0.5,10,specimen_10,30,180,0.5,0.2007610015162141,0.13767985523527293
omitted,transfer,reverse,retrieval,single,0.5,10,specimen_10,30,180,1.0,0.19441790444703702,0.07062166100405165
omitted,transfer,reverse,retrieval,single,0.5,10,specimen_10,30,225,0.5,0.2375541623347938,0.0981504501917232
omitted,transfer,reverse,retrieval,single,0.5,10,specimen_10,30,225,1.0,0.23904528688976137,0.020408588203180478
omitted,transfer,reverse,retrieval,single,0.5,10,specimen_10,30,270,0.5,0.3769356235029111,0.5758129758912045
omitted,transfer,reverse,retrieval,single,0.5,10,specimen_10,30,270,1.0,0.3250811855787744,0.2460400401704026
omitted,transfer,reverse,retrieval,single,0.5,10,specimen_10,30,315,0.5,0.23816940462087585,0.012652195676638667
omitted,transfer,reverse,retrieval,single,0.5,10,specimen_10,30,315,1.0,0.21732285006862476,0.07052914739523586
omitted,transfer,reverse,retrieval,single,0.5,10,specimen_10,50,45,0.5,0.313322831494292,0.8764171143400099
omitted,transfer,reverse,retrieval,single,0.5,10,specimen_10,50,45,1.0,0.3060396133229611,0.8786268101201498
omitted,transfer,reverse,retrieval,single,0.5,10,specimen_10,50,90,1.0,0.3395251008170102,0.18391828180566083
omitted,transfer,reverse,retrieval,single,0.5,10,specimen_10,50,135,0.5,0.29977429174399056,1.291526047459928
omitted,transfer,reverse,retrieval,single,0.5,10,specimen_10,50,135,1.0,0.24827887578323193,0.6753826287277438
omitted,transfer,reverse,retrieval,single,0.5,10,specimen_10,50,180,0.5,0.20509230773316708,0.25216791362087587
omitted,transfer,reverse,retrieval,single,0.5,10,specimen_10,50,180,1.0,0.17753180852386083,0.23078354691830472
omitted,transfer,reverse,retrieval,single,0.5,10,specimen_10,50,225,0.5,0.2746934612723357,0.7864790691257024
omitted,transfer,reverse,retrieval,single,0.5,10,specimen_10,50,225,1.0,0.27803445414973377,0.7921618494833196
omitted,transfer,reverse,retrieval,single,0.5,10,specimen_10,50,270,0.5,0.3477087163484452,0.6049456393832477
omitted,transfer,reverse,retrieval,single,0.5,10,specimen_10,50,270,1.0,0.27016571152223423,0.42155904909129616
omitted,transfer,reverse,retrieval,single,0.5,10,specimen_10,50,315,0.5,0.25846174332332283,0.411549440498411
omitted,transfer,reverse,retrieval,single,0.5,10,specimen_10,50,315,1.0,0.25468978631513245,0.35252485386556076
omitted,transfer,reverse,retrieval,single,0.5,57,specimen_57,30,45,0.5,0.2897130245105684,0.15095138632582816
omitted,transfer,reverse,retrieval,single,0.5,57,specimen_57,30,45,1.0,0.31292139988402146,0.08975541967006406
omitted,transfer,reverse,retrieval,single,0.5,57,specimen_57,30,90,1.0,0.44177440810156793,0.48425206572790536
omitted,transfer,reverse,retrieval,single,0.5,57,specimen_57,30,135,0.5,0.3248473037947331,0.10794221421107475
omitted,transfer,reverse,retrieval,single,0.5,57,specimen_57,30,135,1.0,0.32001511529288096,0.15290757182013104
omitted,transfer,reverse,retrieval,single,0.5,57,specimen_57,30,180,0.5,0.24132221635031156,0.01396874459071068
omitted,transfer,reverse,retrieval,single,0.5,57,specimen_57,30,180,1.0,0.22452765981604353,0.008135441748703537
omitted,transfer,reverse,retrieval,single,0.5,57,specimen_57,30,225,0.5,0.32951164278499917,0.1002859322443187
omitted,transfer,reverse,retrieval,single,0.5,57,specimen_57,30,225,1.0,0.31723429931306696,0.14394397381160873
omitted,transfer,reverse,retrieval,single,0.5,57,specimen_57,30,270,0.5,0.42040854023225877,1.5679018008803722
omitted,transfer,reverse,retrieval,single,0.5,57,specimen_57,30,270,1.0,0.4417316272707997,1.258267131921736
omitted,transfer,reverse,retrieval,single,0.5,57,specimen_57,30,315,0.5,0.35729727465211597,0.21974850381783395
omitted,transfer,reverse,retrieval,single,0.5,57,specimen_57,30,315,1.0,0.3356704279991875,0.07589729963254166
omitted,transfer,reverse,retrieval,single,0.5,57,specimen_57,50,45,0.5,0.4043401704598068,1.7002562844080154
omitted,transfer,reverse,retrieval,single,0.5,57,specimen_57,50,45,1.0,0.4010507327765301,1.470559326898463
omitted,transfer,reverse,retrieval,single,0.5,57,specimen_57,50,90,1.0,0.3868241730832696,1.385622701680016
omitted,transfer,reverse,retrieval,single,0.5,57,specimen_57,50,135,0.5,0.40442875797834876,1.4365560450758195
omitted,transfer,reverse,retrieval,single,0.5,57,specimen_57,50,135,1.0,0.38795289714942416,1.2856806961336147
omitted,transfer,reverse,retrieval,single,0.5,57,specimen_57,50,180,0.5,0.322603345714407,0.42861838174031197
omitted,transfer,reverse,retrieval,single,0.5,57,specimen_57,50,180,1.0,0.24907978259601285,0.44819684841394675
omitted,transfer,reverse,retrieval,single,0.5,57,specimen_57,50,225,0.5,0.4174053986992144,0.9274829582233179
omitted,transfer,reverse,retrieval,single,0.5,57,specimen_57,50,225,1.0,0.4384806720814274,0.840552802147426
omitted,transfer,reverse,retrieval,single,0.5,57,specimen_57,50,270,0.5,0.3902378510349334,1.1038533747614454
omitted,transfer,reverse,retrieval,single,0.5,57,specimen_57,50,270,1.0,0.35346288685402966,0.7905090213829411
omitted,transfer,reverse,retrieval,single,0.5,57,specimen_57,50,315,0.5,0.3826841269412112,0.8563074327173352
omitted,transfer,reverse,retrieval,single,0.5,57,specimen_57,50,315,1.0,0.36482634839937994,0.7744870034331566
omitted,transfer,reverse,speed_rescaling,direction,0.5,10,specimen_10,30,45,0.5,0.5226939478557958,0.19464424812593095
omitted,transfer,reverse,speed_rescaling,direction,0.5,10,specimen_10,30,45,1.0,0.5149804661887285,0.18143555228689523
omitted,transfer,reverse,speed_rescaling,direction,0.5,10,specimen_10,30,90,1.0,0.4085102142702519,0.974367543480511
omitted,transfer,reverse,speed_rescaling,direction,0.5,10,specimen_10,30,135,0.5,0.5144079023439573,0.9832120243834103
omitted,transfer,reverse,speed_rescaling,direction,0.5,10,specimen_10,30,135,1.0,0.4821568278461998,1.3499582435180553
omitted,transfer,reverse,speed_rescaling,direction,0.5,10,specimen_10,30,180,0.5,0.7623778898224307,1.4614946207719801
omitted,transfer,reverse,speed_rescaling,direction,0.5,10,specimen_10,30,180,1.0,0.7650683204972418,1.8388405272319734
omitted,transfer,reverse,speed_rescaling,direction,0.5,10,specimen_10,30,225,0.5,0.502419907487504,0.07711243003787804
omitted,transfer,reverse,speed_rescaling,direction,0.5,10,specimen_10,30,225,1.0,0.4834783945064851,0.1763911878298391
omitted,transfer,reverse,speed_rescaling,direction,0.5,10,specimen_10,30,270,0.5,0.6836630179833046,0.7284961149053509
omitted,transfer,reverse,speed_rescaling,direction,0.5,10,specimen_10,30,270,1.0,0.6913101027271621,0.17372922051129336
omitted,transfer,reverse,speed_rescaling,direction,0.5,10,specimen_10,30,315,0.5,0.4709245537059523,0.043294369723959836
omitted,transfer,reverse,speed_rescaling,direction,0.5,10,specimen_10,30,315,1.0,0.516065703390488,0.1486146202930535
omitted,transfer,reverse,speed_rescaling,direction,0.5,10,specimen_10,50,45,0.5,0.6729133888493598,1.1444280470401975
omitted,transfer,reverse,speed_rescaling,direction,0.5,10,specimen_10,50,45,1.0,0.646248807619932,0.9275702066551907
omitted,transfer,reverse,speed_rescaling,direction,0.5,10,specimen_10,50,90,1.0,0.4827659976561051,0.8023030188756979
omitted,transfer,reverse,speed_rescaling,direction,0.5,10,specimen_10,50,135,0.5,0.6020595201391415,0.26813278656145023
omitted,transfer,reverse,speed_rescaling,direction,0.5,10,specimen_10,50,135,1.0,0.5539008266503251,0.7381706380900013
omitted,transfer,reverse,speed_rescaling,direction,0.5,10,specimen_10,50,180,0.5,0.795481345331155,1.3518109705270096
omitted,transfer,reverse,speed_rescaling,direction,0.5,10,specimen_10,50,180,1.0,0.7842361817637068,1.7369299154125803
omitted,transfer,reverse,speed_rescaling,direction,0.5,10,specimen_10,50,225,0.5,0.6413702511270375,0.8517350534735723
omitted,transfer,reverse,speed_rescaling,direction,0.5,10,specimen_10,50,225,1.0,0.6393699411047098,0.6222298636118264
omitted,transfer,reverse,speed_rescaling,direction,0.5,10,specimen_10,50,270,0.5,0.7962498479824881,1.166619111077551
omitted,transfer,reverse,speed_rescaling,direction,0.5,10,specimen_10,50,270,1.0,0.7789218750720722,0.6525180788905411
omitted,transfer,reverse,speed_rescaling,direction,0.5,10,specimen_10,50,315,0.5,0.6171557778054864,0.5883092969552105
omitted,transfer,reverse,speed_rescaling,direction,0.5,10,specimen_10,50,315,1.0,0.6254504521714284,0.29950810884936674
omitted,transfer,reverse,speed_rescaling,direction,0.5,57,specimen_57,30,45,0.5,0.46545079249782734,0.5197241155979141
omitted,transfer,reverse,speed_rescaling,direction,0.5,57,specimen_57,30,45,1.0,0.43319759266803265,0.38656769509187
omitted,transfer,reverse,speed_rescaling,direction,0.5,57,specimen_57,30,90,1.0,0.5485409064707246,0.8291789873907103
omitted,transfer,reverse,speed_rescaling,direction,0.5,57,specimen_57,30,135,0.5,0.5853085284096823,1.1374288678980302
omitted,transfer,reverse,speed_rescaling,direction,0.5,57,specimen_57,30,135,1.0,0.6247832799679677,1.5091632252403824
omitted,transfer,reverse,speed_rescaling,direction,0.5,57,specimen_57,30,180,0.5,0.783358122507269,1.645782604361845
omitted,transfer,reverse,speed_rescaling,direction,0.5,57,specimen_57,30,180,1.0,0.8259673099628392,2.0154810836464185
omitted,transfer,reverse,speed_rescaling,direction,0.5,57,specimen_57,30,225,0.5,0.44985985833040026,0.4333809699489857
omitted,transfer,reverse,speed_rescaling,direction,0.5,57,specimen_57,30,225,1.0,0.4465394147696234,0.38091836987101285
omitted,transfer,reverse,speed_rescaling,direction,0.5,57,specimen_57,30,270,0.5,0.5430808208099741,2.156854811021382
omitted,transfer,reverse,speed_rescaling,direction,0.5,57,specimen_57,30,270,1.0,0.5006953016149759,1.7927613159070273
omitted,transfer,reverse,speed_rescaling,direction,0.5,57,specimen_57,30,315,0.5,0.42825732954127577,0.3382015326845994
omitted,transfer,reverse,speed_rescaling,direction,0.5,57,specimen_57,30,315,1.0,0.45676778349220776,0.3363040949508645
omitted,transfer,reverse,speed_rescaling,direction,0.5,57,specimen_57,50,45,0.5,0.7508977704497667,2.2598988420368835
omitted,transfer,reverse,speed_rescaling,direction,0.5,57,specimen_57,50,45,1.0,0.6722156059671726,1.8889342573209387
omitted,transfer,reverse,speed_rescaling,direction,0.5,57,specimen_57,50,90,1.0,0.5078850069529255,0.1152185426745902
omitted,transfer,reverse,speed_rescaling,direction,0.5,57,specimen_57,50,135,0.5,0.6743291281994997,0.24898286743069553
omitted,transfer,reverse,speed_rescaling,direction,0.5,57,specimen_57,50,135,1.0,0.7841661753298719,0.4634104725689574
omitted,transfer,reverse,speed_rescaling,direction,0.5,57,specimen_57,50,180,0.5,1.0000686055920032,1.482492028075265
omitted,transfer,reverse,speed_rescaling,direction,0.5,57,specimen_57,50,180,1.0,1.038977297753943,1.889324137042905
omitted,transfer,reverse,speed_rescaling,direction,0.5,57,specimen_57,50,225,0.5,0.7132498784142696,1.5133815656922085
omitted,transfer,reverse,speed_rescaling,direction,0.5,57,specimen_57,50,225,1.0,0.6824814036021958,1.3110036514718804
omitted,transfer,reverse,speed_rescaling,direction,0.5,57,specimen_57,50,270,0.5,0.7617271252933965,2.062640774176989
omitted,transfer,reverse,speed_rescaling,direction,0.5,57,specimen_57,50,270,1.0,0.6210487655550457,1.6352931723878958
omitted,transfer,reverse,speed_rescaling,direction,0.5,57,specimen_57,50,315,0.5,0.7076480088131131,1.5218229406965569
omitted,transfer,reverse,speed_rescaling,direction,0.5,57,specimen_57,50,315,1.0,0.6545119080887631,1.3900379413784254
omitted,transfer,reverse,speed_rescaling,repeat,0.5,10,specimen_10,30,45,0.5,0.49457105805004287,0.2923265942041897
omitted,transfer,reverse,speed_rescaling,repeat,0.5,10,specimen_10,30,45,1.0,0.4979142359479776,0.2994759958345087
omitted,transfer,reverse,speed_rescaling,repeat,0.5,10,specimen_10,30,90,1.0,0.6425632611354097,0.5312540226419485
omitted,transfer,reverse,speed_rescaling,repeat,0.5,10,specimen_10,30,135,0.5,0.47717247432006965,0.26273929928761763
omitted,transfer,reverse,speed_rescaling,repeat,0.5,10,specimen_10,30,135,1.0,0.4860572372411959,0.1556633226044043
omitted,transfer,reverse,speed_rescaling,repeat,0.5,10,specimen_10,30,180,0.5,0.3331737028752393,0.21554329710095232
omitted,transfer,reverse,speed_rescaling,repeat,0.5,10,specimen_10,30,180,1.0,0.35189142486461966,0.33321896110951377
omitted,transfer,reverse,speed_rescaling,repeat,0.5,10,specimen_10,30,225,0.5,0.4697071837191187,0.02056991604038072
omitted,transfer,reverse,speed_rescaling,repeat,0.5,10,specimen_10,30,225,1.0,0.4572992056938389,0.05835074428222564
omitted,transfer,reverse,speed_rescaling,repeat,0.5,10,specimen_10,30,270,0.5,0.663129023043522,0.8261784609836097
omitted,transfer,reverse,speed_rescaling,repeat,0.5,10,specimen_10,30,270,1.0,0.6783457216369113,0.2917696640589068
omitted,transfer,reverse,speed_rescaling,repeat,0.5,10,specimen_10,30,315,0.5,0.4447008465096487,0.1409767158022186
omitted,transfer,reverse,speed_rescaling,repeat,0.5,10,specimen_10,30,315,1.0,0.48684854118667564,0.03057417674544005
omitted,transfer,reverse,speed_rescaling,repeat,0.5,10,specimen_10,50,45,0.5,0.6843054919790655,1.2527239271354258
omitted,transfer,reverse,speed_rescaling,repeat,0.5,10,specimen_10,50,45,1.0,0.6634963263221884,1.0584361638525996
omitted,transfer,reverse,speed_rescaling,repeat,0.5,10,specimen_10,50,90,1.0,0.8325965851869199,0.970968129062475
omitted,transfer,reverse,speed_rescaling,repeat,0.5,10,specimen_10,50,135,0.5,0.6799555081593445,1.7355729346799897
omitted,transfer,reverse,speed_rescaling,repeat,0.5,10,specimen_10,50,135,1.0,0.6503704636234485,1.0351005098481716
omitted,transfer,reverse,speed_rescaling,repeat,0.5,10,specimen_10,50,180,0.5,0.4061846434113379,0.11562917759153002
omitted,transfer,reverse,speed_rescaling,repeat,0.5,10,specimen_10,50,180,1.0,0.3758757872588599,0.036341232525592404
omitted,transfer,reverse,speed_rescaling,repeat,0.5,10,specimen_10,50,225,0.5,0.6377896855477971,0.9600309335688005
omitted,transfer,reverse,speed_rescaling,repeat,0.5,10,specimen_10,50,225,1.0,0.6200466532647928,0.7530958208092353
omitted,transfer,reverse,speed_rescaling,repeat,0.5,10,specimen_10,50,270,0.5,0.780315344023118,1.2749149911727793
omitted,transfer,reverse,speed_rescaling,repeat,0.5,10,specimen_10,50,270,1.0,0.7720505162231546,0.78338403608795
omitted,transfer,reverse,speed_rescaling,repeat,0.5,10,specimen_10,50,315,0.5,0.6210230091663509,0.6966051770504388
omitted,transfer,reverse,speed_rescaling,repeat,0.5,10,specimen_10,50,315,1.0,0.6272792359486351,0.43037406604677564
omitted,transfer,reverse,speed_rescaling,repeat,0.5,57,specimen_57,30,45,0.5,0.5052396432704495,0.5345305348636997
omitted,transfer,reverse,speed_rescaling,repeat,0.5,57,specimen_57,30,45,1.0,0.4328003134701981,0.4044599383441465
omitted,transfer,reverse,speed_rescaling,repeat,0.5,57,specimen_57,30,90,1.0,0.5538516721305083,1.1013707071959238
omitted,transfer,reverse,speed_rescaling,repeat,0.5,57,specimen_57,30,135,0.5,0.4747463634441412,0.4601644460564504
omitted,transfer,reverse,speed_rescaling,repeat,0.5,57,specimen_57,30,135,1.0,0.5014027266591506,0.4213864693462518
omitted,transfer,reverse,speed_rescaling,repeat,0.5,57,specimen_57,30,180,0.5,0.2843502128954168,0.048189290407364305
omitted,transfer,reverse,speed_rescaling,repeat,0.5,57,specimen_57,30,180,1.0,0.31574273181766105,0.08493138905978456
omitted,transfer,reverse,speed_rescaling,repeat,0.5,57,specimen_57,30,225,0.5,0.46245489528583866,0.44818738921477136
omitted,transfer,reverse,speed_rescaling,repeat,0.5,57,specimen_57,30,225,1.0,0.4345368262545947,0.39881061312328936
omitted,transfer,reverse,speed_rescaling,repeat,0.5,57,specimen_57,30,270,0.5,0.5502303887822801,2.171661230287168
omitted,transfer,reverse,speed_rescaling,repeat,0.5,57,specimen_57,30,270,1.0,0.49444434134946585,1.8106535591593036
omitted,transfer,reverse,speed_rescaling,repeat,0.5,57,specimen_57,30,315,0.5,0.447457281585153,0.3530079519503851
omitted,transfer,reverse,speed_rescaling,repeat,0.5,57,specimen_57,30,315,1.0,0.44493088913902196,0.354196338203141
omitted,transfer,reverse,speed_rescaling,repeat,0.5,57,specimen_57,50,45,0.5,0.7761227742052924,2.275875167121638
omitted,transfer,reverse,speed_rescaling,repeat,0.5,57,specimen_57,50,45,1.0,0.6985161345424924,1.9082402278977963
omitted,transfer,reverse,speed_rescaling,repeat,0.5,57,specimen_57,50,90,1.0,0.782912510304262,2.373363555648565
omitted,transfer,reverse,speed_rescaling,repeat,0.5,57,specimen_57,50,135,0.5,0.8045655955730197,2.1176720727812626
omitted,transfer,reverse,speed_rescaling,repeat,0.5,57,specimen_57,50,135,1.0,0.7235474468633184,1.7947345404050172
omitted,transfer,reverse,speed_rescaling,repeat,0.5,57,specimen_57,50,180,0.5,0.37145964631459777,0.3861971772753021
omitted,transfer,reverse,speed_rescaling,repeat,0.5,57,specimen_57,50,180,1.0,0.3970753965248255,0.3688208759310697
omitted,transfer,reverse,speed_rescaling,repeat,0.5,57,specimen_57,50,225,0.5,0.7455160788418834,1.5293578907769632
omitted,transfer,reverse,speed_rescaling,repeat,0.5,57,specimen_57,50,225,1.0,0.6790525719793168,1.330309622048738
omitted,transfer,reverse,speed_rescaling,repeat,0.5,57,specimen_57,50,270,0.5,0.8045145752224173,2.0786170992617437
omitted,transfer,reverse,speed_rescaling,repeat,0.5,57,specimen_57,50,270,1.0,0.6647342223961031,1.6545991429647535
omitted,transfer,reverse,speed_rescaling,repeat,0.5,57,specimen_57,50,315,0.5,0.7431590455899424,1.5377992657813115
omitted,transfer,reverse,speed_rescaling,repeat,0.5,57,specimen_57,50,315,1.0,0.6765994631501039,1.409343911955283
omitted,transfer,reverse,speed_rescaling,single,0.5,10,specimen_10,30,45,0.5,0.5226939478557958,0.19464424812593095
omitted,transfer,reverse,speed_rescaling,single,0.5,10,specimen_10,30,45,1.0,0.5149804661887285,0.18143555228689523
omitted,transfer,reverse,speed_rescaling,single,0.5,10,specimen_10,30,90,1.0,0.6692999444132397,0.4132135790943351
omitted,transfer,reverse,speed_rescaling,single,0.5,10,specimen_10,30,135,0.5,0.4970851587878791,0.16505695320935887
omitted,transfer,reverse,speed_rescaling,single,0.5,10,specimen_10,30,135,1.0,0.5098672419640649,0.03762287905679085
omitted,transfer,reverse,speed_rescaling,single,0.5,10,specimen_10,30,180,0.5,0.3755612298720852,0.3132256431792111
omitted,transfer,reverse,speed_rescaling,single,0.5,10,specimen_10,30,180,1.0,0.4031730822515551,0.4512594046571272
omitted,transfer,reverse,speed_rescaling,single,0.5,10,specimen_10,30,225,0.5,0.502419907487504,0.07711243003787804
omitted,transfer,reverse,speed_rescaling,single,0.5,10,specimen_10,30,225,1.0,0.4834783945064851,0.1763911878298391
omitted,transfer,reverse,speed_rescaling,single,0.5,10,specimen_10,30,270,0.5,0.6836630179833046,0.7284961149053509
omitted,transfer,reverse,speed_rescaling,single,0.5,10,specimen_10,30,270,1.0,0.6913101027271621,0.17372922051129336
omitted,transfer,reverse,speed_rescaling,single,0.5,10,specimen_10,30,315,0.5,0.4709245537059523,0.043294369723959836
omitted,transfer,reverse,speed_rescaling,single,0.5,10,specimen_10,30,315,1.0,0.516065703390488,0.1486146202930535
omitted,transfer,reverse,speed_rescaling,single,0.5,10,specimen_10,50,45,0.5,0.6729133888493598,1.1444280470401975
omitted,transfer,reverse,speed_rescaling,single,0.5,10,specimen_10,50,45,1.0,0.646248807619932,0.9275702066551907
omitted,transfer,reverse,speed_rescaling,single,0.5,10,specimen_10,50,90,1.0,0.8213339986780689,0.8401021718650661
omitted,transfer,reverse,speed_rescaling,single,0.5,10,specimen_10,50,135,0.5,0.6657660461876719,1.6272770545847615
omitted,transfer,reverse,speed_rescaling,single,0.5,10,specimen_10,50,135,1.0,0.6330969282956159,0.9042345526507627
omitted,transfer,reverse,speed_rescaling,single,0.5,10,specimen_10,50,180,0.5,0.43942996831224557,0.007333297496301738
omitted,transfer,reverse,speed_rescaling,single,0.5,10,specimen_10,50,180,1.0,0.417957400764905,0.0945247246718165
omitted,transfer,reverse,speed_rescaling,single,0.5,10,specimen_10,50,225,0.5,0.6413702511270375,0.8517350534735723
omitted,transfer,reverse,speed_rescaling,single,0.5,10,specimen_10,50,225,1.0,0.6393699411047098,0.6222298636118264
omitted,transfer,reverse,speed_rescaling,single,0.5,10,specimen_10,50,270,0.5,0.7962498479824881,1.166619111077551
omitted,transfer,reverse,speed_rescaling,single,0.5,10,specimen_10,50,270,1.0,0.7789218750720722,0.6525180788905411
omitted,transfer,reverse,speed_rescaling,single,0.5,10,specimen_10,50,315,0.5,0.6171557778054864,0.5883092969552105
omitted,transfer,reverse,speed_rescaling,single,0.5,10,specimen_10,50,315,1.0,0.6254504521714284,0.29950810884936674
omitted,transfer,reverse,speed_rescaling,single,0.5,57,specimen_57,30,45,0.5,0.46545079249782734,0.5197241155979141
omitted,transfer,reverse,speed_rescaling,single,0.5,57,specimen_57,30,45,1.0,0.43319759266803265,0.38656769509187
omitted,transfer,reverse,speed_rescaling,single,0.5,57,specimen_57,30,90,1.0,0.55874301471162,1.0834784639436474
omitted,transfer,reverse,speed_rescaling,single,0.5,57,specimen_57,30,135,0.5,0.4733073223061912,0.4453580267906647
omitted,transfer,reverse,speed_rescaling,single,0.5,57,specimen_57,30,135,1.0,0.5078674183334596,0.4034942260939753
omitted,transfer,reverse,speed_rescaling,single,0.5,57,specimen_57,30,180,0.5,0.2975476996549638,0.06299570967314999
omitted,transfer,reverse,speed_rescaling,single,0.5,57,specimen_57,30,180,1.0,0.33253971040038305,0.10282363231206107
omitted,transfer,reverse,speed_rescaling,single,0.5,57,specimen_57,30,225,0.5,0.44985985833040026,0.4333809699489857
omitted,transfer,reverse,speed_rescaling,single,0.5,57,specimen_57,30,225,1.0,0.4465394147696234,0.38091836987101285
omitted,transfer,reverse,speed_rescaling,single,0.5,57,specimen_57,30,270,0.5,0.5430808208099741,2.156854811021382
omitted,transfer,reverse,speed_rescaling,single,0.5,57,specimen_57,30,270,1.0,0.5006953016149759,1.7927613159070273
omitted,transfer,reverse,speed_rescaling,single,0.5,57,specimen_57,30,315,0.5,0.42825732954127577,0.3382015326845994
omitted,transfer,reverse,speed_rescaling,single,0.5,57,specimen_57,30,315,1.0,0.45676778349220776,0.3363040949508645
omitted,transfer,reverse,speed_rescaling,single,0.5,57,specimen_57,50,45,0.5,0.7508977704497667,2.2598988420368835
omitted,transfer,reverse,speed_rescaling,single,0.5,57,specimen_57,50,45,1.0,0.6722156059671726,1.8889342573209387
omitted,transfer,reverse,speed_rescaling,single,0.5,57,specimen_57,50,90,1.0,0.7509302576883851,2.354057585071707
omitted,transfer,reverse,speed_rescaling,single,0.5,57,specimen_57,50,135,0.5,0.7740754920647546,2.101695747696508
omitted,transfer,reverse,speed_rescaling,single,0.5,57,specimen_57,50,135,1.0,0.7003749127145174,1.7754285698281596
omitted,transfer,reverse,speed_rescaling,single,0.5,57,specimen_57,50,180,0.5,0.37463471824830324,0.37022085219054757
omitted,transfer,reverse,speed_rescaling,single,0.5,57,specimen_57,50,180,1.0,0.40640662890245155,0.34951490535421204
omitted,transfer,reverse,speed_rescaling,single,0.5,57,specimen_57,50,225,0.5,0.7132498784142696,1.5133815656922085
omitted,transfer,reverse,speed_rescaling,single,0.5,57,specimen_57,50,225,1.0,0.6824814036021958,1.3110036514718804
omitted,transfer,reverse,speed_rescaling,single,0.5,57,specimen_57,50,270,0.5,0.7617271252933965,2.062640774176989
omitted,transfer,reverse,speed_rescaling,single,0.5,57,specimen_57,50,270,1.0,0.6210487655550457,1.6352931723878958
omitted,transfer,reverse,speed_rescaling,single,0.5,57,specimen_57,50,315,0.5,0.7076480088131131,1.5218229406965569
omitted,transfer,reverse,speed_rescaling,single,0.5,57,specimen_57,50,315,1.0,0.6545119080887631,1.3900379413784254
